20140814,85.05,85.10,84.92,85.02,253600,85.02
20140813,84.84,84.99,84.78,84.95,299700,84.95
20140812,84.73,84.82,84.68,84.69,159700,84.69
20140811,84.83,84.87,84.72,84.81,163400,84.81
20140808,84.92,85.04,84.75,84.80,217200,84.80
20140807,84.59,84.84,84.51,84.80,253400,84.80
20140806,84.65,84.70,84.53,84.56,350200,84.56
20140805,84.45,84.59,84.34,84.54,180100,84.54
20140804,84.48,84.60,84.46,84.51,179300,84.51
20140801,84.16,84.46,84.06,84.41,280400,84.41
20140731,84.12,84.32,84.00,84.23,297600,84.03
20140730,84.52,84.54,84.26,84.35,225100,84.15
20140729,84.78,84.82,84.63,84.77,185000,84.57
20140728,84.70,84.75,84.58,84.66,133000,84.46
20140725,84.73,84.77,84.62,84.74,289000,84.54
20140724,84.65,84.70,84.54,84.56,222300,84.36
20140723,84.86,84.89,84.79,84.82,283800,84.62
20140722,84.79,84.81,84.63,84.81,155800,84.61
20140721,84.73,84.83,84.66,84.72,218300,84.52
20140718,84.86,84.86,84.64,84.69,402300,84.49
20140717,84.65,84.84,84.54,84.82,185900,84.62
20140716,84.41,84.48,84.34,84.44,225300,84.24
20140715,84.42,84.60,84.31,84.44,244100,84.24
20140714,84.54,84.54,84.43,84.50,159700,84.30
20140711,84.59,84.65,84.53,84.60,126700,84.40
20140710,84.55,84.66,84.43,84.47,132400,84.27
20140709,84.30,84.46,84.10,84.34,238100,84.14
20140708,84.26,84.36,84.24,84.34,234100,84.14
20140707,84.01,84.13,83.99,84.10,184200,83.90
20140703,83.86,83.99,83.80,83.99,131400,83.79
20140702,84.29,84.29,84.01,84.03,174000,83.83
20140701,84.42,84.46,84.29,84.35,291500,84.15
20140630,84.74,84.78,84.61,84.69,129400,84.29
20140627,84.78,84.83,84.67,84.72,172000,84.32
20140626,84.64,84.76,84.61,84.69,127700,84.29
20140625,84.62,84.69,84.51,84.55,229700,84.15
20140624,84.37,84.45,84.23,84.45,173600,84.05
20140623,84.35,84.35,84.21,84.23,135300,83.83
20140620,84.12,84.24,84.05,84.23,175300,83.83
20140619,84.46,84.47,84.04,84.19,521500,83.79
20140618,84.05,84.28,83.93,84.28,300000,83.88
20140617,84.10,84.10,83.88,83.88,306000,83.49
20140616,84.23,84.25,84.13,84.21,390900,83.81
20140613,84.00,84.23,83.99,84.18,156500,83.78
20140612,84.12,84.34,84.05,84.34,325800,83.94
20140611,83.99,84.11,83.95,84.06,172000,83.66
20140610,84.00,84.04,83.91,84.01,400600,83.61
20140609,84.17,84.17,84.02,84.13,184700,83.73
20140606,84.40,84.42,84.16,84.24,295000,83.84
20140605,84.15,84.28,84.10,84.21,190900,83.81
20140604,84.22,84.22,84.04,84.12,161100,83.72
20140603,84.38,84.38,84.13,84.17,164300,83.77
20140602,84.60,84.64,84.33,84.47,234600,84.07
20140530,84.94,84.99,84.80,84.91,283700,84.31
20140529,85.12,85.31,84.93,84.99,275800,84.39
20140528,84.99,85.14,84.82,85.06,157000,84.46
20140527,84.78,84.79,84.53,84.71,207200,84.11
20140523,84.70,84.75,84.59,84.69,150600,84.09
20140522,84.66,84.66,84.51,84.56,205800,83.96
20140521,84.62,84.66,84.50,84.64,302900,84.04
20140520,84.61,84.77,84.59,84.72,208200,84.12
20140519,84.70,84.77,84.54,84.56,226100,83.96
20140516,84.63,84.72,84.57,84.62,181800,84.02
20140515,84.67,84.87,84.61,84.75,348500,84.15
20140514,84.40,84.65,84.39,84.53,152300,83.93
20140513,84.17,84.22,84.10,84.19,172400,83.59
20140512,84.02,84.02,83.91,83.94,133900,83.34
20140509,84.18,84.18,84.07,84.14,153800,83.54
20140508,84.15,84.27,84.05,84.17,309100,83.57
20140507,83.99,84.12,83.88,84.08,135700,83.48
20140506,83.92,84.00,83.87,83.99,204100,83.39
20140505,84.05,84.05,83.85,83.92,169000,83.32
20140502,83.70,84.06,83.60,83.98,450500,83.38
20140501,83.79,84.03,83.76,83.94,367600,83.34
20140430,83.82,83.95,83.69,83.92,190100,83.13
20140429,83.56,83.67,83.51,83.64,151200,82.85
20140428,83.64,83.78,83.50,83.62,233700,82.83
20140425,83.78,83.86,83.68,83.71,163300,82.92
20140424,83.56,83.68,83.55,83.63,382100,82.84
20140423,83.67,83.77,83.56,83.67,830600,82.88
20140422,83.53,83.53,83.34,83.50,271600,82.72
20140421,83.53,83.66,83.50,83.54,395400,82.76
20140417,83.81,83.81,83.42,83.45,1261200,82.67
20140416,83.83,83.88,83.74,83.80,193600,83.01
20140415,83.79,84.00,83.71,83.88,164500,83.09
20140414,83.82,83.87,83.73,83.78,168600,82.99
20140411,83.98,83.99,83.80,83.89,259800,83.10
20140410,83.68,83.99,83.63,83.88,246000,83.09
20140409,83.38,83.70,83.29,83.62,245700,82.83
20140408,83.46,83.54,83.32,83.54,198500,82.76
20140407,83.37,83.47,83.34,83.35,151100,82.57
20140404,83.12,83.27,83.07,83.24,224300,82.46
20140403,82.86,82.94,82.80,82.83,187700,82.05
20140402,82.91,82.99,82.75,82.80,178600,82.02
20140401,82.98,83.11,82.96,83.00,309100,82.22
20140331,83.13,83.33,83.10,83.33,227900,82.31
20140328,83.46,83.50,83.23,83.26,144700,82.24
20140327,83.34,83.54,83.32,83.46,309500,82.43
20140326,83.24,83.43,83.19,83.39,242800,82.36
20140325,83.12,83.24,83.06,83.17,182100,82.15
20140324,83.06,83.22,83.00,83.17,213000,82.15
20140321,83.01,83.23,83.00,83.19,225200,82.17
20140320,82.88,83.11,82.88,83.07,138800,82.05
20140319,83.57,83.63,82.83,83.09,193100,82.07
20140318,83.55,83.63,83.49,83.59,231900,82.56
20140317,83.61,83.65,83.45,83.52,251400,82.49
20140314,83.82,83.83,83.63,83.70,337500,82.67
20140313,83.22,83.72,83.17,83.67,187300,82.64
20140312,83.35,83.38,83.24,83.33,202000,82.31
20140311,83.06,83.20,83.00,83.11,182400,82.09
20140310,82.95,83.10,82.95,83.10,179300,82.08
20140307,83.05,83.14,82.99,83.03,282000,82.01
20140306,83.47,83.47,83.29,83.35,196600,82.33
20140305,83.52,83.65,83.45,83.60,178500,82.57
20140304,83.80,83.81,83.56,83.58,154300,82.55
20140303,83.90,83.94,83.71,83.92,144900,82.89
20140228,83.85,83.94,83.71,83.91,262400,82.69
20140227,83.88,83.99,83.86,83.98,123000,82.76
20140226,83.63,83.82,83.61,83.80,158600,82.58
20140225,83.50,83.67,83.42,83.65,133600,82.44
20140224,83.45,83.46,83.32,83.41,229700,82.20
20140221,83.24,83.44,83.24,83.40,296900,82.19
20140220,83.36,83.48,83.21,83.32,177800,82.11
20140219,83.73,83.73,83.41,83.46,210500,82.25
20140218,83.38,83.68,83.38,83.58,163000,82.37
20140214,83.48,83.48,83.36,83.45,134400,82.24
20140213,83.34,83.44,83.29,83.38,161300,82.17
20140212,83.18,83.23,83.06,83.15,290700,81.94
20140211,83.40,83.40,83.25,83.29,235900,82.08
20140210,83.48,83.52,83.41,83.51,186600,82.30
20140207,83.44,83.58,83.40,83.47,286200,82.26
20140206,83.30,83.37,83.25,83.35,234900,82.14
20140205,83.57,83.57,83.39,83.44,119800,82.23
20140204,83.56,83.64,83.50,83.61,167800,82.40
20140203,83.32,83.74,83.19,83.74,274400,82.53
20140131,83.43,83.59,83.41,83.50,170800,82.05
20140130,83.32,83.41,83.23,83.37,232900,81.92
20140129,83.30,83.48,83.18,83.37,233300,81.92
20140128,83.09,83.14,82.95,83.14,219500,81.70
20140127,83.03,83.15,82.92,83.00,6110500,81.56
20140124,83.08,83.21,82.98,83.10,198000,81.66
20140123,82.80,83.00,82.77,82.85,584700,81.41
20140122,82.59,82.73,82.56,82.61,256100,81.18
20140121,82.72,82.85,82.68,82.77,421400,81.33
20140117,82.69,82.80,82.61,82.80,268400,81.36
20140116,82.62,82.68,82.56,82.63,327300,81.20
20140115,82.39,82.49,82.33,82.46,245700,81.03
20140114,82.62,82.71,82.52,82.57,207300,81.14
20140113,82.64,82.82,82.64,82.71,295500,81.27
20140110,82.44,82.66,82.40,82.56,244300,81.13
20140109,81.93,82.06,81.84,82.03,305300,80.61
20140108,82.03,82.06,81.83,81.83,556900,80.41
20140107,82.25,82.27,82.15,82.21,365300,80.78
20140106,82.08,82.24,82.07,82.14,279700,80.71
20140103,81.93,82.13,81.93,81.97,271600,80.55
20140102,81.76,81.96,81.75,81.89,259300,80.47
20131231,81.81,81.95,81.63,81.70,395500,80.28
20131230,81.84,82.03,81.82,81.96,527900,80.54
20131227,81.75,81.88,81.70,81.82,398500,80.40
20131226,81.81,81.89,81.77,81.77,296200,80.35
20131224,81.99,82.00,81.85,81.90,141400,80.48
20131223,82.93,83.03,82.81,82.86,366600,80.63
20131220,82.97,83.14,82.96,83.04,238900,80.81
20131219,82.92,83.01,82.81,83.01,340500,80.78
20131218,83.14,83.51,82.96,83.21,383600,80.97
20131217,83.14,83.36,83.14,83.36,264600,81.12
20131216,83.19,83.26,83.06,83.16,379900,80.92
20131213,83.00,83.17,82.97,83.09,265400,80.86
20131212,83.06,83.10,82.94,83.00,614300,80.77
20131211,83.30,83.40,83.16,83.16,310800,80.92
20131210,83.31,83.39,83.23,83.38,286000,81.14
20131209,83.03,83.19,83.00,83.09,414800,80.86
20131206,82.95,83.09,82.86,83.02,274700,80.79
20131205,83.00,83.10,82.91,82.95,572800,80.72
20131204,83.01,83.17,83.00,83.10,195700,80.87
20131203,83.36,83.46,83.30,83.31,332700,81.07
20131202,83.36,83.42,83.18,83.28,309400,81.04
20131129,83.72,83.75,83.62,83.72,78000,81.27
20131127,83.85,83.85,83.55,83.77,291300,81.32
20131126,83.74,83.95,83.74,83.85,122600,81.39
20131125,83.63,83.79,83.63,83.79,311800,81.34
20131122,83.47,83.63,83.47,83.56,274000,81.11
20131121,83.29,83.50,83.17,83.41,405900,80.97
20131120,83.66,83.84,83.35,83.42,175700,80.98
20131119,83.87,83.93,83.68,83.75,516700,81.30
20131118,83.84,84.03,83.84,83.99,180200,81.53
20131115,83.90,83.90,83.62,83.84,201300,81.38
20131114,83.60,83.89,83.60,83.84,215100,81.38
20131113,83.48,83.60,83.42,83.53,187300,81.08
20131112,83.29,83.36,83.18,83.30,240300,80.86
20131111,83.37,83.46,83.22,83.33,394000,80.89
20131108,83.45,83.46,83.30,83.35,170000,80.91
20131107,84.03,84.13,83.94,84.00,159200,81.54
20131106,83.84,83.92,83.77,83.86,182700,81.40
20131105,83.82,83.83,83.55,83.63,445000,81.18
20131104,84.03,84.07,83.93,83.98,91900,81.52
20131101,84.11,84.17,83.85,83.90,297200,81.44
20131031,84.69,84.71,84.33,84.39,236700,81.71
20131030,84.69,84.86,84.38,84.57,332100,81.89
20131029,84.45,84.67,84.42,84.67,276000,81.98
20131028,84.47,84.63,84.45,84.52,274000,81.84
20131025,84.51,84.63,84.48,84.55,239100,81.87
20131024,84.62,84.69,84.44,84.47,170500,81.79
20131023,84.43,84.64,84.43,84.57,260500,81.89
20131022,84.37,84.50,84.26,84.49,260500,81.81
20131021,84.01,84.09,83.85,84.03,369400,81.36
20131018,84.06,84.06,83.93,84.02,141400,81.35
20131017,83.74,83.97,83.73,83.94,151900,81.28
20131016,83.08,83.49,83.06,83.47,148000,80.82
20131015,83.22,83.33,83.10,83.10,169000,80.46
20131014,83.38,83.41,83.06,83.17,103200,80.53
20131011,83.37,83.48,83.24,83.31,145800,80.67
20131010,83.15,83.28,83.03,83.28,201600,80.64
20131009,83.34,83.42,83.21,83.28,494200,80.64
20131008,83.30,83.44,83.25,83.33,146500,80.69
20131007,83.43,83.50,83.30,83.33,154000,80.69
20131004,83.42,83.42,83.20,83.26,93800,80.62
20131003,83.37,83.60,83.27,83.44,122100,80.79
20131002,83.38,83.47,83.28,83.34,260200,80.70
20131001,83.21,83.27,83.10,83.20,185300,80.56
20130930,83.43,83.54,83.31,83.50,166000,80.65
20130927,83.35,83.60,83.35,83.44,223500,80.59
20130926,83.42,83.44,83.29,83.35,184100,80.51
20130925,83.30,83.59,83.29,83.53,294600,80.68
20130924,83.19,83.36,83.08,83.28,173400,80.44
20130923,82.99,83.11,82.95,83.08,165800,80.25
20130920,82.93,83.08,82.88,82.95,128600,80.12
20130919,83.07,83.16,82.86,82.91,190900,80.08
20130918,82.15,83.19,81.91,82.99,209200,80.16
20130917,82.24,82.24,82.05,82.23,222800,79.43
20130916,82.47,82.56,82.03,82.03,423500,79.23
20130913,81.70,81.90,81.69,81.83,228900,79.04
20130912,81.89,81.98,81.67,81.69,345900,78.90
20130911,81.57,81.77,81.45,81.70,182500,78.91
20130910,81.50,81.67,81.41,81.41,215100,78.63
20130909,81.82,81.91,81.67,81.67,176500,78.88
20130906,81.67,81.83,81.47,81.60,161500,78.82
20130905,81.40,81.53,81.11,81.11,372700,78.34
20130904,81.89,81.98,81.70,81.77,282200,78.98
20130903,81.92,82.05,81.63,81.98,1236800,79.18
20130830,82.50,82.64,82.43,82.52,312800,79.50
20130829,82.32,82.60,82.21,82.53,323500,79.51
20130828,82.50,82.58,82.33,82.46,202100,79.44
20130827,82.48,82.70,82.42,82.69,136800,79.66
20130826,82.42,82.42,82.23,82.31,141300,79.30
20130823,81.84,82.23,81.69,82.20,278100,79.19
20130822,81.77,81.96,81.65,81.74,300200,78.75
20130821,82.10,82.24,81.80,81.86,396700,78.86
20130820,82.15,82.30,82.15,82.26,264000,79.25
20130819,82.04,82.11,81.85,81.88,352300,78.88
20130816,82.55,82.61,82.08,82.21,253100,79.20
20130815,82.48,82.71,82.36,82.52,290200,79.50
20130814,82.95,83.02,82.87,82.92,139900,79.88
20130813,83.12,83.12,82.83,82.92,182100,79.88
20130812,83.63,83.65,83.42,83.45,185300,80.39
20130809,83.50,83.64,83.47,83.62,136300,80.56
20130808,83.50,83.59,83.48,83.52,179600,80.46
20130807,83.31,83.46,83.28,83.46,227600,80.40
20130806,83.16,83.27,83.14,83.25,215700,80.20
20130805,83.36,83.36,83.14,83.20,171500,80.15
20130802,83.15,83.45,83.15,83.41,286400,80.36
20130801,83.23,83.23,82.78,82.86,278200,79.83
20130731,83.20,83.73,83.12,83.66,475300,80.38
20130730,83.69,83.75,83.53,83.58,311200,80.31
20130729,83.62,83.70,83.53,83.59,342900,80.31
20130726,83.75,83.81,83.67,83.70,464100,80.42
20130725,83.45,83.71,83.40,83.67,286900,80.39
20130724,83.80,83.80,83.51,83.66,350700,80.38
20130723,83.98,84.10,83.92,84.07,390200,80.78
20130722,84.04,84.17,84.03,84.11,528900,80.81
20130719,83.88,84.09,83.86,84.06,344400,80.77
20130718,83.98,84.00,83.71,83.74,452400,80.46
20130717,83.97,84.06,83.84,83.93,629500,80.64
20130716,83.64,83.66,83.50,83.58,649700,80.31
20130715,83.34,83.51,83.34,83.47,794600,80.20
20130712,83.54,83.63,83.20,83.26,628300,80.00
20130711,83.19,83.39,83.13,83.35,2588600,80.08
20130710,82.90,82.99,82.67,82.70,292500,79.46
20130709,82.84,82.95,82.82,82.87,284400,79.62
20130708,82.53,82.79,82.50,82.75,320300,79.51
20130705,82.49,82.57,82.26,82.35,387000,79.12
20130703,83.52,83.65,83.37,83.38,215200,80.11
20130702,83.44,83.59,83.42,83.52,394700,80.25
20130701,83.25,83.48,83.18,83.41,426800,80.14
20130628,83.33,83.58,83.17,83.49,397800,80.02
20130627,83.42,83.56,83.28,83.52,482400,80.05
20130626,83.18,83.28,82.95,83.18,286200,79.72
20130625,82.98,83.00,82.61,82.67,445800,79.23
20130624,82.46,82.75,82.21,82.45,659800,79.02
20130621,83.72,83.80,83.13,83.16,449700,79.70
20130620,83.84,83.94,83.57,83.82,523900,80.34
20130619,85.55,85.55,84.40,84.43,257400,80.92
20130618,85.45,85.54,85.36,85.44,220800,81.89
20130617,85.89,85.94,85.51,85.60,311000,82.04
20130614,85.71,85.89,85.68,85.75,218700,82.19
20130613,85.27,85.64,85.17,85.52,345200,81.97
20130612,85.25,85.43,85.06,85.10,258700,81.56
20130611,85.06,85.40,85.03,85.30,415100,81.76
20130610,85.42,85.53,85.31,85.39,491000,81.84
20130607,85.83,85.95,85.59,85.68,459300,82.12
20130606,85.90,86.30,85.71,85.96,269200,82.39
20130605,85.75,85.96,85.72,85.82,319000,82.25
20130604,85.80,85.85,85.65,85.70,394400,82.14
20130603,85.71,86.06,85.55,85.82,830200,82.25
20130531,86.48,86.49,85.76,86.05,327000,82.27
20130530,86.44,86.53,86.30,86.40,193900,82.61
20130529,86.26,86.41,86.15,86.37,460700,82.58
20130528,86.84,86.94,86.31,86.35,330100,82.56
20130524,87.10,87.27,87.06,87.16,142000,83.33
20130523,87.19,87.30,86.96,87.06,243600,83.24
20130522,87.62,87.79,87.04,87.08,369500,83.26
20130521,87.42,87.58,87.27,87.58,421600,83.74
20130520,87.56,87.57,87.34,87.43,223000,83.59
20130517,87.68,87.73,87.39,87.46,185200,83.62
20130516,87.60,87.87,87.54,87.75,194700,83.90
20130515,87.45,87.54,87.26,87.46,258100,83.62
20130514,87.60,87.68,87.23,87.25,337500,83.42
20130513,87.51,87.63,87.50,87.55,281900,83.71
20130510,87.91,87.97,87.55,87.71,189000,83.86
20130509,88.16,88.23,88.06,88.10,171100,84.23
20130508,88.10,88.23,88.05,88.15,207000,84.28
20130507,88.09,88.11,88.00,88.09,200200,84.22
20130506,88.23,88.23,88.00,88.09,377200,84.22
20130503,88.45,88.46,88.15,88.15,235700,84.28
20130502,88.71,88.74,88.64,88.73,198600,84.84
20130501,88.67,88.76,88.60,88.74,162000,84.85
20130430,88.74,88.88,88.66,88.72,268700,84.63
20130429,88.75,88.78,88.68,88.72,180100,84.63
20130426,88.61,88.71,88.58,88.68,248900,84.59
20130425,88.46,88.49,88.38,88.46,295800,84.38
20130424,88.52,88.58,88.47,88.52,146700,84.44
20130423,88.60,88.72,88.47,88.51,288000,84.43
20130422,88.48,88.55,88.43,88.47,272700,84.39
20130419,88.46,88.47,88.36,88.47,172700,84.39
20130418,88.51,88.55,88.41,88.42,191300,84.34
20130417,88.39,88.57,88.39,88.46,184200,84.38
20130416,88.38,88.44,88.31,88.39,154000,84.32
20130415,88.37,88.45,88.27,88.44,255600,84.36
20130412,88.24,88.38,88.19,88.35,188300,84.28
20130411,88.05,88.09,87.96,88.04,158500,83.98
20130410,88.04,88.09,87.90,87.90,368700,83.85
20130409,88.22,88.23,88.06,88.08,187700,84.02
20130408,88.25,88.31,88.10,88.12,250400,84.06
20130405,88.26,88.32,88.16,88.19,202400,84.13
20130404,87.76,88.01,87.76,87.95,168200,83.90
20130403,87.59,87.78,87.50,87.69,228600,83.65
20130402,87.51,87.56,87.40,87.51,223100,83.48
20130401,87.34,87.57,87.33,87.54,260300,83.51
20130328,88.00,88.07,87.94,88.03,180200,83.45
20130327,87.86,88.12,87.86,87.96,187800,83.38
20130326,87.67,87.84,87.62,87.81,185300,83.24
20130325,87.67,87.82,87.56,87.79,210100,83.22
20130322,87.75,87.75,87.58,87.70,112000,83.14
20130321,87.70,87.70,87.58,87.68,182800,83.12
20130320,87.55,87.62,87.48,87.51,174600,82.96
20130319,87.52,87.76,87.52,87.61,280400,83.05
20130318,87.45,87.52,87.42,87.44,222200,82.89
20130315,87.10,87.36,87.10,87.33,180000,82.78
20130314,86.96,87.18,86.96,87.09,206000,82.56
20130313,87.07,87.20,87.05,87.19,374100,82.65
20130312,87.23,87.24,87.14,87.21,348800,82.67
20130311,87.04,87.14,86.99,87.00,277400,82.47
20130308,87.09,87.19,86.99,87.01,386700,82.48
20130307,87.53,87.56,87.35,87.42,410200,82.87
20130306,87.67,87.73,87.60,87.60,210700,83.04
20130305,87.82,87.84,87.71,87.79,362400,83.22
20130304,87.84,87.90,87.79,87.83,272600,83.26
20130301,87.77,87.90,87.74,87.90,208600,83.32
20130228,87.93,87.98,87.83,87.92,142800,83.16
20130227,88.05,88.05,87.74,87.85,153200,83.09
20130226,87.86,88.03,87.75,87.87,183200,83.11
20130225,87.35,87.92,87.32,87.90,242900,83.14
20130222,87.47,87.51,87.38,87.42,228100,82.69
20130221,87.47,87.51,87.34,87.34,280200,82.61
20130220,87.15,87.33,87.14,87.33,204200,82.60
20130219,87.42,87.45,87.14,87.15,553500,82.43
20130215,87.35,87.36,87.21,87.33,166200,82.60
20130214,87.15,87.35,87.11,87.34,184400,82.61
20130213,87.15,87.18,87.03,87.04,233500,82.33
20130212,87.21,87.32,87.21,87.25,227200,82.53
20130211,87.41,87.44,87.32,87.37,255200,82.64
20130208,87.35,87.43,87.20,87.37,321200,82.64
20130207,87.35,87.51,87.27,87.35,197300,82.62
20130206,87.26,87.35,87.14,87.29,274500,82.56
20130205,87.13,87.15,87.01,87.03,246100,82.32
20130204,87.04,87.29,87.03,87.21,282200,82.49
20130201,87.35,87.37,86.83,86.83,297600,82.13
20130131,87.33,87.40,87.21,87.26,304200,82.33
20130130,87.20,87.36,87.16,87.32,383500,82.39
20130129,87.49,87.55,87.31,87.34,289300,82.41
20130128,87.36,87.50,87.31,87.48,457500,82.54
20130125,87.76,87.83,87.57,87.66,325200,82.71
20130124,88.07,88.09,87.93,88.04,218600,83.07
20130123,88.21,88.22,88.10,88.12,235700,83.14
20130122,87.98,88.13,87.88,88.12,226300,83.14
20130118,88.04,88.09,87.94,88.07,281000,83.10
20130117,88.01,88.01,87.85,87.88,238600,82.92
20130116,88.23,88.23,88.10,88.15,226200,83.17
20130115,88.20,88.23,88.08,88.11,285800,83.14
20130114,88.14,88.15,87.94,88.03,189600,83.06
20130111,87.81,88.06,87.75,88.06,198600,83.09
20130110,87.89,87.96,87.82,87.85,268600,82.89
20130109,88.10,88.12,87.93,88.04,252100,83.07
20130108,87.99,88.06,87.91,87.97,378800,83.00
20130107,87.93,87.93,87.81,87.90,450000,82.94
20130104,87.72,87.85,87.67,87.81,309200,82.85
20130103,88.15,88.19,87.81,87.85,430900,82.89
20130102,88.14,88.27,88.11,88.17,445200,83.19
20121231,88.52,88.57,88.25,88.25,438100,83.27
20121228,88.56,88.59,88.45,88.59,264400,83.59
20121227,88.23,88.50,88.20,88.30,544400,83.31
20121226,88.19,88.26,88.12,88.24,308700,83.26
20121224,88.09,88.13,88.00,88.08,259200,83.11
20121221,89.95,89.99,89.86,89.89,218400,83.29
20121220,89.81,89.89,89.72,89.76,315400,83.16
20121219,89.70,89.82,89.61,89.75,240700,83.16
20121218,89.78,89.78,89.43,89.57,279700,82.99
20121217,89.95,90.06,89.73,89.76,285200,83.16
20121214,90.02,90.11,90.00,90.02,555300,83.41
20121213,90.05,90.10,89.90,89.99,265900,83.38
20121212,90.31,90.35,90.08,90.12,614400,83.50
20121211,90.39,90.40,90.30,90.36,567400,83.72
20121210,90.50,90.51,90.40,90.47,254100,83.82
20121207,90.41,90.53,90.35,90.43,322300,83.79
20121206,90.69,90.71,90.58,90.61,335200,83.95
20121205,90.54,90.60,90.51,90.55,399100,83.90
20121204,90.44,90.49,90.39,90.48,160400,83.83
20121203,90.24,90.38,90.16,90.38,199200,83.74
20121130,90.60,90.67,90.55,90.63,330200,83.77
20121129,90.47,90.55,90.43,90.54,214200,83.69
20121128,90.51,90.55,90.41,90.50,209200,83.65
20121127,90.27,90.40,90.25,90.40,299200,83.56
20121126,90.25,90.32,90.12,90.12,261900,83.30
20121123,90.10,90.16,90.07,90.12,172100,83.30
20121121,90.10,90.14,90.02,90.12,178300,83.30
20121120,90.30,90.35,90.16,90.20,287300,83.38
20121119,90.39,90.44,90.31,90.38,268400,83.54
20121116,90.49,90.55,90.40,90.51,234500,83.66
20121115,90.41,90.51,90.30,90.44,181100,83.60
20121114,90.34,90.51,90.28,90.51,284000,83.66
20121113,90.54,90.54,90.38,90.54,282500,83.69
20121112,90.45,90.49,90.35,90.47,290200,83.62
20121109,90.48,90.55,90.24,90.32,285100,83.49
20121108,90.26,90.48,90.15,90.46,210400,83.62
20121107,90.35,90.43,90.23,90.28,350600,83.45
20121106,90.12,90.17,89.84,89.86,225900,83.06
20121105,90.17,90.26,90.13,90.19,331800,83.37
20121102,89.89,90.07,89.81,90.07,235500,83.26
20121101,90.08,90.15,90.00,90.12,180400,83.30
20121031,90.14,90.36,90.13,90.30,268100,83.47
20121026,89.87,90.05,89.78,90.05,155000,83.24
20121025,89.65,89.84,89.56,89.70,171800,82.91
20121024,89.90,90.01,89.86,89.93,163300,83.13
20121023,89.89,90.01,89.81,90.01,238900,83.20
20121022,89.83,89.87,89.68,89.75,267400,82.96
20121019,89.86,90.09,89.83,90.02,166500,83.21
20121018,89.98,90.03,89.78,89.82,153500,83.02
20121017,90.13,90.14,89.87,89.93,273000,83.13
20121016,90.30,90.30,90.16,90.19,148500,83.37
20121015,90.37,90.43,90.27,90.42,312200,83.58
20121012,90.27,90.44,90.24,90.33,164200,83.50
20121011,89.97,90.27,89.90,90.27,276400,83.44
20121010,89.94,90.20,89.85,90.16,153000,83.34
20121009,90.01,90.13,89.94,90.07,272500,83.26
20121008,90.09,90.17,90.00,90.13,221800,83.31
20121005,90.03,90.08,89.87,89.90,269400,83.10
20121004,90.21,90.29,90.10,90.13,191900,83.31
20121003,90.27,90.36,90.19,90.36,275100,83.52
20121002,90.15,90.28,90.09,90.23,189200,83.40
20121001,90.02,90.23,90.00,90.23,326800,83.40
20120928,90.26,90.33,90.11,90.27,145300,83.24
20120927,90.16,90.24,90.10,90.18,222200,83.15
20120926,90.11,90.28,90.05,90.24,134600,83.21
20120925,89.92,90.05,89.78,90.04,232100,83.02
20120924,89.80,89.92,89.79,89.85,183900,82.85
20120921,89.56,89.79,89.51,89.78,254200,82.78
20120920,89.79,89.82,89.52,89.63,202400,82.65
20120919,89.67,89.70,89.51,89.63,195000,82.65
20120918,89.55,89.61,89.41,89.47,260200,82.50
20120917,89.18,89.40,89.18,89.30,264200,82.34
20120914,89.34,89.37,89.00,89.13,297900,82.19
20120913,89.52,89.68,89.00,89.63,340100,82.65
20120912,89.39,89.43,89.30,89.36,308200,82.40
20120911,89.65,89.68,89.51,89.57,162500,82.59
20120910,89.58,89.65,89.50,89.65,186100,82.66
20120907,89.87,89.89,89.55,89.58,229700,82.60
20120906,89.61,89.61,89.42,89.46,275600,82.49
20120905,89.71,89.89,89.66,89.77,287700,82.78
20120904,89.90,89.92,89.62,89.71,595100,82.72
20120831,89.75,90.09,89.63,90.04,198600,82.81
20120830,89.70,89.77,89.61,89.69,224500,82.49
20120829,89.56,89.59,89.40,89.51,155500,82.32
20120828,89.55,89.66,89.48,89.56,180600,82.37
20120827,89.52,89.55,89.42,89.43,492500,82.25
20120824,89.55,89.57,89.35,89.39,182600,82.21
20120823,89.45,89.54,89.45,89.50,116400,82.31
20120822,89.04,89.35,89.00,89.33,211700,82.16
20120821,88.70,88.83,88.54,88.82,209100,81.69
20120820,88.71,88.82,88.64,88.79,582500,81.66
20120817,88.65,88.77,88.56,88.70,151200,81.58
20120816,88.74,88.76,88.43,88.53,166800,81.42
20120815,88.90,88.91,88.65,88.71,181400,81.59
20120814,89.15,89.18,89.00,89.03,180300,81.88
20120813,89.36,89.46,89.31,89.31,221800,82.14
20120810,89.41,89.45,89.26,89.32,162200,82.15
20120809,89.15,89.23,89.00,89.11,342200,81.96
20120808,89.43,89.46,89.20,89.23,156800,82.07
20120807,89.47,89.50,89.26,89.40,303100,82.22
20120806,89.67,89.83,89.63,89.71,162400,82.51
20120803,89.66,89.71,89.47,89.62,205900,82.43
20120802,89.94,90.08,89.84,89.84,228100,82.63
20120801,89.84,89.96,89.64,89.77,390400,82.56
20120731,90.16,90.20,89.94,90.18,242800,82.73
20120730,89.79,90.05,89.77,90.05,209600,82.61
20120727,89.98,89.98,89.56,89.79,209700,82.37
20120726,90.21,90.22,90.11,90.17,184400,82.72
20120725,90.25,90.28,90.15,90.28,239600,82.82
20120724,90.03,90.29,90.01,90.22,259600,82.76
20120723,90.18,90.18,89.98,90.09,179600,82.64
20120720,90.04,90.10,89.96,90.00,257000,82.56
20120719,89.97,90.01,89.85,89.88,189100,82.45
20120718,89.91,89.95,89.79,89.87,192000,82.44
20120717,89.80,89.88,89.69,89.77,275200,82.35
20120716,89.95,89.95,89.75,89.78,286700,82.36
20120713,89.54,89.63,89.40,89.63,225400,82.22
20120712,89.56,89.66,89.53,89.64,196800,82.23
20120711,89.58,89.64,89.50,89.50,193400,82.10
20120710,89.41,89.55,89.37,89.54,189000,82.14
20120709,89.41,89.50,89.33,89.41,280800,82.02
20120706,89.19,89.30,89.17,89.27,257000,81.89
20120705,88.95,89.10,88.94,89.04,249800,81.68
20120703,88.99,89.00,88.84,88.88,227800,81.53
20120702,88.80,89.12,88.75,89.00,250600,81.64
20120629,88.71,88.89,88.67,88.82,199600,81.27
20120628,88.87,89.05,88.84,88.97,180900,81.41
20120627,88.77,88.80,88.62,88.80,140800,81.25
20120626,88.65,88.74,81.05,88.64,257400,81.10
20120625,88.69,88.82,88.58,88.75,341200,81.21
20120622,88.56,88.61,88.32,88.34,338400,80.83
20120621,88.62,88.82,88.62,88.62,183400,81.09
20120620,88.56,88.80,88.41,88.63,324800,81.10
20120619,88.75,88.78,88.50,88.73,288100,81.19
20120618,88.87,88.90,88.71,88.84,160200,81.29
20120615,88.79,88.85,88.60,88.85,144100,81.30
20120614,88.53,88.57,88.28,88.36,366600,80.85
20120613,88.34,88.52,88.32,88.42,342600,80.90
20120612,88.52,88.61,88.22,88.22,228400,80.72
20120611,88.34,88.76,88.34,88.73,431800,81.19
20120608,88.71,88.75,88.45,88.56,251800,81.03
20120607,88.33,88.45,88.12,88.38,238300,80.87
20120606,88.64,88.64,88.13,88.15,549200,80.66
20120605,88.70,88.76,88.56,88.57,571600,81.04
20120604,88.83,88.97,88.73,88.78,381400,81.23
20120601,89.05,89.24,88.85,89.17,357100,81.59
20120531,88.84,89.12,88.82,88.98,230400,81.20
20120530,88.51,88.77,88.51,88.75,291500,80.99
20120529,88.32,88.38,88.20,88.23,408300,80.52
20120525,88.20,88.30,88.08,88.30,219500,80.58
20120524,88.06,88.09,87.95,87.98,165500,80.29
20120523,88.17,88.28,88.12,88.12,255000,80.41
20120522,87.97,88.00,87.83,87.97,244600,80.28
20120521,88.23,88.25,88.10,88.15,165500,80.44
20120518,88.25,88.45,88.16,88.35,145300,80.62
20120517,88.22,88.44,88.12,88.42,239100,80.69
20120516,88.25,88.46,88.20,88.41,294200,80.68
20120515,88.48,88.48,88.33,88.43,214000,80.70
20120514,88.39,88.49,88.30,88.32,216400,80.60
20120511,88.13,88.26,88.08,88.23,193000,80.52
20120510,88.00,88.12,87.91,88.12,174300,80.41
20120509,88.14,88.33,88.06,88.07,263000,80.37
20120508,88.27,88.32,88.12,88.16,252500,80.45
20120507,88.14,88.19,88.08,88.11,203000,80.41
20120504,88.01,88.11,87.93,88.09,255300,80.39
20120503,87.76,87.93,87.72,87.86,205900,80.18
20120502,87.82,87.90,87.75,87.85,236000,80.17
20120501,87.92,87.92,87.61,87.72,322600,80.05
20120430,87.95,88.00,87.89,87.89,212000,80.00
20120427,87.83,87.93,87.75,87.93,257500,80.03
20120426,87.83,87.91,87.73,87.80,336000,79.91
20120425,87.64,87.68,87.38,87.59,351000,79.72
20120424,87.76,87.78,87.65,87.71,328400,79.83
20120423,87.88,87.90,87.79,87.81,229500,79.92
20120420,87.60,87.72,87.46,87.67,301200,79.80
20120419,87.72,87.76,87.65,87.72,351900,79.84
20120418,87.61,87.68,87.54,87.65,257700,79.78
20120417,87.48,87.56,87.37,87.55,373200,79.69
20120416,87.66,87.75,87.41,87.41,630100,79.56
20120413,87.60,87.71,87.49,87.65,369800,79.78
20120412,87.50,87.50,87.24,87.32,457900,79.48
20120411,87.41,87.47,87.31,87.40,510900,79.55
20120410,87.45,87.64,87.31,87.56,1307000,79.70
20120409,87.45,87.45,87.16,87.25,229300,79.41
20120405,86.65,86.69,86.49,86.66,132300,78.88
20120404,86.31,86.44,86.24,86.36,144700,78.60
20120403,86.67,86.80,86.09,86.13,187000,78.39
20120402,86.55,86.77,86.52,86.66,395600,78.88
20120330,87.18,87.27,86.85,86.96,167600,78.69
20120329,87.08,87.10,86.92,87.07,115500,78.79
20120328,86.90,87.07,86.82,86.82,200100,78.56
20120327,86.68,87.00,86.68,86.95,134700,78.68
20120326,86.72,86.79,86.54,86.59,271500,78.35
20120323,86.62,86.81,86.58,86.75,110300,78.50
20120322,86.63,86.63,86.46,86.53,141500,78.30
20120321,86.25,86.46,86.25,86.45,177300,78.22
20120320,86.35,86.38,85.90,86.02,226300,77.84
20120319,86.45,86.45,86.04,86.13,159900,77.94
20120316,86.37,86.60,86.26,86.56,263100,78.32
20120315,86.53,86.76,86.50,86.60,283800,78.36
20120314,87.05,87.05,86.46,86.53,234600,78.30
20120313,87.57,87.57,87.23,87.26,209800,78.96
20120312,87.83,87.83,87.68,87.69,518500,79.35
20120309,87.65,87.70,87.51,87.69,140900,79.35
20120308,87.84,87.87,87.65,87.71,188300,79.36
20120307,87.91,87.92,87.75,87.85,242900,79.49
20120306,87.93,88.02,87.87,87.92,159500,79.55
20120305,87.88,87.91,87.71,87.73,184600,79.38
20120302,87.77,87.98,87.70,87.93,221700,79.56
20120301,87.47,87.69,87.44,87.62,291100,79.28
20120229,88.20,88.20,87.90,88.05,224400,79.46
20120228,88.25,88.29,88.12,88.13,234100,79.53
20120227,88.06,88.19,88.02,88.13,224500,79.53
20120224,87.74,87.86,87.74,87.82,246200,79.26
20120223,87.67,87.86,87.55,87.78,209000,79.22
20120222,87.51,87.72,87.44,87.69,238900,79.14
20120221,87.50,87.50,87.25,87.38,265900,78.86
20120217,87.40,87.58,87.30,87.57,210000,79.03
20120216,87.78,87.83,87.48,87.59,515100,79.05
20120215,87.87,88.08,87.82,87.95,226400,79.37
20120214,87.84,87.99,87.76,87.90,228900,79.33
20120213,87.70,87.85,87.58,87.76,234000,79.20
20120210,87.76,87.86,87.60,87.78,189000,79.22
20120209,87.49,87.55,87.29,87.51,653000,78.98
20120208,87.62,87.67,87.30,87.35,408300,78.83
20120207,87.74,87.74,87.52,87.64,207200,79.09
20120206,87.93,87.93,87.72,87.80,393200,79.24
20120203,87.92,87.92,87.65,87.83,349800,79.26
20120202,88.08,88.17,87.95,88.16,233500,79.56
20120201,88.04,88.07,87.90,88.01,493300,79.43
20120131,88.09,88.36,88.07,88.30,283500,79.46
20120130,88.00,88.20,87.91,88.07,510500,79.25
20120127,87.71,87.88,87.61,87.80,147300,79.01
20120126,87.51,87.69,87.38,87.65,240900,78.88
20120125,86.83,87.31,86.80,87.12,654000,78.40
20120124,86.74,86.86,86.55,86.77,185300,78.08
20120123,86.80,86.85,86.63,86.82,155700,78.13
20120120,87.05,87.05,86.85,86.93,160300,78.23
20120119,87.34,87.37,86.90,86.96,766200,78.25
20120118,87.52,87.53,87.20,87.32,332900,78.58
20120117,87.40,87.51,87.31,87.36,366400,78.61
20120113,87.38,87.50,87.19,87.34,166800,78.60
20120112,87.27,87.28,86.95,87.05,154800,78.34
20120111,87.01,87.20,86.83,87.17,260300,78.44
20120110,86.96,87.05,86.73,86.95,216700,78.25
20120109,87.00,87.14,86.91,87.03,340600,78.32
20120106,86.86,87.04,86.79,86.96,232100,78.25
20120105,86.73,86.88,86.65,86.75,214200,78.07
20120104,86.92,86.95,86.55,86.69,200100,78.01
20120103,86.62,87.01,86.62,86.90,379600,78.20
20111230,87.02,87.14,86.89,86.97,126700,78.26
20111229,86.84,86.98,86.64,86.93,183500,78.23
20111228,86.32,86.76,86.32,86.70,187100,78.02
20111227,86.31,86.56,86.16,86.28,154300,77.64
20111223,86.44,86.91,86.31,86.47,178600,77.81
20111222,87.82,87.85,87.63,87.77,124700,77.83
20111221,87.73,87.82,87.51,87.58,155700,77.66
20111220,87.84,88.05,87.75,87.79,266000,77.85
20111219,88.07,88.29,88.02,88.29,120600,78.29
20111216,87.94,88.07,87.79,88.05,122400,78.08
20111215,87.64,87.80,87.61,87.75,169900,77.81
20111214,87.51,87.76,87.43,87.74,253600,77.80
20111213,87.19,87.68,87.04,87.57,267600,77.65
20111212,87.08,87.31,87.07,87.18,202000,77.31
20111209,87.52,87.52,87.00,87.08,384800,77.22
20111208,87.33,87.51,87.25,87.40,524400,77.50
20111207,87.27,87.40,87.14,87.34,925900,77.45
20111206,87.15,87.26,87.01,87.19,243700,77.32
20111205,87.08,87.30,86.96,87.28,221600,77.40
20111202,86.72,87.20,86.67,87.19,273300,77.32
20111201,86.59,86.80,86.37,86.71,192500,76.89
20111130,86.99,87.18,86.82,86.89,199800,76.83
20111129,87.19,87.40,86.97,87.24,131300,77.14
20111128,86.96,87.49,86.77,87.40,150800,77.28
20111125,87.70,87.70,87.20,87.35,49000,77.24
20111123,87.45,87.74,87.35,87.74,146900,77.58
20111122,87.59,87.69,87.38,87.67,188900,77.52
20111121,87.56,87.64,87.40,87.47,177900,77.34
20111118,87.61,87.75,87.44,87.56,266800,77.42
20111117,87.65,87.88,87.51,87.75,196400,77.59
20111116,87.81,87.86,87.57,87.84,176700,77.67
20111115,87.76,87.91,87.55,87.66,244300,77.51
20111114,87.75,87.91,87.62,87.77,116700,77.61
20111111,87.56,87.70,87.42,87.55,85400,77.41
20111110,87.71,87.92,87.42,87.77,109600,77.61
20111109,88.05,88.18,87.69,88.02,115600,77.83
20111108,87.95,88.03,87.58,87.65,136300,77.50
20111107,87.82,88.15,87.70,87.93,104800,77.75
20111104,87.83,87.97,87.63,87.94,326900,77.76
20111103,87.73,87.96,87.70,87.84,166300,77.67
20111102,87.77,88.00,87.62,88.00,135800,77.81
20111101,87.76,87.95,87.51,87.89,241400,77.71
20111031,87.33,87.69,87.06,87.69,150200,77.31
20111028,86.79,87.00,86.58,86.94,144400,76.65
20111027,87.00,87.15,86.48,86.75,199900,76.48
20111026,87.19,87.43,87.10,87.21,225900,76.89
20111025,86.93,87.53,86.92,87.53,146000,77.17
20111024,87.00,87.00,86.66,86.89,171600,76.60
20111021,86.74,87.02,86.70,86.93,217000,76.64
20111020,86.75,87.10,86.62,86.85,316500,76.57
20111019,86.72,86.98,86.65,86.95,188800,76.66
20111018,86.80,86.95,86.57,86.75,369100,76.48
20111017,86.55,86.74,86.45,86.74,131200,76.47
20111014,86.43,86.59,86.30,86.48,166100,76.24
20111013,86.40,86.80,86.40,86.53,268800,76.29
20111012,86.27,86.43,86.08,86.32,386500,76.10
20111011,86.39,86.47,86.18,86.45,208600,76.22
20111010,86.61,86.79,85.97,86.09,184600,75.90
20111007,86.50,86.88,86.45,86.73,627700,76.46
20111006,87.14,87.22,86.89,86.89,587700,76.60
20111005,87.30,87.32,87.05,87.24,288600,76.91
20111004,87.79,87.86,87.22,87.33,206800,76.99
20111003,87.65,88.01,87.50,87.97,367500,77.56
20110930,87.70,87.76,87.40,87.63,266800,77.04
20110929,87.40,87.64,87.22,87.41,168000,76.84
20110928,87.50,87.51,87.11,87.49,416200,76.91
20110927,87.46,87.64,87.35,87.55,290000,76.97
20110926,88.05,88.06,87.72,87.81,220300,77.19
20110923,88.66,88.66,87.82,87.90,204600,77.27
20110922,88.73,88.93,88.38,88.79,211500,78.06
20110921,88.42,88.54,88.14,88.46,192100,77.77
20110920,88.25,88.29,88.06,88.29,96400,77.62
20110919,88.26,88.38,88.02,88.04,99500,77.40
20110916,87.47,87.93,87.33,87.81,93200,77.19
20110915,87.61,87.74,87.33,87.64,127900,77.04
20110914,88.09,88.29,87.90,88.12,121100,77.47
20110913,88.27,88.27,88.00,88.18,85800,77.52
20110912,88.34,88.48,88.01,88.23,108200,77.56
20110909,88.21,88.68,88.21,88.52,109800,77.82
20110908,88.30,88.46,88.14,88.41,102100,77.72
20110907,88.25,88.30,87.82,88.15,104400,77.49
20110906,88.52,88.55,88.10,88.39,136400,77.70
20110902,88.30,88.53,88.06,88.40,114600,77.71
20110901,87.86,88.10,87.15,87.89,224100,77.26
20110831,88.25,88.28,87.61,87.69,294300,76.85
20110830,87.90,88.04,87.80,87.89,100700,77.03
20110829,87.40,87.51,87.07,87.40,152100,76.60
20110826,87.79,87.79,87.26,87.57,110600,76.75
20110825,87.36,87.80,87.33,87.64,99100,76.81
20110824,87.62,87.64,87.03,87.09,92100,76.33
20110823,87.84,88.00,87.63,87.65,83300,76.82
20110822,88.10,88.26,88.00,88.18,130200,77.28
20110819,88.12,88.29,87.82,88.22,135900,77.32
20110818,88.51,88.77,88.05,88.21,215300,77.31
20110817,87.96,88.19,87.65,88.18,101600,77.28
20110816,87.51,87.89,87.36,87.82,191400,76.97
20110815,87.65,87.82,87.48,87.54,188400,76.72
20110812,87.04,87.67,86.59,87.56,134000,76.74
20110811,87.64,88.25,86.72,86.85,173400,76.12
20110810,87.89,88.27,87.68,88.10,156200,77.21
20110809,86.59,88.25,86.39,87.10,240000,76.34
20110808,86.56,87.46,86.50,86.75,371000,76.03
20110805,86.59,87.06,86.24,86.39,176100,75.71
20110804,86.69,87.33,86.60,87.21,153300,76.43
20110803,86.49,86.82,86.49,86.60,226600,75.90
20110802,86.12,86.61,86.03,86.47,106600,75.78
20110801,85.60,86.08,85.52,85.91,161000,75.29
20110729,85.45,85.94,85.34,85.84,109200,74.99
20110728,85.01,85.17,84.96,85.03,91800,74.28
20110727,84.84,85.13,84.69,84.88,184600,74.15
20110726,84.95,85.17,84.89,84.96,243800,74.22
20110725,84.69,85.08,84.66,84.79,200000,74.07
20110722,84.98,85.07,84.83,85.06,145100,74.31
20110721,84.88,84.96,84.61,84.84,198600,74.12
20110720,85.22,85.22,85.02,85.08,61900,74.33
20110719,84.91,85.34,84.91,85.33,104800,74.55
20110718,85.22,85.24,84.93,85.00,300400,74.26
20110715,84.78,85.25,84.75,85.11,116800,74.35
20110714,85.03,85.25,84.90,84.90,106400,74.17
20110713,85.03,85.39,84.99,85.37,82500,74.58
20110712,85.05,85.18,84.91,85.09,99800,74.34
20110711,84.73,85.14,84.73,85.02,119300,74.27
20110708,84.50,84.71,84.38,84.64,97800,73.94
20110707,83.99,84.01,83.78,83.99,151700,73.37
20110706,84.25,84.30,84.08,84.17,135900,73.53
20110705,83.87,84.13,83.77,84.03,571700,73.41
20110701,83.70,83.83,83.42,83.61,142500,73.04
20110630,84.31,84.34,83.68,83.95,207300,73.11
20110629,84.36,84.47,84.03,84.24,183300,73.36
20110628,85.04,85.04,84.40,84.52,203000,73.61
20110627,85.47,85.49,84.99,85.14,126400,74.15
20110624,85.11,85.40,85.00,85.37,103900,74.35
20110623,84.95,85.13,84.93,85.02,104700,74.04
20110622,85.06,85.06,84.66,84.78,119500,73.84
20110621,84.85,84.95,84.69,84.78,220800,73.84
20110620,85.09,85.09,84.76,84.92,91500,73.96
20110617,84.96,85.03,84.76,85.01,79200,74.04
20110616,84.92,85.05,84.73,84.91,123400,73.95
20110615,84.28,84.89,84.27,84.81,98600,73.86
20110614,84.34,84.40,84.14,84.22,124500,73.35
20110613,84.69,84.91,84.58,84.68,98600,73.75
20110610,84.87,84.95,84.69,84.80,147200,73.85
20110609,84.92,85.00,84.57,84.64,241500,73.71
20110608,84.91,85.08,84.79,84.93,1265000,73.97
20110607,84.57,84.86,84.42,84.86,330000,73.90
20110606,84.55,84.75,84.50,84.66,58000,73.73
20110603,84.84,84.85,84.56,84.71,140000,73.77
20110602,84.71,84.82,84.43,84.50,313300,73.59
20110601,84.60,84.89,84.56,84.89,367700,73.93
20110531,84.40,84.68,84.37,84.67,216400,73.50
20110527,84.44,84.58,84.40,84.55,69300,73.39
20110526,84.26,84.50,84.25,84.50,155200,73.35
20110525,84.33,84.33,84.08,84.21,153800,73.10
20110524,84.04,84.24,83.98,84.22,133300,73.11
20110523,84.32,84.33,84.11,84.15,108500,73.05
20110520,83.98,84.09,83.93,84.09,98100,73.00
20110519,83.59,83.94,83.52,83.93,99200,72.86
20110518,84.19,84.19,83.88,83.91,99900,72.84
20110517,84.16,84.22,84.03,84.18,116000,73.07
20110516,83.88,84.06,83.76,84.04,75100,72.95
20110513,83.78,83.99,83.67,83.81,94600,72.75
20110512,83.61,83.77,83.48,83.53,274000,72.51
20110511,83.52,83.78,83.43,83.74,68500,72.69
20110510,83.80,83.81,83.55,83.58,129500,72.55
20110509,83.87,83.98,83.75,83.91,76000,72.84
20110506,83.50,83.87,83.43,83.77,69800,72.72
20110505,83.41,83.68,83.41,83.66,73900,72.62
20110504,83.30,83.48,83.25,83.37,148000,72.37
20110503,83.24,83.34,83.12,83.32,79000,72.33
20110502,82.87,83.30,82.87,83.20,184000,72.22
20110429,83.21,83.46,83.10,83.46,92000,72.21
20110428,83.20,83.23,83.00,83.15,87400,71.95
20110427,82.87,83.00,82.73,82.99,123200,71.81
20110426,82.90,83.13,82.84,83.13,131500,71.93
20110425,82.53,82.83,82.49,82.79,200700,71.63
20110421,82.42,82.63,82.42,82.59,92100,71.46
20110420,82.64,82.64,82.41,82.51,143700,71.39
20110419,82.64,82.70,82.53,82.60,125100,71.47
20110418,82.27,82.65,82.21,82.48,102800,71.37
20110415,82.20,82.34,82.18,82.30,103900,71.21
20110414,82.14,82.23,81.92,82.00,112600,70.95
20110413,81.80,82.13,81.75,82.04,121900,70.98
20110412,81.73,82.00,81.73,81.88,107900,70.85
20110411,81.45,81.61,81.38,81.52,92300,70.53
20110408,81.43,81.63,81.32,81.51,106400,70.53
20110407,81.51,81.76,81.45,81.63,70700,70.63
20110406,81.68,81.69,81.49,81.54,63000,70.55
20110405,81.87,81.99,81.70,81.77,102000,70.75
20110404,81.92,82.09,81.86,82.03,135600,70.98
20110401,81.30,81.88,81.30,81.87,75900,70.84
20110331,82.25,82.28,81.89,81.98,99700,70.69
20110330,81.93,82.14,81.89,82.10,73700,70.79
20110329,82.07,82.15,81.80,81.87,70200,70.59
20110328,82.09,82.16,81.93,82.02,260100,70.72
20110325,82.32,82.44,82.04,82.13,87100,70.82
20110324,82.49,82.57,82.27,82.32,103700,70.98
20110323,82.86,82.90,82.58,82.63,171500,71.25
20110322,82.81,82.97,82.76,82.92,157900,71.24
20110321,83.38,83.38,82.79,82.97,99700,71.29
20110318,83.06,83.32,83.06,83.25,50900,71.53
20110317,83.45,83.51,83.09,83.40,232700,71.66
20110316,83.51,84.03,83.37,83.45,258600,71.70
20110315,83.45,83.50,83.10,83.15,128500,71.44
20110314,82.90,83.10,82.90,83.00,71300,71.31
20110311,82.85,82.87,82.64,82.77,102700,71.12
20110310,82.60,82.88,82.39,82.80,99400,71.14
20110309,82.07,82.50,82.05,82.38,94200,70.78
20110308,82.03,82.18,81.89,82.00,125400,70.45
20110307,82.08,82.38,81.92,82.16,66600,70.59
20110304,81.83,82.30,81.83,82.28,88500,70.69
20110303,82.03,82.03,81.72,81.78,92800,70.26
20110302,82.36,82.64,82.27,82.29,75200,70.70
20110301,82.27,82.59,82.16,82.55,69400,70.93
20110228,82.77,82.79,82.66,82.78,87500,70.91
20110225,82.34,82.61,82.34,82.61,80600,70.76
20110224,82.37,82.64,82.28,82.31,111100,70.50
20110223,82.55,82.62,82.28,82.30,90300,70.50
20110222,82.00,82.51,81.99,82.51,152100,70.68
20110218,81.75,81.94,81.59,81.93,84900,70.18
20110217,81.97,81.97,81.77,81.84,79600,70.10
20110216,81.69,81.74,81.38,81.60,76500,69.90
20110215,81.45,81.60,81.32,81.56,76300,69.86
20110214,81.28,81.60,81.27,81.46,108100,69.78
20110211,81.37,81.63,81.24,81.36,271500,69.69
20110210,81.26,81.40,81.04,81.06,151300,69.43
20110209,81.21,81.58,81.14,81.45,261900,69.77
20110208,81.44,81.52,81.01,81.05,150700,69.43
20110207,81.40,81.57,81.30,81.50,174900,69.81
20110204,81.79,81.84,81.39,81.58,321000,69.88
20110203,82.11,82.17,81.92,81.94,148600,70.19
20110202,82.50,82.63,82.14,82.29,446200,70.49
20110201,82.58,82.62,82.30,82.49,142800,70.66
20110131,83.26,83.31,82.95,83.00,97800,70.86
20110128,82.70,83.31,82.70,83.24,137600,71.06
20110127,82.84,82.99,82.61,82.85,100700,70.73
20110126,82.90,82.95,82.61,82.71,122900,70.61
20110125,82.65,83.14,82.55,83.03,95100,70.88
20110124,82.75,82.76,82.55,82.63,130500,70.54
20110121,82.41,82.62,82.31,82.59,107500,70.51
20110120,82.60,82.70,82.19,82.30,100000,70.26
20110119,82.64,82.97,82.64,82.86,205300,70.74
20110118,82.83,82.88,82.51,82.81,126100,70.69
20110114,83.13,83.23,82.86,82.92,123200,70.79
20110113,82.56,83.07,82.53,83.01,364300,70.87
20110112,82.48,82.75,82.33,82.62,131900,70.53
20110111,82.93,82.95,82.58,82.76,106900,70.65
20110110,82.73,82.94,82.66,82.88,84100,70.75
20110107,82.34,82.86,82.31,82.73,110300,70.63
20110106,82.16,82.35,82.03,82.24,182000,70.21
20110105,82.17,82.21,81.77,81.93,139300,69.94
20110104,82.62,82.75,82.43,82.54,190800,70.46
20110103,82.17,82.53,82.02,82.42,287700,70.36
20101231,82.26,82.59,82.24,82.49,103500,70.42
20101230,82.12,82.27,81.90,82.12,109200,70.11
20101229,81.59,82.43,81.57,82.30,113300,70.26
20101228,82.22,82.34,81.54,81.54,163900,69.61
20101227,81.99,82.21,81.72,82.15,159600,70.13
20101223,82.85,82.86,82.53,82.59,171700,69.90
20101222,83.18,83.18,82.76,82.89,140200,70.16
20101221,82.99,83.14,82.72,83.02,363000,70.27
20101220,83.02,83.28,82.81,82.90,185600,70.17
20101217,82.46,82.96,82.43,82.85,130100,70.12
20101216,82.00,82.31,81.70,82.23,241300,69.60
20101215,82.27,82.52,81.79,81.95,257000,69.36
20101214,82.78,82.78,82.00,82.19,280500,69.57
20101213,82.63,83.14,82.49,82.89,239200,70.16
20101210,83.07,83.25,82.72,82.74,167900,70.03
20101209,83.23,83.40,82.96,83.25,293200,70.46
20101208,83.33,83.33,82.57,83.09,630600,70.33
20101207,84.49,84.49,83.53,83.67,364400,70.82
20101206,84.64,84.80,84.54,84.77,90800,71.75
20101203,84.71,84.77,84.19,84.32,250800,71.37
20101202,84.51,84.73,84.36,84.36,366600,71.40
20101201,84.78,84.86,84.37,84.57,644800,71.58
20101130,85.87,85.89,85.56,85.62,177000,72.24
20101129,85.71,85.71,85.42,85.58,164500,72.21
20101126,85.38,85.47,85.24,85.47,37300,72.11
20101124,85.60,85.60,85.10,85.28,380600,71.95
20101123,86.06,86.14,85.75,85.88,362700,72.46
20101122,85.54,85.77,85.40,85.74,294500,72.34
20101119,85.22,85.36,85.11,85.30,136600,71.97
20101118,85.28,85.30,84.90,85.18,168100,71.87
20101117,85.59,85.71,85.25,85.39,139100,72.05
20101116,85.32,85.39,84.80,85.36,274900,72.02
20101115,85.69,85.79,84.97,85.00,551800,71.72
20101112,86.63,86.70,86.05,86.14,153900,72.68
20101111,86.95,87.01,86.53,86.79,84800,73.23
20101110,86.56,86.89,86.20,86.77,158800,73.21
20101109,87.37,87.47,86.58,86.68,458900,73.13
20101108,87.38,87.43,87.15,87.23,127700,73.60
20101105,87.35,87.50,87.13,87.24,151700,73.61
20101104,87.35,87.61,87.35,87.48,211100,73.81
20101103,86.92,87.11,86.50,86.92,370300,73.34
20101102,86.70,86.70,86.54,86.67,56400,73.13
20101101,86.96,86.96,86.46,86.50,109700,72.98
20101029,86.81,86.90,86.67,86.86,124500,73.05
20101028,86.37,86.67,86.27,86.62,107200,72.85
20101027,86.39,86.42,86.07,86.09,136000,72.41
20101026,86.73,86.76,86.50,86.53,95600,72.78
20101025,87.25,87.28,86.92,86.96,142900,73.14
20101022,86.88,86.95,86.77,86.92,119100,73.10
20101021,87.17,87.19,86.92,86.95,111200,73.13
20101020,87.16,87.40,87.01,87.21,131800,73.35
20101019,86.81,87.30,86.81,87.21,171900,73.35
20101018,86.95,87.17,86.72,87.05,128500,73.21
20101015,86.83,86.95,86.54,86.66,173300,72.88
20101014,87.17,87.37,86.91,86.91,115500,73.09
20101013,87.13,87.43,87.07,87.40,173500,73.51
20101012,87.56,87.56,87.25,87.31,246400,73.43
20101011,87.47,87.50,87.37,87.43,273600,73.53
20101008,87.54,87.58,87.29,87.30,104500,73.42
20101007,87.37,87.39,87.23,87.33,113000,73.45
20101006,87.18,87.41,87.15,87.25,359500,73.38
20101005,86.69,86.89,86.67,86.81,94200,73.01
20101004,86.61,86.66,86.56,86.65,124800,72.88
20101001,86.27,86.50,86.11,86.35,141500,72.62
20100930,86.74,86.74,86.26,86.72,421900,72.71
20100929,86.88,86.90,86.66,86.78,125300,72.76
20100928,86.51,86.90,86.51,86.87,97700,72.83
20100927,86.35,86.62,86.33,86.51,179000,72.53
20100924,86.12,86.18,86.00,86.10,137900,72.19
20100923,86.61,86.62,86.28,86.35,105400,72.40
20100922,86.44,86.54,86.24,86.31,163100,72.36
20100921,85.84,86.23,85.62,86.17,145300,72.25
20100920,85.55,85.63,85.32,85.63,138900,71.79
20100917,85.48,85.53,85.29,85.43,119900,71.63
20100916,85.29,85.39,85.11,85.21,142500,71.44
20100915,85.47,85.77,85.38,85.40,296200,71.60
20100914,85.36,85.70,85.32,85.69,92400,71.84
20100913,84.87,85.31,84.87,85.26,260800,71.48
20100910,84.97,85.06,84.73,84.99,152800,71.26
20100909,85.37,85.41,85.04,85.14,245800,71.38
20100908,85.72,85.74,85.51,85.59,176900,71.76
20100907,85.46,85.76,85.34,85.76,284700,71.90
20100903,85.24,85.37,85.03,85.11,206300,71.36
20100902,85.65,85.74,85.57,85.66,224000,71.82
20100901,86.14,86.14,85.59,85.80,231400,71.94
20100831,86.55,86.57,86.33,86.50,132400,72.29
20100830,85.98,86.27,85.88,86.24,172200,72.07
20100827,86.26,86.45,85.57,85.61,214900,71.55
20100826,86.26,86.48,86.21,86.46,124800,72.26
20100825,86.76,86.79,86.20,86.27,125700,72.10
20100824,86.44,86.64,86.25,86.55,160500,72.33
20100823,85.99,86.14,85.86,86.11,96300,71.96
20100820,86.19,86.20,85.92,85.95,138400,71.83
20100819,85.97,86.32,85.88,86.25,126800,72.08
20100818,86.22,86.23,85.90,85.93,171800,71.81
20100817,86.05,86.12,85.83,85.96,140900,71.84
20100816,86.19,86.28,86.03,86.22,182800,72.06
20100813,85.45,85.74,85.44,85.71,219100,71.63
20100812,85.73,85.73,85.33,85.36,335100,71.34
20100811,85.61,85.69,85.50,85.64,181200,71.57
20100810,84.99,85.46,84.91,85.34,210500,71.32
20100809,85.03,85.06,84.94,85.02,152700,71.05
20100806,84.85,84.99,84.74,84.99,169000,71.03
20100805,84.56,84.62,84.40,84.62,222800,70.72
20100804,84.70,84.70,84.24,84.24,374800,70.40
20100803,84.54,84.68,84.42,84.51,427400,70.63
20100802,84.51,84.51,84.18,84.28,568400,70.43
20100730,84.84,84.85,84.50,84.83,205800,70.66
20100729,84.35,84.56,84.15,84.40,242300,70.30
20100728,84.04,84.30,83.81,84.22,177800,70.16
20100727,83.95,84.01,83.82,83.93,149900,69.91
20100726,83.98,84.08,83.72,83.99,134600,69.96
20100723,84.29,84.30,83.96,83.98,131700,69.96
20100722,84.43,84.43,84.12,84.21,144700,70.15
20100721,84.13,84.51,84.09,84.49,180900,70.38
20100720,84.17,84.29,84.04,84.08,149500,70.04
20100719,84.20,84.20,83.93,84.00,229200,69.97
20100716,83.84,84.17,83.76,84.07,155000,70.03
20100715,83.50,83.86,83.50,83.77,165200,69.78
20100714,83.24,83.52,83.15,83.47,189600,69.53
20100713,83.13,83.23,83.00,83.04,288500,69.17
20100712,83.30,83.46,83.23,83.28,274400,69.37
20100709,83.35,83.35,83.11,83.21,152000,69.31
20100708,83.18,83.38,82.94,83.30,254900,69.39
20100707,83.73,83.73,83.36,83.41,163300,69.48
20100706,83.48,83.63,83.20,83.50,247400,69.56
20100702,83.17,83.47,83.17,83.31,323400,69.40
20100701,83.54,83.72,83.40,83.42,297800,69.49
20100630,83.72,83.72,83.50,83.70,262500,69.50
20100629,83.46,83.63,83.40,83.60,237200,69.41
20100628,83.03,83.41,83.03,83.40,183600,69.25
20100625,82.86,83.10,82.69,82.97,247000,68.89
20100624,82.77,83.00,82.68,82.82,126700,68.77
20100623,82.70,82.93,82.65,82.91,92800,68.84
20100622,82.33,82.56,82.20,82.56,145200,68.55
20100621,81.87,82.30,81.80,82.22,178400,68.27
20100618,82.35,82.36,82.14,82.14,251000,68.20
20100617,82.05,82.45,82.05,82.39,201400,68.41
20100616,82.03,82.04,81.71,82.00,142600,68.08
20100615,82.03,82.03,81.65,81.79,130400,67.91
20100614,81.74,81.99,81.60,81.97,112200,68.06
20100611,81.89,82.09,81.75,82.03,101900,68.11
20100610,82.01,82.07,81.65,81.75,201300,67.88
20100609,82.10,82.35,81.96,82.32,165500,68.35
20100608,82.26,82.44,82.22,82.27,141100,68.31
20100607,82.30,82.39,82.01,82.38,144500,68.40
20100604,81.96,82.20,81.75,82.17,149700,68.23
20100603,81.44,81.61,81.22,81.50,173200,67.67
20100602,81.87,81.92,81.53,81.60,553400,67.75
20100601,82.22,82.22,81.63,81.87,298300,67.98
20100528,82.00,82.16,81.85,82.06,134100,67.91
20100527,81.99,82.01,81.67,81.81,282500,67.70
20100526,82.47,82.47,82.00,82.37,253900,68.16
20100525,82.69,82.78,82.47,82.54,369800,68.30
20100524,82.49,82.81,82.35,82.45,694100,68.23
20100521,82.85,82.92,82.22,82.45,387100,68.23
20100520,82.21,82.42,82.02,82.30,210200,68.10
20100519,81.98,82.14,81.83,81.96,118500,67.82
20100518,81.60,81.96,81.50,81.92,141000,67.79
20100517,81.67,81.91,81.45,81.54,105600,67.48
20100514,81.57,81.67,81.32,81.54,141600,67.48
20100513,81.12,81.42,80.97,81.25,94400,67.24
20100512,81.24,81.32,81.06,81.23,87800,67.22
20100511,81.38,81.42,81.06,81.37,93500,67.34
20100510,81.41,81.41,81.05,81.24,143900,67.23
20100507,81.61,81.61,81.05,81.32,290200,67.29
20100506,81.30,81.91,81.05,81.22,106000,67.21
20100505,81.22,81.53,81.03,81.31,89900,67.29
20100504,81.04,81.12,80.90,81.05,69300,67.07
20100503,80.85,80.92,80.70,80.79,147600,66.86
20100430,80.99,81.20,80.90,81.15,71600,66.92
20100429,80.75,80.86,80.63,80.84,117400,66.66
20100428,80.87,80.90,80.55,80.74,107500,66.58
20100427,80.68,81.00,80.55,80.99,438700,66.79
20100426,80.50,80.53,80.30,80.37,70100,66.28
20100423,80.40,80.44,80.27,80.37,73400,66.28
20100422,80.81,80.87,80.42,80.46,55500,66.35
20100421,80.56,80.74,80.45,80.70,107200,66.55
20100420,80.46,80.46,80.29,80.42,60500,66.32
20100419,80.63,80.64,80.41,80.48,71000,66.37
20100416,80.39,80.70,80.38,80.70,134500,66.55
20100415,80.20,80.45,80.12,80.31,71800,66.23
20100414,80.20,80.38,80.09,80.15,122000,66.09
20100413,80.22,80.30,80.08,80.25,75000,66.18
20100412,80.13,80.13,79.90,80.06,129000,66.02
20100409,79.81,79.97,79.67,79.97,135100,65.95
20100408,80.00,80.12,79.72,79.85,90200,65.85
20100407,79.44,79.92,79.41,79.84,125700,65.84
20100406,79.43,79.58,79.32,79.50,113100,65.56
20100405,79.53,79.60,79.10,79.34,273400,65.43
20100401,79.98,80.01,79.80,79.88,92700,65.87
20100331,80.35,80.36,80.17,80.28,80900,65.97
20100330,79.93,80.15,79.86,80.15,83100,65.86
20100329,80.06,80.19,79.95,80.06,96700,65.79
20100326,79.97,80.20,79.83,80.17,209300,65.88
20100325,80.10,80.16,79.68,79.95,140100,65.70
20100324,80.48,80.54,80.05,80.11,129700,65.83
20100323,80.93,80.94,80.77,80.85,198700,66.44
20100322,80.89,80.93,80.75,80.84,143300,66.43
20100319,80.74,80.92,80.68,80.74,110200,66.35
20100318,81.05,81.05,80.68,80.76,100000,66.36
20100317,80.95,81.01,80.88,81.01,110500,66.57
20100316,80.57,80.90,80.57,80.89,125200,66.47
20100315,80.57,80.59,80.42,80.52,93200,66.17
20100312,80.22,80.60,80.22,80.56,98300,66.20
20100311,80.42,80.52,80.30,80.42,91900,66.08
20100310,80.46,80.64,80.38,80.53,97300,66.17
20100309,80.45,80.66,80.45,80.64,78700,66.26
20100308,80.39,80.48,80.35,80.48,70500,66.13
20100305,80.56,80.56,80.31,80.34,102900,66.02
20100304,80.60,80.75,80.53,80.74,128200,66.35
20100303,80.58,80.68,80.46,80.63,114400,66.26
20100302,80.54,80.67,80.44,80.66,166400,66.28
20100301,80.60,80.60,80.41,80.51,113100,66.16
20100226,80.53,80.88,80.53,80.76,70800,66.15
20100225,80.53,80.65,80.46,80.58,95400,66.00
20100224,80.30,80.49,80.21,80.43,79700,65.88
20100223,79.92,80.38,79.89,80.33,98200,65.79
20100222,80.02,80.02,79.78,79.92,91400,65.46
20100219,79.82,79.85,79.61,79.80,97900,65.36
20100218,80.00,80.00,79.68,79.77,83200,65.33
20100217,80.04,80.19,79.81,79.93,120400,65.47
20100216,79.96,80.24,79.93,80.15,167000,65.65
20100212,80.24,80.24,80.02,80.10,118100,65.60
20100211,80.07,80.10,79.81,79.99,145300,65.51
20100210,80.34,80.40,79.95,80.06,151200,65.57
20100209,80.52,80.59,80.27,80.31,162200,65.78
20100208,80.56,80.61,80.38,80.52,145100,65.95
20100205,80.44,80.75,80.34,80.59,281300,66.01
20100204,80.13,80.58,80.13,80.57,96700,65.99
20100203,80.22,80.28,79.90,80.10,172700,65.60
20100202,80.29,80.39,80.17,80.34,72900,65.80
20100201,80.34,80.34,80.05,80.16,135800,65.65
20100129,80.36,80.71,80.25,80.70,79400,65.86
20100128,80.38,80.45,80.22,80.36,78100,65.58
20100127,80.69,80.72,80.29,80.39,109200,65.60
20100126,80.79,80.79,80.51,80.52,189300,65.71
20100125,80.59,80.65,80.54,80.64,100800,65.81
20100122,80.59,80.75,80.47,80.64,73500,65.81
20100121,80.45,80.75,80.33,80.65,103000,65.82
20100120,80.28,80.45,80.24,80.37,125800,65.59
20100119,80.12,80.17,80.00,80.16,116100,65.42
20100115,80.25,80.39,80.12,80.26,141600,65.50
20100114,80.04,80.16,79.85,80.10,98200,65.37
20100113,80.04,80.39,79.80,79.87,94700,65.18
20100112,80.15,80.24,79.97,80.16,132200,65.42
20100111,79.79,79.89,79.60,79.82,182300,65.14
20100108,79.77,79.79,79.50,79.68,95600,65.02
20100107,79.61,79.62,79.42,79.50,113400,64.88
20100106,79.77,79.79,79.46,79.60,111000,64.96
20100105,79.70,79.87,79.54,79.81,96200,65.13
20100104,79.23,79.44,79.13,79.39,136700,64.79
20091231,79.06,79.27,78.75,79.07,59200,64.53
20091230,79.28,79.37,79.07,79.21,68600,64.64
20091229,79.06,79.26,78.90,79.24,120600,64.67
20091228,79.17,79.20,79.00,79.07,130900,64.53
20091224,79.44,79.47,79.20,79.20,80500,64.39
20091223,79.87,79.93,79.66,79.78,109300,64.86
20091222,79.80,79.90,79.61,79.77,187300,64.85
20091221,80.33,80.40,79.86,80.00,138000,65.04
20091218,80.65,80.75,80.41,80.45,133700,65.41
20091217,80.48,80.67,80.40,80.67,63300,65.59
20091216,80.40,80.49,80.27,80.36,136000,65.33
20091215,80.20,80.25,80.00,80.24,136300,65.24
20091214,80.50,80.53,80.30,80.37,95200,65.34
20091211,80.41,80.49,80.25,80.40,89400,65.37
20091210,80.69,80.77,80.31,80.62,200400,65.54
20091209,81.13,81.13,80.61,80.68,130800,65.59
20091208,81.00,81.16,80.73,81.04,128700,65.89
20091207,80.51,80.68,80.25,80.63,156200,65.55
20091204,80.98,80.98,80.03,80.30,130600,65.28
20091203,80.69,80.91,80.57,80.91,471800,65.78
20091202,81.14,81.14,80.75,80.86,135900,65.74
20091201,81.37,81.37,81.02,81.13,101300,65.96
20091130,81.52,81.71,81.25,81.71,90600,66.20
20091127,81.50,81.54,81.26,81.54,22000,66.06
20091125,81.19,81.33,80.89,81.25,229200,65.83
20091124,80.85,81.37,80.79,81.23,173000,65.81
20091123,80.77,80.93,80.64,80.87,98800,65.52
20091120,80.90,80.91,80.67,80.86,131700,65.51
20091119,80.89,81.00,80.72,80.95,106900,65.59
20091118,80.96,80.96,80.62,80.75,151800,65.42
20091117,80.75,81.00,80.54,80.95,236200,65.59
20091116,80.75,80.98,80.53,80.89,161800,65.54
20091113,80.41,80.58,80.29,80.58,138300,65.29
20091112,80.34,80.49,80.18,80.40,190900,65.14
20091111,80.35,80.59,80.25,80.51,194100,65.23
20091110,80.28,80.42,80.14,80.31,118600,65.07
20091109,80.07,80.30,80.01,80.25,132100,65.02
20091106,79.95,80.19,79.85,79.96,63700,64.78
20091105,79.82,79.99,79.74,79.91,190500,64.74
20091104,79.77,80.02,79.56,79.93,83800,64.76
20091103,79.91,80.16,79.85,79.87,91400,64.71
20091102,80.25,80.28,79.98,80.07,169600,64.87
20091030,80.16,80.42,80.07,80.40,106000,64.90
20091029,80.03,80.06,79.64,79.90,116900,64.50
20091028,80.04,80.39,79.96,80.12,131900,64.67
20091027,79.62,80.15,79.58,80.10,127700,64.66
20091026,79.73,79.85,79.36,79.36,147400,64.06
20091023,79.93,80.04,79.62,79.90,155500,64.50
20091022,80.05,80.19,79.87,80.16,92600,64.71
20091021,80.28,80.28,79.86,80.14,135700,64.69
20091020,80.43,80.49,80.25,80.47,155600,64.96
20091019,79.98,80.08,79.84,80.08,85900,64.64
20091016,79.59,79.97,79.59,79.83,85600,64.44
20091015,79.76,79.80,79.63,79.68,146700,64.32
20091014,79.88,80.18,79.85,79.87,108000,64.47
20091013,80.37,80.40,80.14,80.29,112700,64.81
20091012,79.89,80.36,79.86,80.05,144200,64.62
20091009,80.38,80.48,79.74,79.76,144000,64.38
20091008,81.00,81.02,80.60,80.71,100200,65.15
20091007,80.64,80.96,80.61,80.87,114100,65.28
20091006,80.66,80.72,80.50,80.50,195100,64.98
20091005,80.75,80.75,80.42,80.70,135100,65.14
20091002,80.86,80.91,80.40,80.53,106400,65.01
20091001,80.50,80.80,80.46,80.75,81800,65.18
20090930,80.44,80.64,80.35,80.56,108100,64.80
20090929,80.30,80.51,80.23,80.48,188100,64.74
20090928,80.36,80.45,80.13,80.37,144000,64.65
20090925,80.24,80.43,80.03,80.42,267400,64.69
20090924,80.13,80.19,79.92,80.19,140900,64.50
20090923,79.73,80.08,79.55,80.08,184200,64.41
20090922,79.59,79.85,79.50,79.81,149800,64.20
20090921,79.78,79.86,79.51,79.59,109900,64.02
20090918,79.80,79.90,79.50,79.60,114300,64.03
20090917,79.67,79.98,79.39,79.93,160100,64.29
20090916,79.78,79.82,79.26,79.58,170600,64.01
20090915,79.61,79.64,79.32,79.56,135200,64.00
20090914,80.00,80.02,79.58,79.64,246100,64.06
20090911,80.05,80.20,79.80,80.10,228700,64.43
20090910,79.46,79.95,79.30,79.75,188900,64.15
20090909,78.88,79.28,78.73,79.09,482500,63.62
20090908,79.29,79.60,79.21,79.24,73200,63.74
20090904,79.61,79.79,79.38,79.38,158700,63.85
20090903,79.77,79.98,79.61,79.78,176200,64.17
20090902,79.65,80.09,79.48,79.94,137300,64.30
20090901,79.37,80.25,79.10,79.67,241100,64.08
20090831,79.54,79.73,79.40,79.67,96900,63.85
20090828,79.11,79.51,79.01,79.51,104100,63.73
20090827,79.29,79.45,79.00,79.26,117000,63.53
20090826,79.42,79.42,79.13,79.37,112000,63.61
20090825,79.02,79.25,78.82,79.20,158300,63.48
20090824,78.51,79.04,78.49,79.04,138000,63.35
20090821,79.14,79.17,78.51,78.56,141800,62.97
20090820,79.04,79.12,78.64,78.97,87300,63.29
20090819,79.22,79.22,78.67,79.07,99000,63.37
20090818,78.94,79.04,78.57,78.79,124700,63.15
20090817,78.95,79.01,78.65,79.00,62300,63.32
20090814,78.69,78.88,78.33,78.63,91000,63.02
20090813,78.18,78.59,77.99,78.54,136700,62.95
20090812,78.15,78.15,77.61,77.96,198900,62.48
20090811,78.05,78.22,77.71,78.19,94400,62.67
20090810,77.48,77.84,77.20,77.74,66700,62.31
20090807,77.39,78.00,77.02,77.36,118200,62.00
20090806,77.84,78.00,77.67,77.77,90100,62.33
20090805,77.64,78.14,77.60,77.72,90800,62.29
20090804,78.22,78.22,77.55,77.68,86400,62.26
20090803,78.35,78.39,77.75,78.08,116300,62.58
20090731,78.23,79.00,78.23,78.87,116700,62.98
20090730,77.70,78.25,77.63,78.13,96500,62.39
20090729,77.81,77.96,77.49,77.76,107200,62.09
20090728,77.51,77.73,77.25,77.32,137600,61.74
20090727,77.21,77.47,77.06,77.43,83500,61.83
20090724,77.37,77.57,77.29,77.47,118800,61.86
20090723,77.92,77.92,77.31,77.45,135600,61.85
20090722,78.23,78.23,77.75,77.93,87000,62.23
20090721,77.47,78.28,77.30,78.24,98600,62.48
20090720,77.12,77.87,77.06,77.58,91100,61.95
20090717,77.21,77.33,77.05,77.16,66000,61.61
20090716,77.14,77.50,76.96,77.43,89400,61.83
20090715,77.41,77.49,76.84,76.84,135700,61.36
20090714,77.79,77.86,77.52,77.66,50300,62.01
20090713,78.07,78.13,77.82,77.89,64500,62.20
20090710,77.90,78.35,77.62,77.83,137400,62.15
20090709,77.73,78.13,77.29,77.52,123000,61.90
20090708,77.49,78.12,77.36,78.02,83500,62.30
20090707,77.19,77.50,77.05,77.45,101300,61.85
20090706,77.08,77.19,76.81,77.17,59000,61.62
20090702,77.19,77.26,77.00,77.23,73400,61.67
20090701,76.85,77.04,76.55,77.03,81500,61.51
20090630,77.12,77.32,76.86,77.27,108900,61.47
20090629,77.35,77.41,77.02,77.12,131100,61.35
20090626,76.83,77.23,76.83,77.13,71400,61.36
20090625,76.41,77.00,76.16,76.94,83100,61.21
20090624,76.68,77.00,76.25,76.41,85000,60.79
20090623,76.38,76.74,76.24,76.67,83100,60.99
20090622,76.22,76.32,75.99,76.14,74900,60.57
20090619,75.33,76.00,75.33,75.97,86400,60.44
20090618,75.94,76.31,75.36,75.52,104900,60.08
20090617,76.47,76.60,76.08,76.31,88200,60.71
20090616,75.95,76.39,75.95,76.39,62100,60.77
20090615,76.33,76.33,75.30,75.96,92600,60.43
20090612,75.52,76.10,75.52,75.80,85100,60.30
20090611,75.43,75.70,74.87,75.61,113100,60.15
20090610,75.21,75.25,74.64,74.87,101000,59.56
20090609,75.59,75.59,73.60,75.19,252200,59.82
20090608,75.65,75.65,74.75,74.75,168700,59.47
20090605,75.29,75.55,75.00,75.05,130200,59.70
20090604,76.54,76.54,75.55,75.82,101500,60.32
20090603,76.30,76.59,76.02,76.29,159500,60.69
20090602,75.95,76.11,75.60,76.10,107000,60.54
20090601,76.03,76.03,75.31,75.57,136700,60.12
20090529,75.98,76.70,75.98,76.60,98600,60.71
20090528,76.09,76.10,75.31,75.95,72600,60.19
20090527,76.20,76.30,75.31,75.56,93100,59.88
20090526,76.93,76.93,76.00,76.08,81900,60.29
20090522,76.53,76.67,76.22,76.38,102800,60.53
20090521,77.58,77.58,76.49,76.58,134400,60.69
20090520,77.22,77.60,77.01,77.45,66300,61.38
20090519,77.23,77.23,76.73,77.02,127200,61.04
20090518,77.43,77.43,76.83,76.95,129100,60.98
20090515,77.44,77.44,77.11,77.30,90200,61.26
20090514,77.51,77.51,77.01,77.39,79100,61.33
20090513,77.33,77.36,77.17,77.22,76200,61.20
20090512,77.10,77.31,76.98,77.15,84300,61.14
20090511,76.99,77.01,76.65,76.90,96600,60.94
20090508,76.52,76.70,76.33,76.60,102200,60.71
20090507,76.59,76.60,76.13,76.28,77800,60.45
20090506,76.48,76.60,76.25,76.49,138500,60.62
20090505,76.37,76.55,76.18,76.42,255200,60.56
20090504,76.50,76.57,76.06,76.41,56800,60.55
20090501,76.01,76.66,75.81,76.02,146100,60.25
20090430,76.39,76.67,76.22,76.67,58200,60.53
20090429,76.72,77.50,76.30,76.45,73700,60.36
20090428,76.89,76.89,76.24,76.45,101400,60.36
20090427,76.48,76.84,76.48,76.81,94400,60.64
20090424,76.48,76.67,76.24,76.54,72900,60.43
20090423,76.59,76.60,76.17,76.38,134300,60.30
20090422,76.69,76.70,76.37,76.69,57800,60.55
20090421,76.78,77.06,76.46,76.51,67700,60.41
20090420,76.51,76.87,76.30,76.81,69500,60.64
20090417,76.66,76.76,75.91,76.42,147300,60.34
20090416,76.75,76.89,76.57,76.81,50300,60.64
20090415,76.59,77.02,76.36,76.95,86200,60.76
20090414,76.50,76.67,76.35,76.61,56000,60.49
20090413,76.14,76.43,76.04,76.43,80300,60.34
20090409,75.93,76.18,75.75,75.90,54300,59.93
20090408,75.95,76.18,75.70,76.15,54600,60.12
20090407,75.61,75.72,75.40,75.72,70700,59.78
20090406,75.74,75.83,75.25,75.28,147300,59.44
20090403,76.04,76.21,75.55,75.60,129700,59.69
20090402,76.43,76.49,75.79,76.20,89800,60.16
20090401,76.43,76.59,76.17,76.55,72500,60.44
20090331,76.44,76.70,76.29,76.62,57500,60.26
20090330,76.45,76.51,76.01,76.33,57900,60.03
20090327,76.50,76.59,76.20,76.35,125900,60.04
20090326,75.88,76.35,75.56,76.33,40800,60.03
20090325,75.93,76.18,75.62,75.69,190900,59.52
20090324,76.06,76.58,75.94,75.94,144500,59.72
20090323,76.90,77.08,76.22,76.26,210900,59.97
20090320,76.91,77.10,76.46,76.64,84100,60.27
20090319,77.66,77.66,76.64,76.72,146600,60.33
20090318,75.17,77.76,75.00,77.30,92200,60.79
20090317,75.38,75.54,74.76,74.87,87700,58.88
20090316,74.87,75.37,74.73,75.34,151100,59.25
20090313,75.14,75.73,75.04,75.53,60600,59.40
20090312,74.63,75.46,74.63,75.40,70300,59.30
20090311,74.51,75.05,74.26,74.57,110100,58.64
20090310,74.88,75.00,74.56,74.85,121600,58.86
20090309,75.49,75.50,74.87,75.14,60900,59.09
20090306,75.24,75.87,75.24,75.63,85600,59.48
20090305,75.60,75.89,75.22,75.87,65600,59.67
20090304,74.69,75.40,74.67,75.40,77100,59.30
20090303,75.28,75.84,75.12,75.64,95900,59.48
20090302,75.71,75.93,75.42,75.72,186300,59.55
20090227,76.09,76.18,75.58,75.75,66800,59.36
20090226,75.94,76.02,75.72,75.92,144300,59.50
20090225,76.64,76.75,75.89,76.02,122700,59.57
20090224,76.84,77.09,76.61,76.74,55900,60.14
20090223,76.72,77.33,76.72,76.84,56100,60.22
20090220,77.21,77.64,77.08,77.31,94100,60.58
20090219,76.80,77.47,76.73,76.90,102300,60.26
20090218,77.55,77.96,77.15,77.33,77500,60.60
20090217,78.11,78.20,77.80,78.09,66300,61.20
20090213,77.44,77.64,77.16,77.55,57600,60.77
20090212,77.55,77.92,77.37,77.65,56100,60.85
20090211,76.80,77.65,76.70,77.41,98800,60.66
20090210,77.12,77.27,76.00,76.48,191900,59.93
20090209,77.07,77.07,76.37,76.62,87600,60.04
20090206,76.58,76.58,76.32,76.45,70700,59.91
20090205,76.32,77.14,76.26,76.56,120900,60.00
20090204,75.93,76.59,75.93,76.39,142900,59.86
20090203,77.45,77.66,76.35,76.54,80600,59.98
20090202,77.41,77.42,77.00,77.37,82600,60.63
20090130,77.54,77.66,76.76,77.11,152400,60.19
20090129,77.95,77.95,77.14,77.20,79100,60.26
20090128,77.78,78.54,77.78,77.99,107100,60.88
20090127,77.27,78.16,77.18,78.04,50700,60.92
20090126,77.55,78.08,76.63,77.19,92200,60.26
20090123,77.56,77.70,77.02,77.65,83200,60.62
20090122,77.87,77.87,77.25,77.36,88400,60.39
20090121,78.38,78.38,77.60,77.69,61900,60.65
20090120,77.94,78.72,77.55,78.40,93100,61.20
20090116,79.00,79.15,78.00,78.90,93700,61.59
20090115,79.50,79.50,78.72,79.06,91400,61.72
20090114,79.19,79.49,78.98,79.17,96800,61.80
20090113,78.90,78.96,78.45,78.86,305100,61.56
20090112,78.61,79.15,78.61,78.96,81000,61.64
20090109,78.17,78.66,77.90,78.48,65400,61.26
20090108,77.99,78.25,77.72,78.23,103200,61.07
20090107,78.39,78.44,77.52,77.91,115500,60.82
20090106,78.15,78.30,77.44,78.13,78700,60.99
20090105,78.24,78.65,77.51,78.40,206200,61.20
20090102,78.87,79.56,78.36,78.36,73700,61.17
20081231,79.25,79.93,79.05,79.57,192500,62.11
20081230,79.00,79.72,78.88,79.71,91200,62.22
20081229,79.07,79.91,78.97,79.58,85600,62.12
20081226,78.90,79.42,78.12,79.42,72700,62.00
20081224,78.52,79.55,78.52,78.81,45700,61.52
20081223,78.71,79.70,77.96,79.08,109300,61.50
20081222,78.29,79.13,78.29,78.89,65200,61.35
20081219,78.77,79.21,77.65,78.89,107800,61.35
20081218,78.70,79.82,78.70,79.75,90000,62.02
20081217,78.16,78.70,77.73,78.69,119000,61.20
20081216,76.54,77.74,76.01,77.56,140600,60.32
20081215,76.40,76.40,75.66,76.35,131900,59.38
20081212,75.59,75.99,74.80,75.99,103900,59.10
20081211,75.95,76.07,75.23,75.76,72600,58.92
20081210,75.12,75.52,74.60,75.40,88300,58.64
20081209,74.95,75.59,74.93,75.53,47300,58.74
20081208,75.11,75.34,74.95,75.02,87000,58.34
20081205,75.83,76.28,75.07,75.19,95000,58.48
20081204,75.48,76.31,75.00,76.31,66100,59.35
20081203,75.21,75.34,74.58,75.22,96800,58.50
20081202,75.09,75.32,74.69,75.15,155700,58.44
20081201,75.27,75.27,74.40,75.03,110400,58.35
20081128,74.58,74.95,73.84,74.76,26000,57.91
20081126,74.04,75.23,74.04,74.95,106500,58.06
20081125,73.91,74.35,73.47,74.24,102100,57.51
20081124,73.59,73.59,73.03,73.16,103600,56.67
20081121,73.60,74.05,73.31,73.86,160900,57.21
20081120,74.24,74.32,73.50,74.31,60900,57.56
20081119,73.16,73.69,72.99,73.55,48500,56.97
20081118,72.85,73.24,72.61,73.16,27800,56.67
20081117,72.48,72.78,72.33,72.77,26900,56.37
20081114,72.31,72.61,72.23,72.61,33000,56.25
20081113,72.64,72.82,71.85,72.18,51500,55.91
20081112,72.74,72.74,71.47,72.59,54400,56.23
20081111,72.32,72.72,71.82,72.36,72800,56.05
20081110,71.74,71.99,71.28,71.99,46100,55.77
20081107,71.77,71.77,71.37,71.74,26300,55.57
20081106,71.77,71.91,70.93,71.91,38700,55.70
20081105,71.37,72.08,71.35,71.87,33000,55.67
20081104,70.91,71.12,70.50,70.98,75500,54.98
20081103,70.30,70.96,70.13,70.79,64300,54.84
20081031,71.02,71.25,70.56,70.77,29900,54.58
20081030,71.03,71.25,70.64,70.80,55000,54.60
20081029,71.08,71.50,70.77,71.13,37800,54.86
20081028,71.02,71.53,70.62,70.69,39000,54.52
20081027,71.78,71.89,71.18,71.43,46000,55.09
20081024,72.11,72.11,70.83,70.83,37500,54.63
20081023,72.21,72.28,71.79,72.10,24700,55.61
20081022,72.10,72.33,71.68,72.33,69400,55.78
20081021,71.56,71.83,71.14,71.72,50500,55.31
20081020,71.18,71.19,70.27,71.19,35300,54.90
20081017,70.58,70.60,69.58,70.38,72900,54.28
20081016,70.48,71.00,69.75,70.54,96600,54.40
20081015,70.70,70.87,70.17,70.72,40500,54.54
20081014,70.45,71.21,69.23,70.78,78600,54.59
20081013,66.09,68.17,64.75,68.17,155600,52.58
20081010,68.94,69.57,67.04,67.12,108000,51.77
20081009,72.01,72.01,70.00,70.00,111600,53.99
20081008,73.52,73.93,70.88,72.18,60300,55.67
20081007,73.57,73.74,72.83,73.58,30100,56.75
20081006,74.31,74.54,73.65,73.82,37900,56.93
20081003,73.72,74.51,73.11,73.94,32400,57.03
20081002,73.57,74.21,73.50,74.21,35600,57.23
20081001,73.49,73.61,72.53,73.30,38700,56.53
20080930,75.04,75.04,73.00,73.27,72700,56.29
20080929,74.92,75.45,74.37,74.37,73100,57.14
20080926,74.79,75.35,74.29,74.68,91300,57.37
20080925,74.67,75.47,74.29,74.87,56200,57.52
20080924,74.88,75.76,74.70,75.08,81900,57.68
20080923,74.96,75.23,74.33,75.20,45400,57.77
20080922,74.85,76.67,74.68,75.25,43200,57.81
20080919,75.28,76.49,73.59,76.14,54400,58.50
20080918,76.34,76.64,75.00,75.54,96700,58.03
20080917,76.64,77.05,75.89,76.72,80500,58.94
20080916,78.30,78.30,76.43,76.76,87800,58.97
20080915,78.52,78.52,77.21,78.01,57900,59.93
20080912,76.98,77.29,76.65,76.84,44500,59.03
20080911,77.63,77.63,77.21,77.25,175900,59.35
20080910,77.12,77.43,76.91,77.38,94500,59.45
20080909,77.16,77.48,76.97,77.38,101200,59.45
20080908,76.90,77.20,76.60,77.20,40800,59.31
20080905,77.49,77.50,77.00,77.14,98700,59.26
20080904,77.12,77.39,76.96,77.24,68600,59.34
20080903,76.82,77.08,76.79,76.99,70600,59.15
20080902,76.55,76.83,76.19,76.83,34200,59.03
20080829,77.11,77.11,76.55,76.56,47900,58.58
20080828,76.83,76.94,76.68,76.92,37200,58.86
20080827,76.57,77.03,76.50,77.02,27900,58.94
20080826,76.78,76.96,76.62,76.96,69400,58.89
20080825,76.67,76.97,76.67,76.96,46600,58.89
20080822,76.48,76.55,76.35,76.52,11500,58.55
20080821,76.63,76.84,76.47,76.67,33200,58.67
20080820,76.58,76.90,76.50,76.78,42800,58.75
20080819,76.64,76.70,76.36,76.57,40000,58.59
20080818,76.62,76.81,76.56,76.64,27800,58.65
20080815,76.64,76.76,76.55,76.67,29600,58.67
20080814,76.47,76.54,76.22,76.47,64100,58.52
20080813,76.61,76.61,76.09,76.30,24500,58.39
20080812,76.38,76.53,76.29,76.53,52300,58.56
20080811,75.95,76.27,75.68,76.08,32100,58.22
20080808,76.54,76.54,76.12,76.39,44100,58.45
20080807,76.17,76.56,76.00,76.54,24100,58.57
20080806,75.96,75.96,75.51,75.92,22000,58.09
20080805,76.08,76.11,75.74,75.82,28600,58.02
20080804,75.84,76.26,75.84,76.14,16800,58.26
20080801,76.25,76.25,75.89,76.16,74100,58.28
20080731,76.39,76.47,76.25,76.45,33500,58.27
20080730,75.81,76.09,75.58,75.97,34100,57.90
20080729,75.83,76.12,75.79,75.92,34400,57.86
20080728,76.10,76.24,75.97,76.07,20700,57.98
20080725,75.87,76.13,75.69,75.78,32800,57.76
20080724,75.56,76.26,75.56,76.22,69300,58.09
20080723,75.49,75.56,75.30,75.56,36400,57.59
20080722,75.81,75.88,75.54,75.54,23200,57.57
20080721,75.66,75.93,75.55,75.93,45300,57.87
20080718,75.91,76.04,75.50,75.65,59400,57.66
20080717,76.05,76.15,75.69,75.78,36000,57.76
20080716,76.41,76.61,76.23,76.23,17900,58.10
20080715,76.62,77.08,76.62,76.85,46200,58.57
20080714,76.35,76.91,76.32,76.77,34200,58.51
20080711,77.19,77.19,76.19,76.42,34200,58.24
20080710,76.82,77.05,76.77,77.03,32200,58.71
20080709,76.69,77.05,76.62,77.05,33000,58.72
20080708,76.80,76.83,76.44,76.76,75700,58.50
20080707,76.32,76.70,76.06,76.40,43900,58.23
20080703,76.04,76.23,75.91,76.20,55500,58.08
20080702,76.01,76.36,75.74,76.28,23700,58.14
20080701,77.06,77.06,76.02,76.18,21300,58.06
20080630,76.69,76.70,76.45,76.66,18400,58.20
20080627,77.00,77.00,76.31,76.53,20400,58.10
20080626,76.55,76.55,76.14,76.34,15900,57.96
20080625,76.35,76.35,75.64,76.10,28700,57.77
20080624,76.13,76.24,75.97,76.21,28800,57.86
20080623,76.10,76.10,75.82,75.90,13000,57.62
20080620,76.00,76.29,75.98,76.04,43400,57.73
20080619,76.12,76.17,75.67,75.81,20900,57.55
20080618,76.09,76.31,75.92,76.28,83600,57.91
20080617,76.05,76.15,75.73,76.07,27900,57.75
20080616,75.91,75.91,75.43,75.69,33600,57.46
20080613,75.55,76.09,75.50,75.71,40800,57.48
20080612,76.00,76.18,75.64,75.82,54800,57.56
20080611,76.45,76.69,76.27,76.42,25400,58.02
20080610,76.55,76.56,76.07,76.22,30100,57.87
20080609,76.81,76.96,76.50,76.70,36700,58.23
20080606,76.83,77.35,76.83,77.20,29800,58.61
20080605,76.82,76.82,76.47,76.65,35600,58.19
20080604,77.38,77.51,76.90,76.90,65600,58.38
20080603,77.08,77.53,76.04,77.36,19200,58.73
20080602,76.53,76.95,76.00,76.95,41900,58.42
20080530,76.86,77.18,76.76,76.95,30200,58.19
20080529,76.88,76.93,76.50,76.78,43400,58.06
20080528,77.75,77.75,76.89,77.01,55800,58.23
20080527,77.77,77.77,77.34,77.51,37200,58.61
20080523,77.74,77.89,77.68,77.89,29900,58.90
20080522,79.48,79.48,77.30,77.49,34700,58.59
20080521,78.10,78.26,77.98,78.12,56900,59.07
20080520,78.38,78.38,78.05,78.32,40100,59.22
20080519,78.16,78.16,77.65,78.12,47100,59.07
20080516,78.40,78.40,77.86,77.86,34700,58.87
20080515,77.78,78.06,77.49,78.06,43200,59.03
20080514,77.75,77.83,77.21,77.51,42800,58.61
20080513,78.34,78.34,77.37,77.49,81600,58.59
20080512,78.26,78.43,78.10,78.13,33400,59.08
20080509,78.44,78.48,78.23,78.30,36800,59.21
20080508,78.17,78.38,77.90,78.38,40900,59.27
20080507,77.59,77.95,77.33,77.94,30000,58.94
20080506,78.36,78.36,77.65,77.75,26600,58.79
20080505,77.79,78.17,77.79,78.08,29100,59.04
20080502,78.10,78.10,77.71,77.94,32800,58.94
20080501,78.38,78.52,77.97,78.00,75600,58.98
20080430,78.54,78.54,77.98,78.41,40700,59.08
20080429,78.13,78.36,78.05,78.12,25700,58.86
20080428,77.98,78.17,77.86,78.10,22100,58.85
20080425,77.83,78.06,77.53,77.72,53800,58.56
20080424,78.09,78.18,77.58,77.81,52600,58.63
20080423,78.40,78.51,78.20,78.37,52600,59.05
20080422,77.95,78.62,77.95,78.52,45800,59.16
20080421,78.28,78.43,77.94,78.22,38900,58.94
20080418,78.00,78.30,77.57,78.20,18200,58.92
20080417,78.10,78.40,77.97,78.30,30000,59.00
20080416,78.51,78.86,78.09,78.32,40300,59.01
20080415,79.13,79.13,78.75,78.85,22900,59.41
20080414,80.18,80.18,79.02,79.02,16700,59.54
20080411,79.40,79.40,79.14,79.33,23900,59.77
20080410,79.31,79.34,78.80,78.80,26200,59.37
20080409,78.78,79.44,78.78,78.90,24900,59.45
20080408,78.84,79.06,78.80,79.00,19900,59.53
20080407,78.84,79.02,78.51,78.51,54200,59.16
20080404,79.45,79.45,79.02,79.15,33000,59.64
20080403,78.61,78.75,78.50,78.50,197100,59.15
20080402,78.83,78.83,78.38,78.53,41400,59.17
20080401,79.27,79.27,78.54,78.79,62500,59.37
20080331,80.26,80.26,79.54,79.60,39700,59.75
20080328,79.10,79.52,79.02,79.48,25400,59.66
20080327,79.06,79.26,78.92,79.01,55400,59.30
20080326,79.54,79.54,79.07,79.16,36900,59.42
20080325,78.60,79.15,78.60,79.15,37800,59.41
20080324,79.70,79.70,78.49,78.62,85400,59.01
20080320,81.49,81.49,79.35,79.69,56600,59.81
20080319,80.73,80.73,79.16,79.69,19900,59.81
20080318,78.35,79.70,78.35,78.65,36400,59.03
20080317,79.71,79.71,78.95,79.38,32300,59.58
20080314,78.71,79.11,78.59,78.95,30400,59.26
20080313,79.09,79.15,78.32,78.50,47500,58.92
20080312,78.42,79.20,78.34,79.20,32100,59.45
20080311,78.42,78.67,78.33,78.48,60700,58.91
20080310,78.62,79.26,78.62,78.95,25700,59.26
20080307,78.86,78.86,78.32,78.55,21600,58.96
20080306,78.45,78.76,78.39,78.56,48400,58.97
20080305,78.75,78.76,78.02,78.02,116200,58.56
20080304,78.97,79.24,78.61,78.75,98600,59.11
20080303,79.85,79.85,78.86,79.06,71600,59.34
20080229,79.36,79.60,79.17,79.59,31600,59.55
20080228,78.77,78.91,78.37,78.91,90000,59.04
20080227,78.44,78.47,78.02,78.22,37100,58.52
20080226,77.77,78.16,77.77,78.15,120600,58.47
20080225,78.13,78.24,77.73,77.83,39200,58.23
20080222,78.45,78.70,78.22,78.28,25600,58.57
20080221,78.06,78.62,77.86,78.59,93000,58.80
20080220,77.73,77.92,77.57,77.70,53900,58.13
20080219,78.28,78.28,77.75,77.85,51500,58.24
20080215,78.35,78.63,78.35,78.50,25200,58.73
20080214,78.58,78.72,78.15,78.39,18100,58.65
20080213,78.87,79.08,78.67,78.76,19400,58.92
20080212,78.28,79.06,78.28,79.02,28800,59.12
20080211,79.19,79.40,79.04,79.40,23000,59.40
20080208,78.98,79.06,78.72,79.06,41200,59.15
20080207,79.30,79.30,78.42,78.46,111400,58.70
20080206,79.40,79.41,79.16,79.33,68100,59.35
20080205,79.60,79.62,79.34,79.54,38100,59.51
20080204,79.00,79.17,78.79,79.15,110600,59.22
20080201,79.38,79.51,79.15,79.22,65400,59.27
20080131,79.75,79.76,79.30,79.50,52000,59.26
20080130,78.73,81.45,78.50,79.25,238200,59.07
20080129,79.40,79.42,79.09,79.19,63000,59.03
20080128,79.52,79.58,79.29,79.50,48300,59.26
20080125,78.87,79.69,78.57,79.69,31900,59.40
20080124,79.56,79.58,78.94,78.99,38300,58.88
20080123,80.79,80.79,79.49,79.63,124700,59.36
20080122,79.91,79.91,79.35,79.85,57900,59.52
20080118,79.06,79.26,79.00,79.26,35800,59.08
20080117,78.81,79.33,78.72,79.31,28400,59.12
20080116,78.92,79.03,78.63,78.80,45200,58.74
20080115,78.55,78.93,78.55,78.93,38700,58.83
20080114,78.61,78.61,78.32,78.52,30600,58.53
20080111,78.29,78.49,78.02,78.43,18700,58.46
20080110,79.18,79.18,77.88,78.06,44600,58.19
20080109,78.55,78.55,78.19,78.22,18000,58.30
20080108,79.94,79.94,77.96,78.40,52000,58.44
20080107,78.35,78.38,78.09,78.38,57200,58.42
20080104,78.30,78.37,78.09,78.21,80100,58.30
20080103,77.86,78.00,77.60,78.00,55300,58.14
20080102,78.97,78.97,77.42,77.99,63600,58.13
20071231,77.45,77.45,77.03,77.32,22300,57.63
20071228,77.02,77.14,76.77,77.09,29600,57.46
20071227,76.21,77.52,76.21,76.56,15000,57.07
20071226,76.06,76.41,75.90,75.95,18800,56.61
20071224,76.42,76.57,76.29,76.38,14700,56.93
20071221,77.37,78.39,76.78,76.99,93600,57.17
20071220,77.03,77.76,77.03,77.58,161700,57.61
20071219,77.19,77.47,76.61,77.22,34900,57.34
20071218,76.56,83.00,76.56,76.96,23300,57.15
20071217,76.57,76.83,76.55,76.83,38600,57.05
20071214,76.51,76.60,76.32,76.40,20900,56.73
20071213,76.80,76.88,76.60,76.60,15300,56.88
20071212,76.66,77.22,76.60,77.04,34400,57.20
20071211,76.56,77.54,76.56,77.50,37300,57.55
20071210,76.85,76.89,76.58,76.69,25100,56.95
20071207,77.14,77.14,76.61,76.83,11000,57.05
20071206,77.60,77.60,77.21,77.30,23800,57.40
20071205,77.70,77.85,77.59,77.69,16700,57.69
20071204,77.94,78.00,77.66,77.94,19500,57.87
20071203,79.97,79.97,77.70,77.91,27100,57.85
20071130,77.53,77.96,77.53,77.94,22800,57.65
20071129,77.84,78.06,77.82,77.85,16400,57.59
20071128,77.67,77.67,77.32,77.50,33000,57.33
20071127,80.25,80.25,77.50,77.70,50200,57.48
20071126,76.69,78.36,76.69,78.36,19100,57.96
20071123,77.38,77.48,77.35,77.47,9000,57.31
20071121,77.59,77.67,77.33,77.62,14200,57.42
20071120,77.30,77.39,77.06,77.18,23000,57.09
20071119,76.93,77.42,76.83,77.36,8600,57.23
20071116,76.83,77.02,76.80,76.80,26600,56.81
20071115,76.71,76.91,76.45,76.89,24000,56.88
20071114,76.24,76.48,76.24,76.45,9500,56.55
20071113,76.95,76.95,76.39,76.41,12800,56.52
20071112,76.85,76.85,76.70,76.80,18100,56.81
20071109,76.59,76.73,76.48,76.70,11700,56.74
20071108,76.40,76.54,76.31,76.37,15900,56.49
20071107,76.19,76.29,76.08,76.28,13500,56.43
20071106,76.12,76.29,76.02,76.07,17800,56.27
20071105,76.51,76.51,76.25,76.26,28900,56.41
20071102,76.18,76.68,76.18,76.55,46000,56.63
20071101,76.09,76.48,76.09,76.46,14800,56.56
20071031,76.32,76.43,76.03,76.04,14000,56.03
20071030,76.46,76.54,76.38,76.50,12000,56.37
20071029,76.41,76.58,76.35,76.51,11600,56.38
20071026,76.44,76.63,76.38,76.45,17300,56.33
20071025,76.69,76.75,76.55,76.60,12000,56.44
20071024,76.62,76.83,76.48,76.74,20200,56.55
20071023,76.32,76.46,76.24,76.41,22900,56.30
20071022,76.44,76.44,76.19,76.32,18800,56.24
20071019,76.22,76.51,76.10,76.47,31100,56.35
20071018,75.98,76.04,75.95,76.03,10400,56.02
20071017,75.47,75.91,75.47,75.87,92900,55.91
20071016,75.30,75.35,75.25,75.25,4200,55.45
20071015,75.06,75.25,75.06,75.20,13800,55.41
20071012,75.09,75.32,75.09,75.12,8600,55.35
20071011,75.12,75.33,75.10,75.33,9700,55.51
20071010,75.12,75.43,75.12,75.43,9000,55.58
20071009,75.33,75.39,75.12,75.16,24600,55.38
20071008,75.33,75.50,75.27,75.50,13200,55.63
20071005,75.28,75.77,75.07,75.26,16300,55.46
20071004,75.57,75.68,75.54,75.66,6200,55.75
20071003,75.64,75.74,75.32,75.46,17500,55.60
20071002,75.40,75.65,75.39,75.59,23400,55.70
20071001,75.33,75.47,75.26,75.37,17300,55.54
20070928,75.85,75.85,75.50,75.55,14900,55.45
20070927,75.39,75.63,75.39,75.61,13800,55.49
20070926,75.29,75.45,75.15,75.30,10400,55.27
20070925,75.51,75.61,75.33,75.33,14600,55.29
20070924,75.18,75.30,75.13,75.30,20400,55.27
20070921,75.15,75.22,74.99,75.17,13300,55.17
20070920,75.23,75.31,74.63,74.70,19200,54.83
20070919,75.52,75.52,75.25,75.49,20900,55.41
20070918,75.44,75.69,75.30,75.64,13300,55.52
20070917,75.44,75.56,75.42,75.55,16700,55.45
20070914,75.90,75.90,75.38,75.48,17100,55.40
20070913,75.67,75.67,75.35,75.45,15100,55.38
20070912,75.98,76.01,75.80,75.87,15000,55.68
20070911,76.06,76.13,75.85,75.85,24400,55.67
20070910,76.07,76.31,75.91,76.08,31800,55.84
20070907,76.00,76.03,75.77,75.89,21900,55.70
20070906,75.53,75.63,75.35,75.39,30800,55.33
20070905,75.45,75.67,75.45,75.63,15000,55.51
20070904,75.39,75.39,75.21,75.30,17900,55.27
20070831,75.35,75.68,75.28,75.67,9100,55.32
20070830,75.49,75.62,75.44,75.57,11600,55.24
20070829,75.50,75.62,75.30,75.39,10500,55.11
20070828,75.31,75.66,75.14,75.66,7400,55.31
20070827,75.10,75.22,75.05,75.22,9200,54.99
20070824,75.03,75.04,74.89,74.96,38700,54.80
20070823,74.78,75.03,74.78,74.92,6800,54.77
20070822,74.82,74.99,74.74,74.89,20800,54.75
20070821,75.09,75.13,74.98,75.04,7100,54.86
20070820,74.87,75.01,74.83,74.86,19000,54.73
20070817,74.75,74.87,74.67,74.79,31000,54.67
20070816,74.66,75.06,74.64,74.64,9000,54.56
20070815,74.67,74.77,74.42,74.64,15100,54.56
20070814,74.14,74.61,74.14,74.61,4600,54.54
20070813,74.16,74.37,73.88,74.37,6400,54.37
20070810,74.41,74.43,74.20,74.21,8600,54.25
20070809,74.42,74.45,74.01,74.40,22000,54.39
20070808,74.30,74.30,74.04,74.16,6100,54.21
20070807,74.46,74.50,74.28,74.32,4700,54.33
20070806,74.63,74.66,74.40,74.44,7000,54.42
20070803,74.36,74.66,74.36,74.66,7100,54.58
20070802,74.18,74.30,74.11,74.26,12100,54.29
20070801,74.36,74.43,74.24,74.26,7300,54.29
20070731,74.38,74.69,74.37,74.69,4200,54.43
20070730,74.43,74.48,74.25,74.25,3800,54.10
20070727,74.49,74.50,74.15,74.50,21900,54.29
20070726,74.48,74.72,74.40,74.65,14900,54.40
20070725,74.14,74.24,74.08,74.23,16100,54.09
20070724,74.08,74.13,74.01,74.03,10200,53.94
20070723,73.94,73.98,73.92,73.96,7300,53.89
20070720,73.90,74.17,73.90,74.07,329300,53.97
20070719,73.58,73.74,73.58,73.72,18700,53.72
20070718,73.66,73.93,73.61,73.79,19800,53.77
20070717,73.55,73.65,73.47,73.59,4400,53.62
20070716,73.46,73.63,73.43,73.60,9100,53.63
20070713,73.43,73.45,73.17,73.36,7700,53.46
20070712,73.50,73.50,73.27,73.27,7500,53.39
20070711,73.63,73.63,73.42,73.43,14500,53.51
20070710,73.47,73.74,73.47,73.74,8400,53.73
20070709,73.18,73.20,73.04,73.18,5500,53.32
20070706,73.16,73.18,73.00,73.12,8200,53.28
20070705,73.44,73.46,73.08,73.23,12900,53.36
20070703,73.88,73.88,73.63,73.63,4500,53.65
20070702,73.70,73.81,73.69,73.81,5900,53.78
20070629,73.69,73.86,73.59,73.86,58700,53.66
20070628,73.66,73.68,73.42,73.42,11800,53.34
20070627,73.85,73.85,73.61,73.61,12900,53.48
20070626,73.69,73.71,73.46,73.61,7200,53.48
20070625,73.60,73.74,73.58,73.67,6100,53.52
20070622,73.19,73.50,73.19,73.38,8100,53.31
20070621,73.44,73.46,73.27,73.28,14700,53.24
20070620,73.55,73.57,73.42,73.42,15400,53.34
20070619,73.40,73.67,73.39,73.67,10700,53.52
20070618,73.27,73.37,73.17,73.37,7100,53.30
20070615,73.06,73.29,73.06,73.27,6900,53.23
20070614,73.07,73.08,72.86,72.87,9000,52.94
20070613,72.92,73.05,72.90,73.03,5200,53.06
20070612,73.04,73.06,72.80,72.82,31200,52.91
20070611,73.22,73.37,73.22,73.27,4700,53.23
20070608,73.27,73.41,73.20,73.39,16600,53.32
20070607,73.69,73.69,73.36,73.41,27400,53.33
20070606,73.97,74.05,73.95,74.02,18700,53.78
20070605,74.05,74.07,73.94,73.94,37600,53.72
20070604,74.07,74.11,74.00,74.09,13500,53.83
20070601,74.13,74.14,73.97,73.97,19100,53.74
20070531,74.59,74.59,74.38,74.49,18000,53.95
20070530,74.67,74.67,74.56,74.58,26200,54.01
20070529,74.61,74.61,74.52,74.53,14400,53.98
20070525,74.59,74.64,74.59,74.64,5800,54.06
20070524,74.65,74.65,74.45,74.64,30600,54.06
20070523,74.78,74.79,74.58,74.62,7600,54.04
20070522,74.88,74.88,74.71,74.71,25400,54.11
20070521,74.79,74.92,74.77,74.92,37100,54.26
20070518,74.94,74.98,74.77,74.80,25300,54.17
20070517,75.05,75.10,74.99,75.01,10500,54.32
20070516,75.21,75.24,75.17,75.21,38300,54.47
20070515,75.30,75.30,75.11,75.18,6200,54.45
20070514,75.30,75.33,75.22,75.25,23000,54.50
20070511,75.54,75.55,75.29,75.29,45600,54.53
20070510,75.32,75.41,75.30,75.41,14000,54.61
20070509,75.45,75.46,75.31,75.31,46200,54.54
20070508,75.39,75.52,75.39,75.42,13400,54.62
20070507,75.42,75.42,75.33,75.41,14400,54.61
20070504,75.36,75.39,75.36,75.39,13600,54.60
20070503,75.30,75.31,75.17,75.21,13600,54.47
20070502,75.29,75.34,75.29,75.33,6200,54.56
20070501,75.54,75.57,75.10,75.33,19000,54.56
20070430,75.44,75.60,75.44,75.60,11300,54.60
20070427,75.36,75.36,75.24,75.24,8300,54.34
20070426,75.44,75.44,75.28,75.28,3300,54.37
20070425,75.53,75.62,75.47,75.48,7800,54.51
20070424,75.47,75.63,75.44,75.56,8300,54.57
20070423,75.30,75.43,75.25,75.41,5300,54.46
20070420,75.35,75.37,75.24,75.31,8300,54.39
20070419,75.36,75.36,75.30,75.31,3400,54.39
20070418,75.28,75.34,75.28,75.33,1600,54.40
20070417,75.15,75.19,75.15,75.17,5300,54.29
20070416,74.96,75.00,74.93,75.00,38300,54.17
20070413,74.96,75.01,74.86,74.86,9600,54.06
20070412,75.05,75.06,74.91,74.94,6600,54.12
20070411,75.02,75.05,74.94,74.95,14800,54.13
20070410,75.02,75.06,75.00,75.06,12400,54.21
