20140814,90.82,91.05,90.51,91.03,292700,91.03
20140813,90.18,90.48,90.10,90.47,183200,90.47
20140812,90.32,90.54,90.11,90.11,267000,90.11
20140811,90.47,90.75,90.46,90.63,144000,90.63
20140808,90.69,91.00,90.51,90.62,129600,90.62
20140807,90.12,90.61,90.01,90.61,115800,90.61
20140806,90.20,90.29,89.93,90.04,302400,90.04
20140805,89.54,89.96,89.37,89.89,223600,89.89
20140804,89.82,89.94,89.65,89.77,145100,89.77
20140801,89.27,89.75,88.87,89.59,102500,89.59
20140731,89.44,89.98,89.36,89.57,69600,89.27
20140730,90.62,90.64,89.87,89.95,110200,89.64
20140729,91.08,91.10,90.79,90.97,218100,90.66
20140728,90.80,90.99,90.65,90.77,48500,90.46
20140725,90.74,90.80,90.55,90.80,46000,90.49
20140724,90.34,90.39,90.11,90.19,115000,89.88
20140723,90.79,90.91,90.69,90.73,121300,90.42
20140722,90.56,90.79,90.35,90.71,31100,90.40
20140721,90.47,90.71,90.46,90.54,46700,90.23
20140718,90.44,90.44,90.02,90.35,44500,90.04
20140717,89.89,90.36,89.85,90.32,52200,90.01
20140716,89.38,89.70,89.34,89.63,91700,89.33
20140715,89.20,89.61,89.11,89.35,66000,89.05
20140714,89.60,89.62,89.36,89.42,49600,89.12
20140711,89.57,89.76,89.57,89.75,14200,89.45
20140710,89.65,89.65,89.20,89.28,39000,88.98
20140709,89.18,89.55,89.06,89.23,41500,88.93
20140708,89.08,89.30,89.05,89.18,52800,88.88
20140707,88.28,88.71,88.28,88.58,40000,88.28
20140703,87.91,88.18,87.79,88.11,62900,87.81
20140702,88.84,88.84,88.38,88.39,27800,88.09
20140701,89.19,89.37,89.10,89.23,49100,88.93
20140630,89.79,90.00,89.68,89.89,26200,89.28
20140627,89.86,89.98,89.65,89.73,34200,89.12
20140626,89.61,89.98,89.61,89.77,50500,89.16
20140625,89.63,89.66,89.35,89.39,76200,88.78
20140624,88.97,89.19,88.77,89.19,31200,88.58
20140623,88.79,88.96,88.51,88.51,108600,87.91
20140620,88.39,88.65,88.20,88.65,103700,88.05
20140619,89.20,89.20,88.35,88.53,78200,87.93
20140618,88.55,89.06,88.55,89.06,25700,88.45
20140617,88.78,88.78,88.50,88.57,32500,87.97
20140616,88.94,89.21,88.93,89.08,69100,88.47
20140613,88.59,89.18,88.52,88.97,27400,88.36
20140612,88.43,89.01,88.24,88.92,61900,88.31
20140611,88.41,88.55,88.17,88.36,56700,87.76
20140610,88.21,88.42,88.10,88.36,280600,87.76
20140609,88.43,88.54,88.27,88.50,32000,87.90
20140606,88.81,88.93,88.49,88.61,64300,88.01
20140605,88.00,88.68,88.00,88.41,33100,87.81
20140604,88.50,88.50,88.10,88.32,34100,87.72
20140603,88.85,88.88,88.45,88.45,77400,87.85
20140602,89.22,89.54,89.00,89.15,40700,88.54
20140530,90.05,90.20,90.00,90.01,33200,89.08
20140529,90.46,90.69,90.10,90.14,57200,89.21
20140528,89.97,90.44,89.97,90.33,98400,89.40
20140527,89.23,89.56,88.99,89.54,65100,88.62
20140523,88.98,89.22,88.98,89.14,44100,88.22
20140522,88.92,88.97,88.59,88.79,36300,87.87
20140521,88.89,88.99,88.75,88.93,33900,88.01
20140520,89.13,89.50,89.13,89.28,156700,88.36
20140519,89.92,89.92,89.22,89.27,58400,88.35
20140516,89.73,89.90,89.58,89.68,46800,88.76
20140515,89.85,90.25,89.64,89.84,46000,88.91
20140514,89.15,89.64,89.12,89.53,41400,88.61
20140513,88.49,88.62,88.49,88.54,136500,87.63
20140512,88.40,88.40,88.02,88.12,187600,87.21
20140509,88.70,88.79,88.41,88.50,129400,87.59
20140508,89.10,89.36,88.52,88.82,60000,87.90
20140507,89.21,89.21,88.91,89.00,40100,88.08
20140506,88.84,89.21,88.84,89.15,47300,88.23
20140505,89.29,89.36,88.77,88.83,73100,87.91
20140502,88.57,89.44,88.41,89.25,57700,88.33
20140501,88.12,88.74,88.02,88.68,63900,87.77
20140430,88.04,88.49,87.90,88.48,49300,87.27
20140429,87.72,88.05,87.65,88.04,27000,86.84
20140428,88.26,88.29,87.92,88.04,26500,86.84
20140425,88.32,88.60,88.32,88.39,46200,87.18
20140424,87.84,88.29,87.84,88.26,68800,87.05
20140423,87.85,88.15,87.80,88.08,26900,86.88
20140422,87.37,87.76,87.25,87.75,41500,86.55
20140421,87.68,87.87,87.50,87.59,101700,86.39
20140417,88.25,88.29,87.31,87.60,85000,86.40
20140416,87.66,88.22,87.61,88.20,57900,86.99
20140415,87.65,88.20,87.65,88.06,56400,86.86
20140414,87.65,87.77,87.60,87.75,50400,86.55
20140411,87.63,87.73,87.25,87.70,49300,86.50
20140410,86.85,87.38,86.73,87.17,61800,85.98
20140409,86.65,87.01,86.60,86.80,54100,85.61
20140408,86.77,87.01,86.46,86.98,75400,85.79
20140407,86.45,86.77,86.34,86.73,61300,85.55
20140404,85.95,86.48,85.95,86.23,68000,85.05
20140403,85.76,85.90,85.65,85.88,46400,84.71
20140402,85.80,85.85,85.59,85.64,74700,84.47
20140401,86.02,86.19,85.95,86.05,53000,84.87
20140331,86.46,86.75,86.15,86.73,123600,85.22
20140328,87.04,87.06,86.58,86.90,156600,85.39
20140327,86.86,87.35,86.70,87.17,101800,85.65
20140326,86.29,86.80,86.20,86.80,197400,85.29
20140325,86.05,86.33,85.94,86.22,57900,84.72
20140324,85.85,86.42,85.80,86.37,63500,84.87
20140321,85.41,85.85,85.41,85.83,20600,84.34
20140320,85.21,85.48,85.17,85.24,44900,83.76
20140319,85.88,85.89,85.17,85.29,39600,83.81
20140318,85.62,86.04,85.52,85.81,63400,84.32
20140317,85.67,85.78,85.50,85.57,169300,84.08
20140314,86.05,86.12,85.69,85.75,263400,84.26
20140313,84.87,85.96,84.87,85.78,73900,84.29
20140312,84.99,85.10,84.81,85.05,36400,83.57
20140311,84.43,84.67,84.40,84.61,51300,83.14
20140310,84.39,84.52,84.37,84.45,49500,82.98
20140307,84.31,84.58,84.22,84.42,81900,82.95
20140306,85.06,85.15,84.94,84.94,110900,83.46
20140305,85.40,85.58,85.28,85.48,65100,83.99
20140304,85.94,86.17,85.45,85.58,145600,84.09
20140303,86.12,86.24,85.92,86.21,439600,84.71
20140228,86.30,86.37,86.03,86.24,381300,84.46
20140227,86.25,86.39,86.15,86.35,40800,84.57
20140226,85.62,85.96,85.57,85.91,38000,84.14
20140225,85.28,85.55,85.27,85.50,37400,83.74
20140224,85.20,85.22,84.90,85.05,65800,83.30
20140221,84.69,85.13,84.69,85.11,51800,83.36
20140220,84.80,84.92,84.51,84.72,47400,82.97
20140219,85.38,85.38,84.70,84.85,199000,83.10
20140218,85.09,85.39,84.81,85.13,116200,83.37
20140214,84.93,85.00,84.81,84.95,56800,83.20
20140213,84.81,84.90,84.69,84.83,64500,83.08
20140212,84.75,84.75,84.43,84.56,54200,82.82
20140211,84.91,85.07,84.74,84.92,144900,83.17
20140210,84.52,85.23,84.52,85.22,201900,83.46
20140207,84.91,85.10,84.81,84.94,176700,83.19
20140206,85.12,85.28,84.84,84.99,108700,83.24
20140205,85.43,85.60,85.05,85.09,222300,83.34
20140204,85.78,85.87,85.52,85.74,202500,83.97
20140203,85.55,86.26,85.25,86.21,526900,84.43
20140131,85.56,85.76,85.35,85.70,326700,83.62
20140130,85.13,85.32,84.95,85.29,55700,83.22
20140129,85.11,85.49,84.82,85.32,46400,83.25
20140128,84.79,84.87,84.50,84.87,104500,82.81
20140127,84.81,84.95,84.53,84.58,81600,82.53
20140124,84.68,84.85,84.47,84.85,30900,82.79
20140123,84.13,84.64,84.06,84.43,39300,82.38
20140122,84.06,84.24,83.80,83.85,58700,81.81
20140121,83.99,84.27,83.92,84.18,48600,82.14
20140117,83.75,83.99,83.70,83.96,24200,81.92
20140116,83.79,83.89,83.72,83.85,19400,81.81
20140115,83.23,83.48,83.15,83.44,87100,81.41
20140114,83.55,83.63,83.45,83.47,39600,81.44
20140113,83.38,83.79,83.38,83.66,39700,81.63
20140110,83.12,83.49,83.10,83.46,112900,81.43
20140109,82.41,82.59,82.21,82.56,21300,80.56
20140108,82.25,82.28,81.88,82.18,63000,80.19
20140107,82.64,82.64,82.46,82.55,31900,80.55
20140106,82.20,82.55,82.17,82.28,21500,80.28
20140103,81.92,82.33,81.82,82.08,49800,80.09
20140102,81.65,82.14,81.65,81.93,46000,79.94
20131231,82.05,82.13,81.36,81.65,43500,79.67
20131230,81.97,82.10,81.83,82.04,68000,80.05
20131227,81.77,81.86,81.58,81.60,36400,79.62
20131226,82.12,82.13,81.83,81.89,26800,79.90
20131224,82.25,82.50,82.23,82.24,32700,80.24
20131223,83.06,83.27,82.86,82.86,62000,80.53
20131220,82.77,83.19,82.41,83.19,111900,80.85
20131219,82.27,82.38,82.16,82.26,40400,79.95
20131218,82.29,82.85,82.15,82.36,80400,80.04
20131217,82.47,82.57,82.15,82.51,72700,80.19
20131216,82.53,82.65,82.14,82.24,35300,79.93
20131213,82.40,82.58,82.23,82.41,28500,80.09
20131212,82.24,82.28,82.06,82.14,29200,79.83
20131211,82.44,82.48,82.19,82.29,107500,79.97
20131210,82.41,82.65,82.31,82.62,51400,80.30
20131209,81.79,82.02,81.79,81.99,126000,79.68
20131206,81.60,81.86,81.53,81.81,114100,79.51
20131205,81.58,81.72,81.39,81.44,127000,79.15
20131204,81.83,81.88,81.45,81.62,81300,79.32
20131203,82.25,82.41,82.14,82.19,83600,79.88
20131202,82.50,82.50,81.91,82.04,263400,79.73
20131129,82.74,82.86,82.56,82.81,26500,80.17
20131127,82.70,82.91,82.50,82.69,238400,80.05
20131126,82.81,83.11,82.81,82.98,100400,80.33
20131125,82.52,82.82,82.50,82.82,235900,80.18
20131122,82.34,82.67,82.31,82.48,140000,79.85
20131121,81.79,81.98,81.51,81.90,218600,79.29
20131120,82.64,82.94,81.66,81.78,65800,79.17
20131119,83.25,83.29,82.82,82.86,55600,80.22
20131118,82.91,83.30,82.77,83.27,46600,80.62
20131115,82.78,82.82,82.50,82.78,31700,80.14
20131114,82.50,82.88,82.28,82.66,28100,80.02
20131113,82.03,82.14,82.00,82.07,70100,79.45
20131112,81.46,81.83,81.45,81.79,85500,79.18
20131111,81.69,81.85,81.50,81.64,130300,79.04
20131108,82.08,82.14,81.79,81.83,115100,79.22
20131107,82.94,83.28,82.81,83.25,29000,80.60
20131106,82.87,82.90,82.68,82.80,82800,80.16
20131105,83.21,83.21,82.75,82.80,84700,80.16
20131104,83.71,83.78,83.40,83.45,51000,80.79
20131101,84.10,84.10,83.50,83.54,39600,80.88
20131031,84.91,84.91,84.40,84.62,66300,81.61
20131030,84.71,84.97,84.33,84.57,38600,81.57
20131029,84.60,84.80,84.55,84.68,21500,81.67
20131028,84.81,85.00,84.73,84.86,19300,81.84
20131025,84.80,84.93,84.73,84.91,38900,81.89
20131024,84.98,85.04,84.67,84.67,10000,81.66
20131023,84.78,85.13,84.78,84.89,32700,81.87
20131022,84.53,84.69,84.43,84.67,49200,81.66
20131021,83.94,84.09,83.79,83.87,267000,80.89
20131018,84.20,84.35,84.09,84.16,24500,81.17
20131017,83.66,84.13,83.53,84.00,33500,81.02
20131016,82.33,83.18,82.31,83.15,39700,80.20
20131015,82.53,82.75,82.32,82.32,101000,79.40
20131014,82.64,82.96,82.09,82.27,43500,79.35
20131011,83.11,83.18,82.77,82.77,30800,79.83
20131010,82.30,82.77,82.16,82.70,21700,79.76
20131009,82.80,82.87,82.64,82.70,20900,79.76
20131008,82.81,83.10,82.77,82.95,45700,80.00
20131007,83.00,83.05,82.80,82.89,38600,79.94
20131004,82.78,82.78,82.50,82.77,44800,79.83
20131003,82.74,83.04,82.72,82.77,87300,79.83
20131002,82.64,82.91,82.64,82.81,169000,79.87
20131001,82.53,82.60,82.42,82.52,38800,79.59
20130930,83.18,83.28,82.81,83.02,43800,79.76
20130927,83.00,83.28,83.00,83.17,80900,79.90
20130926,83.32,83.35,83.07,83.20,50700,79.93
20130925,83.31,83.56,83.17,83.48,88400,80.20
20130924,83.00,83.39,82.90,83.36,118000,80.08
20130923,82.37,82.78,82.37,82.70,82000,79.45
20130920,82.39,82.52,82.16,82.37,222800,79.13
20130919,82.54,82.56,82.05,82.11,64600,78.88
20130918,81.44,82.59,81.00,82.40,225700,79.16
20130917,81.07,81.38,80.95,81.36,136500,78.16
20130916,81.81,81.82,80.80,80.84,231000,77.66
20130913,81.16,81.23,80.80,81.23,63100,78.04
20130912,81.33,81.55,80.83,80.86,152000,77.68
20130911,80.69,80.99,80.42,80.99,38900,77.81
20130910,80.77,80.99,80.40,80.52,56600,77.36
20130909,81.24,81.25,80.82,80.91,374700,77.73
20130906,80.83,81.07,80.59,80.74,46500,77.57
20130905,81.19,81.19,80.36,80.36,160900,77.20
20130904,81.68,81.86,81.35,81.35,53600,78.15
20130903,82.11,82.11,81.26,81.65,521200,78.44
20130830,82.86,83.13,82.63,82.85,37100,79.29
20130829,82.26,82.85,82.04,82.62,127000,79.07
20130828,82.58,82.58,82.18,82.38,21200,78.84
20130827,82.43,82.80,82.05,82.80,51000,79.24
20130826,81.99,82.15,81.80,82.07,35300,78.54
20130823,80.86,81.98,80.86,81.90,54500,78.38
20130822,80.44,80.97,80.36,80.89,71700,77.41
20130821,80.73,81.11,80.49,80.49,161800,77.03
20130820,80.81,81.30,80.79,81.08,287000,77.59
20130819,80.87,81.03,80.44,80.55,93200,77.09
20130816,81.66,81.76,80.88,81.10,26400,77.61
20130815,81.93,82.15,81.67,81.70,53800,78.19
20130814,82.58,82.77,82.36,82.65,14700,79.10
20130813,82.89,82.89,82.40,82.66,34900,79.11
20130812,83.97,84.02,83.53,83.53,25400,79.94
20130809,83.65,83.87,83.45,83.77,58200,80.17
20130808,83.85,84.08,83.65,83.72,21600,80.12
20130807,83.42,83.82,83.25,83.59,25600,80.00
20130806,83.12,83.24,82.86,83.12,42400,79.55
20130805,83.52,83.52,83.00,83.05,32300,79.48
20130802,83.56,83.90,83.43,83.48,67500,79.89
20130801,83.53,84.01,82.88,83.00,42400,79.43
20130731,83.36,84.54,83.32,84.31,62700,80.37
20130730,84.48,84.56,84.10,84.17,78200,80.24
20130729,84.38,84.63,84.03,84.21,96200,80.28
20130726,84.35,84.73,84.22,84.68,63000,80.72
20130725,84.06,84.41,83.99,84.35,40100,80.41
20130724,84.61,84.79,84.00,84.56,95500,80.61
20130723,85.06,85.35,85.06,85.26,53400,81.28
20130722,85.44,85.71,85.29,85.55,91200,81.55
20130719,84.72,85.28,84.72,85.21,95400,81.23
20130718,85.10,85.10,84.48,84.50,116000,80.55
20130717,85.21,85.36,84.76,85.00,145500,81.03
20130716,84.72,84.95,84.61,84.86,156900,80.90
20130715,84.29,84.73,84.29,84.48,282700,80.53
20130712,84.51,84.64,83.97,84.30,78100,80.36
20130711,84.02,84.39,83.67,84.28,111300,80.34
20130710,83.75,83.94,83.30,83.47,46700,79.57
20130709,83.95,84.13,83.63,83.87,110900,79.95
20130708,83.25,83.97,83.25,83.80,104600,79.89
20130705,83.36,83.94,82.97,83.25,96100,79.36
20130703,85.52,85.62,85.23,85.44,31700,81.45
20130702,85.33,85.71,85.32,85.58,36600,81.58
20130701,84.85,85.49,84.60,85.46,84900,81.47
20130628,84.63,85.17,84.31,85.16,229700,80.89
20130627,84.44,84.95,84.29,84.95,236500,80.69
20130626,83.79,84.34,83.45,84.03,113000,79.81
20130625,83.04,83.50,82.75,83.05,74400,78.88
20130624,82.94,83.50,82.50,83.23,227800,79.05
20130621,84.81,85.06,83.72,83.72,216200,79.52
20130620,85.46,85.46,84.11,84.87,404800,80.61
20130619,87.79,88.00,86.36,86.43,58500,82.09
20130618,87.45,87.93,87.38,87.62,30700,83.22
20130617,88.28,88.65,87.65,87.75,43300,83.35
20130614,88.30,88.55,88.24,88.33,33000,83.90
20130613,87.46,88.22,87.30,87.90,76100,83.49
20130612,87.70,88.02,87.14,87.14,35500,82.77
20130611,87.04,87.93,86.85,87.85,56000,83.44
20130610,87.73,88.13,87.48,87.61,114600,83.21
20130607,88.69,89.09,88.39,88.42,52200,83.98
20130606,88.86,89.72,88.47,89.14,42600,84.67
20130605,88.48,88.97,88.39,88.83,40100,84.37
20130604,88.88,88.88,88.27,88.47,73500,84.03
20130603,88.63,89.63,88.20,88.95,101700,84.49
20130531,89.65,89.65,88.63,89.01,117700,84.25
20130530,89.85,90.18,89.60,89.68,51500,84.88
20130529,89.48,89.87,89.41,89.75,56900,84.95
20130528,90.84,90.89,89.54,89.56,76700,84.77
20130524,91.09,91.56,90.98,90.98,31900,86.11
20130523,91.32,91.32,90.61,91.02,32700,86.15
20130522,91.89,92.39,90.85,90.87,51500,86.01
20130521,91.27,91.90,91.05,91.90,70100,86.98
20130520,91.59,91.71,91.29,91.30,187000,86.42
20130517,91.95,92.10,91.43,91.67,41400,86.77
20130516,92.14,92.60,91.82,92.31,53900,87.37
20130515,91.61,91.99,91.04,91.57,44900,86.67
20130514,92.17,92.36,91.28,91.28,43200,86.40
20130513,91.92,92.16,91.72,91.78,64100,86.87
20130510,92.98,93.13,92.00,92.43,32500,87.48
20130509,93.49,93.79,93.20,93.21,42900,88.22
20130508,93.10,93.49,93.07,93.25,88500,88.26
20130507,93.12,93.38,93.05,93.21,111600,88.22
20130506,93.70,93.95,93.19,93.43,202800,88.43
20130503,94.34,94.35,93.80,93.88,125400,88.86
20130502,95.25,95.25,94.81,95.18,62400,90.09
20130501,94.66,95.21,94.63,94.93,47500,89.85
20130430,95.07,95.09,94.54,94.74,103000,89.38
20130429,95.03,95.09,94.63,94.66,92800,89.31
20130426,94.76,94.96,94.68,94.88,39700,89.51
20130425,94.00,94.34,94.00,94.29,37700,88.96
20130424,94.35,94.50,94.15,94.42,42500,89.08
20130423,94.76,94.76,94.26,94.30,89100,88.97
20130422,94.42,94.61,94.32,94.48,73800,89.14
20130419,94.48,94.48,94.27,94.42,11400,89.08
20130418,94.29,94.63,94.29,94.55,111800,89.20
20130417,94.18,94.60,94.07,94.34,41100,89.00
20130416,94.00,94.21,93.90,94.11,72500,88.79
20130415,94.08,94.46,93.89,94.37,94400,89.03
20130412,93.71,93.94,93.46,93.92,40100,88.61
20130411,93.15,93.15,92.88,92.99,113600,87.73
20130410,93.29,93.29,92.86,92.96,174600,87.70
20130409,93.96,94.00,93.56,93.71,100300,88.41
20130408,94.13,94.22,93.60,93.81,115100,88.50
20130405,94.00,94.30,93.84,93.84,51300,88.53
20130404,92.23,92.67,92.10,92.61,47600,87.37
20130403,91.62,92.00,91.45,91.89,45400,86.69
20130402,91.39,91.41,91.10,91.19,43800,86.03
20130401,91.23,91.52,91.02,91.40,264200,86.23
20130328,91.85,91.96,91.60,91.65,38100,85.99
20130327,91.71,92.00,91.70,91.77,46800,86.11
20130326,91.10,91.54,90.97,91.35,24900,85.71
20130325,91.14,91.45,91.03,91.12,39300,85.50
20130322,91.30,91.30,90.88,91.23,26300,85.60
20130321,90.91,91.05,90.69,91.02,39000,85.40
20130320,91.26,91.26,90.72,90.72,65700,85.12
20130319,91.32,91.63,91.03,91.40,57500,85.76
20130318,91.33,91.35,90.72,90.95,47200,85.34
20130315,90.44,90.63,90.38,90.51,59900,84.92
20130314,90.49,90.59,90.11,90.25,44600,84.68
20130313,90.68,90.71,90.31,90.59,71200,85.00
20130312,90.59,90.71,90.47,90.68,75000,85.08
20130311,90.43,90.44,90.11,90.11,73700,84.55
20130308,90.27,90.58,90.17,90.25,93000,84.68
20130307,91.29,91.41,90.90,90.97,42900,85.36
20130306,91.75,91.85,91.50,91.61,39400,85.96
20130305,91.99,92.15,91.90,92.06,38300,86.38
20130304,92.53,92.57,92.15,92.25,63900,86.56
20130301,92.40,92.46,92.10,92.45,40800,86.74
20130228,92.44,92.57,92.21,92.46,45700,86.48
20130227,93.10,93.10,92.27,92.44,39900,86.46
20130226,92.45,93.07,92.45,92.65,84400,86.66
20130225,90.96,92.75,90.96,92.74,56600,86.75
20130222,91.29,91.63,91.29,91.38,35500,85.47
20130221,91.39,91.70,91.33,91.46,52200,85.55
20130220,90.65,91.06,90.52,91.06,98600,85.17
20130219,91.08,91.30,90.87,90.88,267400,85.01
20130215,91.21,91.23,90.87,91.20,31700,85.30
20130214,90.97,91.25,90.75,91.15,40900,85.26
20130213,90.67,90.82,90.50,90.61,26700,84.75
20130212,91.00,91.22,90.94,91.11,29900,85.22
20130211,91.11,91.40,91.07,91.26,93800,85.36
20130208,91.20,91.20,90.67,91.20,77700,85.30
20130207,91.09,91.41,90.89,91.04,55400,85.15
20130206,90.76,91.08,90.58,91.07,44200,85.18
20130205,90.40,90.58,90.34,90.51,103100,84.66
20130204,90.81,90.99,90.42,90.82,82900,84.95
20130201,91.59,91.59,90.33,90.46,74600,84.61
20130131,91.39,91.39,91.03,91.14,59200,84.96
20130130,91.17,91.30,90.96,91.19,369800,85.01
20130129,92.03,92.27,91.43,91.43,120500,85.23
20130128,91.70,92.22,91.53,92.16,260600,85.91
20130125,92.57,92.88,92.28,92.42,125200,86.15
20130124,93.40,93.45,92.98,93.35,120000,87.02
20130123,93.60,93.80,93.42,93.51,155800,87.17
20130122,93.10,93.49,93.10,93.48,70000,87.14
20130118,92.92,93.46,92.92,93.36,44200,87.03
20130117,92.94,93.17,92.78,93.05,46500,86.74
20130116,93.81,93.81,93.33,93.42,52000,87.08
20130115,93.38,93.68,93.33,93.37,58300,87.04
20130114,93.25,93.55,93.00,93.17,249500,86.85
20130111,92.47,93.36,92.47,93.36,72600,87.03
20130110,92.63,93.09,92.36,92.81,100700,86.52
20130109,93.01,93.25,92.73,92.99,219600,86.68
20130108,92.72,92.99,92.66,92.85,50400,86.55
20130107,92.26,92.50,92.18,92.46,72000,86.19
20130104,91.95,92.46,91.76,92.46,53000,86.19
20130103,92.86,92.88,92.00,92.04,315700,85.80
20130102,92.93,93.18,92.76,92.99,141900,86.68
20121231,94.50,94.60,93.68,93.87,82900,87.50
20121228,94.45,94.75,94.30,94.72,46400,88.30
20121227,93.79,94.50,93.62,94.25,36100,87.86
20121226,93.33,93.99,93.33,93.88,39500,87.51
20121224,93.26,93.37,93.14,93.33,34700,87.00
20121221,95.30,95.41,95.18,95.28,31900,87.53
20121220,95.05,95.08,94.63,94.83,25300,87.12
20121219,94.69,95.09,94.58,94.76,59400,87.05
20121218,95.00,95.08,94.24,94.48,77200,86.79
20121217,96.12,96.12,95.17,95.25,55800,87.50
20121214,95.70,96.16,95.70,96.04,32900,88.23
20121213,95.38,95.73,95.30,95.55,41600,87.78
20121212,96.30,96.65,95.72,95.72,42600,87.93
20121211,96.65,96.73,96.39,96.51,178500,88.66
20121210,96.91,97.08,96.70,96.80,45100,88.92
20121207,96.82,97.10,96.46,96.68,48600,88.81
20121206,97.34,97.54,97.23,97.36,94600,89.44
20121205,97.16,97.39,97.06,97.17,56900,89.26
20121204,96.82,97.20,96.79,97.09,118700,89.19
20121203,96.11,96.75,96.09,96.63,73000,88.77
20121130,97.29,97.29,96.81,96.89,100000,88.72
20121129,96.99,97.21,96.76,97.08,52400,88.90
20121128,97.55,97.61,97.00,97.00,88200,88.82
20121127,97.02,97.19,96.84,97.19,46500,89.00
20121126,97.00,97.22,96.66,96.75,82700,88.59
20121123,96.60,96.71,96.40,96.58,24300,88.44
20121121,96.41,96.73,96.41,96.61,46000,88.47
20121120,97.11,97.24,96.66,96.67,42700,88.52
20121119,97.29,97.42,97.01,97.20,187300,89.01
20121116,97.60,98.00,97.54,97.65,56100,89.42
20121115,97.46,97.88,97.37,97.56,31000,89.34
20121114,97.41,97.77,97.40,97.75,31800,89.51
20121113,97.88,97.92,97.45,97.88,58000,89.63
20121112,97.59,97.68,97.25,97.57,29400,89.35
20121109,97.42,97.53,96.83,97.51,55400,89.29
20121108,96.69,97.57,96.33,97.53,98900,89.31
20121107,97.04,97.10,96.82,96.86,65800,88.70
20121106,96.30,96.42,95.86,95.94,41000,87.85
20121105,96.42,96.65,96.37,96.42,96000,88.29
20121102,95.59,96.23,95.57,96.20,25200,88.09
20121101,96.38,96.38,96.00,96.32,113300,88.20
20121031,96.38,96.97,96.33,96.82,93900,88.66
20121026,95.81,96.19,95.72,96.19,24100,88.08
20121025,95.40,95.84,95.19,95.40,56000,87.36
20121024,95.86,96.14,95.82,95.82,183300,87.74
20121023,96.06,96.27,95.92,96.27,35600,88.16
20121022,95.83,96.03,95.51,95.59,169900,87.53
20121019,95.25,96.25,95.25,96.10,38400,88.00
20121018,95.82,96.01,95.25,95.38,55300,87.34
20121017,96.11,96.11,95.64,95.77,106300,87.70
20121016,96.65,96.65,96.24,96.26,39200,88.15
20121015,97.03,97.21,96.78,97.06,72100,88.88
20121012,97.07,97.42,96.84,97.08,309100,88.90
20121011,96.08,96.93,95.96,96.89,24800,88.72
20121010,95.50,96.34,95.48,96.30,46700,88.18
20121009,95.61,96.05,95.61,95.92,37400,87.83
20121008,95.84,96.00,95.60,95.77,90200,87.70
20121005,95.61,95.72,95.30,95.33,32400,87.29
20121004,96.29,96.62,96.00,96.00,45100,87.91
20121003,96.59,96.71,96.29,96.71,28200,88.56
20121002,96.43,96.75,96.43,96.60,20900,88.46
20121001,96.35,96.73,96.12,96.64,237600,88.49
20120928,96.93,97.00,96.42,96.67,41200,88.24
20120927,96.75,96.75,96.26,96.63,18100,88.20
20120926,96.65,96.84,96.52,96.80,48700,88.36
20120925,95.87,96.22,95.50,96.21,28900,87.82
20120924,95.49,95.85,95.49,95.79,58200,87.43
20120921,94.75,95.27,94.42,95.14,172800,86.84
20120920,95.53,95.69,94.81,94.82,109600,86.55
20120919,95.08,95.17,94.58,94.83,114800,86.56
20120918,94.69,94.92,94.23,94.35,140600,86.12
20120917,93.46,94.23,93.46,93.93,166100,85.74
20120914,93.90,93.98,92.86,93.08,100300,84.96
20120913,95.07,95.85,94.11,94.85,99700,86.58
20120912,95.01,95.10,94.69,94.96,99300,86.68
20120911,95.87,95.90,95.45,95.55,69800,87.22
20120910,95.65,95.93,95.42,95.86,89600,87.50
20120907,96.85,96.88,95.69,95.78,49200,87.43
20120906,96.47,96.47,95.75,95.84,67000,87.48
20120905,97.13,97.29,96.81,96.92,77000,88.47
20120904,97.31,97.54,96.95,97.09,225100,88.62
20120831,96.79,97.80,96.61,97.72,34200,88.90
20120830,96.73,96.92,96.64,96.71,22800,87.98
20120829,96.82,96.82,96.26,96.47,30200,87.77
20120828,96.55,96.92,96.52,96.71,39600,87.98
20120827,96.60,96.68,96.45,96.52,114100,87.81
20120824,96.55,96.55,95.97,96.06,130500,87.39
20120823,96.07,96.26,95.96,96.24,85900,87.56
20120822,95.45,95.85,95.11,95.85,85800,87.20
20120821,94.21,94.60,93.68,94.53,48600,86.00
20120820,94.24,94.50,94.17,94.22,47100,85.72
20120817,93.96,94.35,93.86,94.09,28500,85.60
20120816,94.51,94.72,93.50,93.80,62000,85.34
20120815,95.08,95.08,94.27,94.42,106200,85.90
20120814,95.54,95.73,95.38,95.44,152700,86.83
20120813,96.82,96.94,96.52,96.54,75400,87.83
20120810,96.82,96.82,96.33,96.51,38100,87.80
20120809,95.98,96.17,95.46,96.07,89000,87.40
20120808,96.80,96.87,96.05,96.15,72100,87.47
20120807,96.80,96.80,96.37,96.59,93600,87.87
20120806,97.52,98.00,97.48,97.70,36400,88.88
20120803,97.67,97.67,96.92,97.43,38400,88.64
20120802,98.41,99.00,98.21,98.37,65400,89.49
20120801,98.04,98.61,97.83,98.18,104600,89.32
20120731,98.82,98.82,98.18,98.72,28100,89.52
20120730,97.98,98.49,97.93,98.47,39500,89.29
20120727,98.65,98.71,97.18,98.12,123400,88.98
20120726,99.38,99.54,99.20,99.25,47600,90.00
20120725,99.26,99.66,99.20,99.50,54000,90.23
20120724,98.50,99.48,98.34,99.37,85500,90.11
20120723,99.14,99.24,98.72,98.79,49800,89.59
20120720,98.53,98.87,98.38,98.78,88800,89.58
20120719,98.10,98.33,97.89,98.07,32500,88.93
20120718,98.12,98.12,97.68,97.97,28800,88.84
20120717,97.74,97.92,97.31,97.51,26000,88.42
20120716,98.05,98.22,97.61,97.79,151400,88.68
20120713,97.46,97.50,97.14,97.50,104500,88.42
20120712,97.28,97.62,97.14,97.57,32800,88.48
20120711,97.02,97.35,96.79,96.87,72300,87.84
20120710,96.38,96.99,96.38,96.95,47200,87.92
20120709,96.22,96.72,96.09,96.62,92800,87.62
20120706,95.53,96.15,95.53,95.96,76800,87.02
20120705,94.99,95.51,94.91,95.33,45200,86.45
20120703,95.36,95.43,95.04,95.09,29700,86.23
20120702,94.94,96.03,94.86,95.52,58100,86.62
20120629,94.69,95.15,94.50,94.95,44700,85.82
20120628,95.84,96.05,95.66,95.74,27500,86.53
20120627,95.27,95.63,95.23,95.56,23300,86.37
20120626,95.01,95.56,95.00,95.30,42600,86.14
20120625,95.34,95.79,95.34,95.54,40700,86.35
20120622,95.17,95.40,94.58,94.76,54300,85.65
20120621,95.09,95.87,95.09,95.55,114600,86.36
20120620,94.30,95.52,94.03,95.02,43800,85.88
20120619,94.98,95.12,94.54,94.73,36500,85.62
20120618,95.31,95.46,95.00,95.31,42400,86.15
20120615,95.22,95.22,94.90,95.07,17700,85.93
20120614,94.71,94.80,94.31,94.67,40400,85.57
20120613,94.12,94.87,93.97,94.73,61400,85.62
20120612,94.21,94.46,93.86,93.92,44500,84.89
20120611,94.05,94.98,94.05,94.82,43900,85.70
20120608,95.20,95.36,94.12,94.39,54000,85.31
20120607,94.03,94.42,93.75,94.31,67300,85.24
20120606,95.19,95.19,94.05,94.12,91300,85.07
20120605,95.68,95.72,95.20,95.25,86600,86.09
20120604,95.98,96.37,95.59,96.14,126800,86.90
20120601,95.94,96.98,95.78,96.73,227700,87.43
20120531,95.29,96.19,95.16,95.67,75400,86.19
20120530,94.63,95.00,94.60,94.85,46800,85.45
20120529,93.77,93.96,93.53,93.53,77300,84.26
20120525,93.64,93.83,93.45,93.83,23200,84.53
20120524,93.59,93.59,93.23,93.42,15200,84.16
20120523,93.87,94.23,93.60,93.60,58000,84.32
20120522,93.32,93.39,92.97,93.27,109700,84.03
20120521,94.00,94.32,93.76,94.03,48700,84.71
20120518,93.83,94.63,93.52,94.08,45600,84.76
20120517,93.43,94.43,93.40,94.43,119900,85.07
20120516,92.95,93.87,92.85,93.77,107400,84.48
20120515,93.36,93.67,93.22,93.60,193000,84.32
20120514,93.14,93.35,92.86,93.17,121300,83.94
20120511,92.33,92.50,92.09,92.49,26000,83.32
20120510,91.72,92.06,91.44,92.04,45200,82.92
20120509,92.55,92.59,91.88,92.14,51000,83.01
20120508,92.07,92.46,92.07,92.15,59200,83.02
20120507,92.05,92.10,91.88,91.97,35000,82.86
20120504,91.50,91.85,91.48,91.79,28200,82.69
20120503,91.10,91.39,91.04,91.29,21000,82.24
20120502,91.31,91.41,91.11,91.29,24000,82.24
20120501,91.50,91.60,90.82,91.07,80000,82.05
20120430,91.64,91.71,91.41,91.49,29000,82.14
20120427,91.31,91.54,91.17,91.53,20100,82.17
20120426,91.47,91.47,91.07,91.34,29700,82.00
20120425,90.79,91.20,90.41,90.80,34900,81.52
20120424,91.10,91.20,90.95,91.14,308500,81.82
20120423,91.63,91.88,91.15,91.19,206900,81.87
20120420,90.96,91.36,90.75,91.32,17000,81.98
20120419,91.17,91.33,91.14,91.21,28500,81.88
20120418,91.14,91.18,90.93,91.02,19500,81.71
20120417,90.78,90.95,90.63,90.89,25300,81.60
20120416,90.96,91.32,90.76,90.92,51100,81.62
20120413,90.38,90.95,90.38,90.85,58400,81.56
20120412,90.21,90.27,89.77,89.86,60800,80.67
20120411,90.00,90.43,89.96,90.17,22700,80.95
20120410,90.55,91.00,90.34,90.68,61800,81.41
20120409,90.25,90.44,89.99,90.04,54600,80.83
20120405,88.92,88.92,88.52,88.83,23000,79.75
20120404,88.15,88.35,87.92,88.35,32600,79.32
20120403,89.05,89.20,87.62,87.71,39300,78.74
20120402,89.02,89.15,88.56,88.78,35200,79.70
20120330,89.84,90.00,88.80,88.91,37500,79.40
20120329,89.72,89.86,89.52,89.86,19300,80.24
20120328,89.17,89.69,89.10,89.38,40400,79.82
20120327,89.06,89.47,89.02,89.36,26700,79.80
20120326,89.05,89.18,88.48,88.99,40800,79.47
20120323,88.80,89.25,88.80,89.09,44200,79.56
20120322,88.67,88.78,88.51,88.64,23800,79.16
20120321,87.91,88.60,87.88,88.54,54100,79.07
20120320,87.47,87.83,87.23,87.62,47900,78.24
20120319,88.29,88.32,87.25,87.50,65300,78.14
20120316,87.92,88.32,87.62,88.23,97200,78.79
20120315,88.03,88.46,88.00,88.23,37300,78.79
20120314,89.00,89.16,87.98,88.03,124500,78.61
20120313,90.34,90.38,89.66,89.73,59400,80.13
20120312,90.95,91.07,90.69,90.71,33400,81.00
20120309,90.50,90.60,90.15,90.60,57400,80.91
20120308,90.94,91.05,90.54,90.63,45000,80.93
20120307,91.49,91.49,91.12,91.23,76400,81.47
20120306,91.60,91.82,91.47,91.51,47100,81.72
20120305,91.59,91.75,91.03,91.06,43100,81.32
20120302,91.26,91.74,91.26,91.49,23500,81.70
20120301,90.87,91.13,90.47,90.90,68000,81.17
20120229,92.35,92.38,91.56,91.86,43200,81.76
20120228,92.41,92.55,91.96,92.09,21000,81.96
20120227,92.09,92.40,91.94,92.29,35800,82.14
20120224,91.39,91.52,91.14,91.44,77700,81.38
20120223,90.68,91.32,90.60,91.07,24500,81.05
20120222,90.46,91.00,90.44,90.97,23400,80.96
20120221,90.54,90.62,90.09,90.26,82000,80.33
20120217,90.38,90.73,90.27,90.72,32200,80.74
20120216,91.01,91.20,90.36,90.74,39100,80.76
20120215,91.40,91.60,91.25,91.31,20600,81.27
20120214,90.99,91.62,90.99,91.29,82600,81.25
20120213,90.82,91.11,90.50,90.84,90800,80.85
20120210,90.68,91.00,90.42,90.79,110900,80.80
20120209,90.58,90.58,89.70,90.32,78000,80.39
20120208,90.71,90.82,90.42,90.75,172800,80.77
20120207,90.91,90.91,90.18,90.46,72400,80.51
20120206,90.68,91.38,90.56,91.38,37700,81.33
20120203,90.47,90.69,90.29,90.67,32000,80.70
20120202,91.74,91.93,91.50,91.79,48500,81.69
20120201,92.17,92.26,91.71,91.71,149500,81.62
20120131,92.21,92.90,92.18,92.85,45000,82.37
20120130,92.49,92.68,92.07,92.27,70300,81.86
20120127,91.28,91.61,90.90,91.59,22700,81.25
20120126,90.50,91.08,90.48,91.08,74900,80.80
20120125,89.81,91.27,89.81,90.33,36400,80.14
20120124,90.28,90.28,89.51,90.07,123300,79.90
20120123,90.10,90.20,89.62,90.03,136600,79.87
20120120,90.90,91.04,90.41,90.48,50400,80.27
20120119,91.85,91.93,90.97,91.15,37100,80.86
20120118,92.52,92.60,91.98,91.98,1165000,81.60
20120117,92.48,92.78,92.11,92.23,105300,81.82
20120113,92.24,92.54,92.10,92.23,24500,81.82
20120112,91.71,91.81,91.33,91.52,45100,81.19
20120111,91.41,91.62,91.19,91.38,121600,81.07
20120110,90.68,91.29,90.62,91.11,24900,80.83
20120109,91.05,91.57,90.85,90.97,64600,80.70
20120106,90.70,91.23,90.70,91.23,44100,80.93
20120105,90.69,91.13,90.46,90.51,34600,80.29
20120104,91.22,91.23,90.50,90.65,45400,80.42
20120103,91.24,91.85,90.88,91.51,171000,81.18
20111230,92.03,92.38,91.91,92.01,32800,81.63
20111229,91.61,92.09,91.39,91.95,348000,81.57
20111228,90.45,91.82,90.45,91.55,31200,81.22
20111227,90.13,90.36,90.02,90.36,32600,80.16
20111223,89.95,90.82,89.71,90.14,49800,79.97
20111222,91.80,91.91,91.40,91.60,30300,80.26
20111221,92.15,92.15,91.28,91.31,35100,80.01
20111220,93.15,93.15,92.05,92.11,94400,80.71
20111219,93.00,93.82,92.86,93.79,71000,82.18
20111216,92.25,92.97,92.25,92.67,49900,81.20
20111215,92.00,92.29,91.75,92.09,71700,80.69
20111214,91.56,92.25,91.34,92.13,51100,80.72
20111213,89.98,91.23,89.89,91.15,135300,79.87
20111212,90.32,90.46,90.08,90.19,21300,79.02
20111209,90.88,90.88,89.78,89.78,35700,78.66
20111208,90.55,91.22,90.38,91.06,64000,79.79
20111207,90.41,90.72,90.04,90.57,45600,79.36
20111206,90.44,90.71,89.92,90.22,95200,79.05
20111205,90.05,91.00,89.91,90.74,57800,79.51
20111202,89.64,90.69,89.46,90.59,50700,79.37
20111201,89.43,89.70,88.59,89.35,98400,78.29
20111130,90.41,90.46,89.68,90.16,58600,78.72
20111129,91.29,91.76,90.71,90.85,190500,79.32
20111128,90.68,92.05,90.42,91.72,88600,80.08
20111125,92.61,92.85,91.61,91.61,41600,79.98
20111123,92.04,92.90,91.97,92.71,53100,80.95
20111122,91.90,92.28,91.47,92.25,73400,80.54
20111121,91.98,92.09,91.41,91.64,79200,80.01
20111118,91.53,91.77,91.15,91.52,33500,79.91
20111117,91.12,92.22,91.08,91.78,39000,80.13
20111116,91.40,91.50,90.84,91.44,52300,79.84
20111115,91.25,91.78,90.72,91.07,104200,79.51
20111114,91.07,91.48,90.86,91.28,15400,79.70
20111111,90.54,90.72,90.38,90.53,48200,79.04
20111110,91.24,91.68,90.00,90.93,37700,79.39
20111109,92.11,92.35,91.29,91.92,48900,80.26
20111108,91.38,91.90,90.53,90.71,88200,79.20
20111107,91.40,92.37,91.07,91.70,30200,80.06
20111104,90.86,91.63,90.71,91.37,114000,79.78
20111103,91.16,91.59,90.93,91.29,153500,79.71
20111102,91.21,92.08,90.83,91.96,166300,80.29
20111101,92.22,92.44,91.08,92.27,77400,80.56
20111031,90.21,91.32,89.93,91.27,56000,79.41
20111028,88.75,89.21,88.56,88.98,76600,77.41
20111027,89.35,89.63,87.75,88.23,132800,76.76
20111026,90.77,91.08,90.06,90.21,39700,78.48
20111025,89.43,91.32,89.43,91.14,60500,79.29
20111024,89.68,89.74,89.24,89.43,17900,77.80
20111021,89.50,89.68,89.08,89.13,48800,77.54
20111020,89.59,90.20,89.50,89.50,33400,77.87
20111019,89.59,90.09,89.39,89.89,28000,78.20
20111018,89.99,90.41,89.14,89.74,64700,78.07
20111017,88.88,89.86,88.88,89.70,38000,78.04
20111014,88.57,89.12,88.39,88.71,31400,77.18
20111013,89.16,89.82,89.10,89.45,65500,77.82
20111012,88.95,89.19,88.25,89.02,67600,77.45
20111011,90.08,90.08,89.25,89.50,34900,77.87
20111010,90.22,90.62,88.94,89.59,61900,77.94
20111007,89.93,90.84,89.53,90.41,100600,78.66
20111006,91.45,91.66,90.63,90.69,131000,78.90
20111005,91.94,91.94,91.26,91.67,76700,79.75
20111004,93.53,93.68,92.00,92.10,91300,80.13
20111003,92.23,93.31,91.74,93.26,149600,81.14
20110930,91.53,91.95,90.76,91.77,112000,79.57
20110929,90.45,90.94,90.13,90.32,132000,78.32
20110928,90.25,90.33,89.36,90.12,60800,78.14
20110927,90.14,90.44,89.83,90.31,86600,78.31
20110926,91.87,92.15,90.93,91.06,42100,78.96
20110923,93.29,93.69,91.81,91.98,115700,79.76
20110922,93.24,94.25,92.69,93.99,199000,81.50
20110921,90.15,92.11,89.59,91.93,59800,79.71
20110920,89.95,90.23,89.62,90.23,41600,78.24
20110919,89.71,90.14,89.59,89.71,27000,77.79
20110916,88.27,88.89,88.05,88.75,14100,76.96
20110915,88.84,88.97,88.40,88.40,51400,76.65
20110914,88.97,89.51,88.75,89.51,25600,77.62
20110913,89.61,89.61,88.01,88.94,58600,77.12
20110912,89.70,90.11,89.54,89.83,77000,77.89
20110909,89.41,90.00,89.07,89.75,35700,77.82
20110908,89.53,89.68,88.88,89.64,34300,77.73
20110907,89.37,89.46,88.88,89.12,39600,77.28
20110906,90.59,90.79,89.97,90.13,58300,78.15
20110902,89.10,89.63,88.52,89.44,67200,77.55
20110901,86.70,87.78,86.00,87.78,62200,76.12
20110831,87.57,87.90,86.90,86.95,128900,75.11
20110830,86.93,87.54,86.93,87.41,60300,75.51
20110829,85.88,86.53,85.88,86.53,22900,74.75
20110826,87.17,87.45,86.56,87.03,92600,75.18
20110825,86.18,86.83,86.11,86.67,35100,74.87
20110824,87.73,87.73,85.64,85.70,33200,74.03
20110823,87.91,88.38,87.49,87.58,72000,75.65
20110822,88.77,89.04,88.61,88.77,37500,76.68
20110819,88.80,89.35,88.63,89.09,43400,76.96
20110818,88.85,89.66,88.21,88.57,44400,76.51
20110817,86.94,87.80,86.46,87.80,43600,75.84
20110816,85.71,86.75,85.50,86.53,74600,74.75
20110815,86.23,86.29,85.59,85.76,37000,74.08
20110812,85.76,86.44,84.41,86.26,66600,74.51
20110811,87.32,87.50,84.75,84.87,124000,73.31
20110810,88.24,88.90,87.30,88.67,58300,76.59
20110809,86.06,88.86,85.96,87.37,124200,75.47
20110808,85.39,86.80,84.97,86.02,99400,74.31
20110805,86.27,87.39,85.02,85.23,77900,73.62
20110804,85.70,87.26,85.59,87.23,79100,75.35
20110803,85.49,86.50,85.21,85.47,74000,73.83
20110802,83.81,85.29,83.63,85.17,76200,73.57
20110801,82.85,83.74,82.76,83.59,51700,72.21
20110729,82.06,83.12,82.05,83.08,23900,71.47
20110728,81.62,81.79,81.41,81.62,24100,70.21
20110727,81.17,81.45,80.93,81.19,15400,69.84
20110726,80.98,81.44,80.98,81.35,23800,69.98
20110725,80.69,81.15,80.63,80.84,24300,69.54
20110722,81.30,81.50,81.12,81.39,10300,70.01
20110721,80.85,81.09,80.64,81.07,33500,69.74
20110720,81.81,81.98,81.40,81.52,11300,70.13
20110719,80.90,82.09,80.75,82.08,49000,70.61
20110718,81.21,81.35,80.68,80.75,52100,69.46
20110715,80.82,81.49,80.82,81.25,23900,69.89
20110714,81.78,81.98,81.22,81.28,72100,69.92
20110713,81.74,82.38,81.50,82.36,67200,70.85
20110712,82.01,82.05,81.54,81.84,81000,70.40
20110711,81.04,81.59,81.04,81.57,43700,70.17
20110708,80.57,81.01,80.57,80.88,56200,69.58
20110707,79.76,80.07,79.63,80.00,43100,68.82
20110706,80.04,80.17,79.80,80.08,32400,68.89
20110705,79.78,79.98,79.67,79.80,111100,68.65
20110701,80.02,80.02,79.45,79.62,43500,68.49
20110630,80.04,80.16,79.31,79.96,94700,68.50
20110629,80.36,80.54,79.93,80.03,31300,68.56
20110628,80.88,80.92,80.17,80.30,36000,68.80
20110627,81.79,81.79,80.82,81.00,56500,69.40
20110624,81.92,82.19,81.85,81.90,83600,70.17
20110623,81.89,82.25,81.78,82.00,14400,70.25
20110622,81.62,81.89,81.38,81.52,15500,69.84
20110621,81.61,81.73,81.21,81.58,15200,69.89
20110620,81.64,81.87,81.32,81.59,17100,69.90
20110617,81.81,81.89,81.53,81.81,16900,70.09
20110616,82.00,82.27,81.75,82.01,61900,70.26
20110615,81.05,81.85,80.82,81.72,33600,70.01
20110614,81.31,81.41,80.84,80.99,117600,69.39
20110613,81.88,82.16,81.74,81.79,19100,70.07
20110610,82.01,82.65,81.83,82.05,158400,70.30
20110609,82.09,82.25,81.43,81.71,40800,70.00
20110608,81.74,81.98,81.57,81.95,67000,70.21
20110607,81.09,81.56,80.88,81.54,97900,69.86
20110606,81.17,81.44,80.94,81.31,33800,69.66
20110603,81.73,81.73,81.06,81.46,24000,69.79
20110602,81.94,82.11,81.29,81.43,51400,69.76
20110601,82.19,82.70,82.12,82.65,103000,70.81
20110531,81.79,82.15,81.67,82.09,38800,70.05
20110527,81.59,81.93,81.52,81.89,9600,69.88
20110526,81.70,82.00,81.70,81.99,17100,69.97
20110525,81.72,81.83,81.31,81.43,32100,69.49
20110524,81.76,81.82,81.35,81.69,22200,69.71
20110523,81.59,81.74,81.48,81.55,35900,69.59
20110520,81.16,81.43,80.99,81.43,20100,69.49
20110519,80.80,81.37,80.66,81.26,19200,69.35
20110518,81.79,81.99,81.31,81.34,39800,69.41
20110517,81.44,81.89,81.44,81.84,55900,69.84
20110516,80.79,81.42,80.79,81.40,27500,69.47
20110513,80.63,81.20,80.63,80.91,19500,69.05
20110512,80.62,80.79,80.07,80.27,38000,68.50
20110511,80.29,80.86,80.27,80.72,14300,68.89
20110510,80.46,80.75,80.34,80.46,43800,68.66
20110509,80.55,80.96,80.55,80.82,28000,68.97
20110506,80.54,81.12,80.42,80.78,62800,68.94
20110505,80.60,81.08,80.49,81.00,30700,69.12
20110504,80.09,80.50,80.09,80.50,28000,68.70
20110503,79.89,80.04,79.75,79.99,39000,68.26
20110502,79.60,79.82,79.57,79.78,22000,68.08
20110429,79.83,80.06,79.67,80.05,15000,68.03
20110428,79.34,79.84,79.34,79.84,21500,67.86
20110427,79.43,79.63,79.30,79.45,16700,67.52
20110426,79.32,79.90,79.32,79.90,22300,67.91
20110425,79.09,79.23,78.99,79.14,36200,67.26
20110421,78.84,79.24,78.75,78.98,27100,67.12
20110420,79.07,79.28,78.91,78.91,28100,67.06
20110419,78.97,79.43,78.97,79.21,22800,67.32
20110418,78.24,79.01,78.07,78.96,44400,67.11
20110415,78.56,78.91,78.49,78.88,31900,67.04
20110414,78.20,78.26,77.97,78.00,30300,66.29
20110413,77.43,78.10,77.43,78.10,19600,66.38
20110412,77.60,77.96,77.52,77.63,14900,65.98
20110411,77.03,77.39,77.00,77.16,16800,65.58
20110408,77.16,77.42,77.16,77.17,27400,65.59
20110407,77.55,77.67,77.20,77.25,19200,65.65
20110406,78.26,78.31,77.62,77.67,24200,66.01
20110405,78.19,78.49,78.15,78.43,11300,66.66
20110404,78.22,78.60,78.22,78.42,17200,66.65
20110401,77.88,78.36,77.66,78.36,12100,66.60
20110331,78.58,78.64,78.11,78.22,35500,66.19
20110330,78.01,78.61,77.95,78.59,28900,66.51
20110329,78.25,78.52,78.00,78.08,63300,66.07
20110328,78.22,78.61,78.22,78.41,25100,66.35
20110325,78.69,78.86,78.28,78.40,23600,66.34
20110324,78.74,78.80,78.49,78.59,25300,66.51
20110323,79.32,79.43,78.80,78.83,30200,66.71
20110322,78.66,79.00,78.65,79.00,24000,66.85
20110321,78.47,79.04,78.47,78.88,13000,66.75
20110318,78.90,79.16,78.61,79.10,19600,66.94
20110317,79.07,79.18,78.73,79.04,22900,66.89
20110316,79.08,80.00,78.91,79.37,27800,67.17
20110315,78.83,78.85,78.44,78.60,22100,66.51
20110314,78.21,78.50,78.13,78.37,41000,66.32
20110311,78.45,78.57,78.08,78.24,19000,66.21
20110310,77.91,78.49,77.25,78.43,205200,66.37
20110309,77.43,78.02,77.38,77.68,26900,65.74
20110308,77.31,77.52,77.16,77.24,15400,65.36
20110307,77.46,77.89,77.34,77.57,18000,65.64
20110304,77.35,77.94,77.35,77.82,19100,65.85
20110303,77.54,77.70,77.21,77.41,21400,65.51
20110302,78.39,78.47,78.03,78.07,149100,66.07
20110301,78.17,78.66,77.84,78.55,21200,66.47
20110228,78.75,78.91,78.63,78.82,9900,66.44
20110225,78.44,78.65,78.25,78.65,33400,66.30
20110224,78.03,78.46,78.03,78.23,75100,65.95
20110223,77.92,78.07,77.58,77.77,52200,65.56
20110222,77.23,77.81,77.15,77.78,34900,65.57
20110218,76.79,77.02,76.61,76.99,19400,64.90
20110217,77.19,77.33,77.05,77.18,16800,65.06
20110216,76.97,77.34,76.91,77.00,25000,64.91
20110215,76.78,77.01,76.65,77.00,16700,64.91
20110214,76.60,77.07,76.56,76.89,29700,64.82
20110211,76.45,76.80,76.35,76.80,41800,64.74
20110210,76.32,76.44,76.00,76.00,13200,64.07
20110209,76.48,77.00,76.03,76.81,24600,64.75
20110208,76.58,76.86,76.10,76.18,21100,64.22
20110207,76.11,76.69,76.11,76.69,69500,64.65
20110204,76.74,76.81,76.27,76.39,50700,64.39
20110203,76.83,77.36,76.83,76.92,16000,64.84
20110202,77.51,77.74,77.00,77.21,23000,65.09
20110201,77.34,77.55,77.05,77.27,29000,65.14
20110131,78.12,78.34,77.82,78.02,14900,65.49
20110128,77.59,78.51,77.59,78.38,26000,65.79
20110127,77.84,78.19,77.59,78.05,31200,65.51
20110126,78.62,78.62,77.68,77.84,10300,65.34
20110125,78.14,78.86,77.85,78.60,24200,65.97
20110124,78.37,78.37,78.02,78.05,13400,65.51
20110121,77.43,78.04,77.43,78.02,18100,65.49
20110120,77.84,77.95,77.25,77.49,16000,65.04
20110119,77.98,78.40,77.98,78.30,25600,65.72
20110118,77.89,78.16,77.51,77.99,29700,65.46
20110114,78.82,78.95,78.27,78.27,28400,65.70
20110113,78.13,78.93,78.01,78.83,15800,66.17
20110112,78.19,78.54,78.00,78.18,16800,65.62
20110111,78.68,78.68,78.10,78.41,14500,65.81
20110110,78.46,78.73,78.22,78.65,35700,66.02
20110107,77.87,78.68,77.70,78.45,23900,65.85
20110106,77.86,78.22,77.75,78.07,21800,65.53
20110105,78.43,78.50,77.63,77.89,31300,65.38
20110104,78.87,79.19,78.65,78.96,23700,66.28
20110103,78.50,79.40,78.49,79.17,53100,66.45
20101231,78.91,79.60,78.82,79.09,18900,66.38
20101230,78.45,78.61,78.09,78.55,67100,65.93
20101229,77.53,78.84,77.43,78.73,27600,66.08
20101228,78.65,78.65,77.25,77.43,27800,64.99
20101227,78.16,78.60,77.72,78.60,83600,65.97
20101223,79.24,79.29,78.80,79.25,375000,65.68
20101222,79.23,79.41,78.97,79.26,115800,65.68
20101221,79.01,79.38,78.64,79.38,27500,65.78
20101220,79.48,79.66,78.74,79.06,96500,65.52
20101217,78.15,79.35,78.11,79.01,69200,65.48
20101216,77.26,77.96,77.19,77.96,42900,64.61
20101215,78.10,78.31,77.10,77.43,81200,64.17
20101214,78.31,78.77,77.73,77.96,152400,64.61
20101213,78.68,79.38,78.48,79.08,33500,65.54
20101210,79.10,79.34,78.86,78.93,25700,65.41
20101209,79.20,79.69,78.75,79.35,71600,65.76
20101208,79.46,79.46,78.06,78.88,72600,65.37
20101207,79.94,80.14,78.86,79.50,128700,65.88
20101206,80.02,80.78,80.02,80.78,45300,66.94
20101203,80.81,80.81,79.78,79.86,68000,66.18
20101202,80.34,80.89,80.21,80.30,67400,66.55
20101201,80.64,81.13,80.35,80.53,56600,66.74
20101130,82.38,82.47,81.82,81.82,88600,67.53
20101129,81.65,81.79,81.25,81.59,33300,67.34
20101126,81.06,81.37,80.92,81.34,8300,67.13
20101124,81.36,81.37,80.53,80.62,62400,66.54
20101123,81.94,82.06,81.62,81.77,20700,67.48
20101122,81.57,81.86,81.14,81.53,28000,67.29
20101119,80.87,81.19,80.80,81.06,22400,66.90
20101118,80.65,80.72,80.10,80.72,19300,66.62
20101117,80.93,81.34,80.53,80.65,53200,66.56
20101116,80.14,80.94,79.51,80.87,58500,66.74
20101115,80.64,80.75,79.54,79.65,73100,65.74
20101112,81.48,81.54,80.86,80.86,36700,66.73
20101111,81.49,81.62,81.27,81.48,23700,67.25
20101110,81.42,81.68,80.50,81.46,161500,67.23
20101109,82.91,82.91,81.40,81.48,164500,67.25
20101108,82.92,83.16,82.52,82.71,48700,68.26
20101105,82.84,83.22,82.62,82.62,69200,68.19
20101104,83.53,83.89,83.05,83.72,123100,69.09
20101103,84.38,84.75,82.47,82.92,255700,68.43
20101102,83.45,83.99,83.45,83.94,32400,69.28
20101101,84.04,84.04,83.02,83.17,239400,68.64
20101029,83.26,83.71,83.26,83.54,29200,68.66
20101028,83.07,83.40,83.00,83.13,87100,68.33
20101027,83.33,83.34,82.87,82.97,29300,68.19
20101026,83.99,83.99,83.39,83.44,25800,68.58
20101025,84.51,84.75,84.33,84.45,54800,69.41
20101022,83.71,84.08,83.52,83.95,37900,69.00
20101021,84.51,84.51,83.64,83.75,34100,68.84
20101020,83.86,84.65,83.86,84.27,52500,69.26
20101019,83.67,84.37,83.46,84.11,25700,69.13
20101018,83.88,84.00,83.61,83.88,56900,68.94
20101015,83.66,83.66,82.84,83.10,93600,68.30
20101014,85.26,85.43,83.96,83.96,95200,69.01
20101013,84.70,85.12,84.45,84.97,59600,69.84
20101012,85.82,85.90,85.11,85.12,24600,69.96
20101011,85.35,85.62,85.34,85.54,27300,70.31
20101008,86.00,86.27,85.37,85.37,121400,70.17
20101007,86.22,86.22,85.78,85.84,197800,70.55
20101006,85.96,86.48,85.84,86.18,118500,70.83
20101005,85.63,85.63,85.05,85.26,59100,70.08
20101004,85.30,85.55,85.15,85.51,26200,70.28
20101001,84.98,85.52,84.78,85.05,874300,69.90
20100930,85.99,86.06,85.22,85.95,44700,70.38
20100929,86.20,86.45,85.80,86.08,34000,70.48
20100928,85.87,86.51,85.83,86.13,31100,70.52
20100927,85.31,85.88,85.31,85.72,47800,70.19
20100924,85.02,85.07,84.67,84.71,25100,69.36
20100923,85.80,85.82,85.08,85.42,18200,69.94
20100922,85.41,85.51,84.97,85.27,53000,69.82
20100921,84.11,85.09,83.99,84.76,37600,69.40
20100920,83.92,84.02,83.71,83.90,58900,68.70
20100917,83.64,83.89,83.40,83.58,56100,68.44
20100916,83.63,83.68,83.13,83.39,49100,68.28
20100915,84.41,84.65,84.00,84.08,34200,68.85
20100914,84.34,84.90,84.34,84.90,15200,69.52
20100913,83.74,84.40,83.66,84.26,59700,68.99
20100910,83.71,84.12,83.68,83.99,28300,68.77
20100909,84.83,84.83,84.04,84.14,33000,68.89
20100908,85.55,85.59,85.10,85.30,27500,69.84
20100907,85.25,85.78,85.09,85.73,56900,70.20
20100903,83.84,84.55,83.84,84.40,79100,69.11
20100902,85.26,85.34,84.78,85.11,69300,69.69
20100901,86.22,86.55,85.36,85.92,61600,70.35
20100831,87.63,87.63,87.00,87.54,159800,71.42
20100830,86.24,86.83,85.92,86.77,30600,70.79
20100827,87.26,88.00,85.51,85.71,68100,69.93
20100826,86.83,87.70,86.83,87.57,26200,71.44
20100825,88.10,88.13,86.88,87.00,57300,70.98
20100824,86.96,87.52,86.71,87.43,27900,71.33
20100823,85.97,86.45,85.75,86.42,27700,70.51
20100820,86.68,86.89,86.15,86.34,42800,70.44
20100819,85.87,86.89,85.70,86.58,58600,70.64
20100818,86.02,86.27,85.61,85.69,50600,69.91
20100817,85.88,85.88,85.23,85.56,78700,69.80
20100816,85.58,85.84,85.27,85.81,71900,70.01
20100813,83.53,84.47,83.53,84.43,55500,68.88
20100812,83.82,83.89,83.36,83.47,65700,68.10
20100811,83.17,83.68,83.01,83.61,31700,68.21
20100810,82.98,83.72,82.66,83.13,57300,67.82
20100809,82.96,83.06,82.76,82.95,43900,67.68
20100806,82.86,83.08,82.68,83.02,70300,67.73
20100805,82.55,82.64,82.21,82.48,100600,67.29
20100804,82.62,82.84,82.06,82.06,75600,66.95
20100803,82.40,82.67,82.16,82.40,390700,67.23
20100802,82.49,82.53,82.10,82.25,57200,67.10
20100730,82.78,83.22,82.70,83.22,64200,67.62
20100729,81.98,82.16,81.64,82.16,55500,66.76
20100728,82.31,82.31,81.64,82.08,187600,66.69
20100727,81.94,82.06,81.53,81.64,52300,66.33
20100726,82.20,82.23,81.66,82.10,56900,66.71
20100723,82.57,82.61,82.02,82.19,38500,66.78
20100722,82.93,82.98,82.37,82.51,63500,67.04
20100721,82.31,83.30,82.20,83.16,82600,67.57
20100720,82.16,82.52,82.09,82.13,36900,66.73
20100719,82.49,82.49,81.89,82.01,83700,66.63
20100716,82.04,82.48,81.80,82.23,60100,66.81
20100715,81.54,82.07,81.54,81.84,101700,66.50
20100714,81.01,81.37,80.64,81.35,81100,66.10
20100713,80.97,80.97,80.44,80.50,74100,65.41
20100712,80.95,81.37,80.85,80.87,47000,65.71
20100709,80.92,81.26,80.92,81.00,33600,65.81
20100708,81.30,81.49,81.05,81.21,32800,65.98
20100707,81.91,82.23,81.60,81.77,45300,66.44
20100706,81.81,82.28,81.55,82.22,34000,66.80
20100702,81.53,81.95,81.25,81.60,90600,66.30
20100701,82.55,82.55,81.61,81.67,1278100,66.36
20100630,82.50,82.75,82.07,82.69,51500,66.92
20100629,82.09,82.24,81.73,82.24,32100,66.56
20100628,81.50,81.77,81.29,81.73,27400,66.15
20100625,80.61,81.22,80.54,81.05,21500,65.60
20100624,80.83,81.44,80.71,80.88,27600,65.46
20100623,81.02,81.50,80.61,81.25,31800,65.76
20100622,80.38,80.74,80.28,80.74,35500,65.35
20100621,79.79,80.32,79.35,80.29,26600,64.98
20100618,80.36,80.41,80.03,80.21,28500,64.92
20100617,79.90,80.40,79.87,80.31,33600,65.00
20100616,79.55,79.69,79.27,79.52,53600,64.36
20100615,79.80,79.80,79.12,79.20,19100,64.10
20100614,79.25,79.66,79.11,79.66,72800,64.47
20100611,79.38,79.93,79.26,79.80,56900,64.58
20100610,79.69,79.71,78.96,78.96,47700,63.90
20100609,80.25,80.31,79.73,80.22,42800,64.92
20100608,80.11,80.46,80.00,80.22,72200,64.92
20100607,80.17,80.57,79.83,80.49,64900,65.14
20100604,79.71,80.00,79.51,79.89,47100,64.66
20100603,79.90,79.90,78.65,78.93,37300,63.88
20100602,79.45,79.66,78.91,79.08,43800,64.00
20100601,79.93,79.93,79.22,79.59,48300,64.41
20100528,79.76,79.79,79.40,79.67,24500,64.22
20100527,79.97,79.98,79.28,79.55,82900,64.12
20100526,80.92,80.93,80.16,80.73,68200,65.07
20100525,81.58,81.59,80.81,80.96,72400,65.26
20100524,81.46,81.46,80.93,81.00,102300,65.29
20100521,81.26,81.48,80.51,81.15,91100,65.41
20100520,81.22,81.22,80.36,80.50,70600,64.89
20100519,79.94,80.52,79.75,80.07,111900,64.54
20100518,79.21,80.17,79.21,80.05,38100,64.53
20100517,79.45,80.01,79.13,79.13,27300,63.79
20100514,79.24,79.56,78.96,78.97,46700,63.66
20100513,78.44,78.80,78.11,78.56,26900,63.33
20100512,78.58,78.77,78.25,78.34,29400,63.15
20100511,78.59,78.82,78.22,78.58,22100,63.34
20100510,78.50,78.85,78.00,78.62,31200,63.37
20100507,78.88,80.56,78.61,79.09,69100,63.75
20100506,79.25,81.00,78.21,80.15,63900,64.61
20100505,79.18,79.78,78.71,78.96,46400,63.65
20100504,78.83,79.10,78.56,79.00,18700,63.68
20100503,78.30,78.33,77.96,78.33,21900,63.14
20100430,78.16,78.81,78.10,78.79,15900,63.25
20100429,77.74,78.16,77.70,78.10,16600,62.69
20100428,78.15,78.15,77.75,77.93,33000,62.55
20100427,77.98,78.54,77.79,78.23,38600,62.80
20100426,77.67,77.88,77.36,77.48,28000,62.19
20100423,77.65,77.65,77.26,77.48,15400,62.19
20100422,77.86,78.19,77.58,77.73,15900,62.39
20100421,77.53,77.94,77.53,77.93,19900,62.55
20100420,77.50,77.50,77.27,77.39,18200,62.12
20100419,77.47,77.56,77.13,77.21,20500,61.98
20100416,77.29,77.44,77.18,77.42,16400,62.15
20100415,76.59,77.23,76.59,77.06,22500,61.86
20100414,77.11,77.33,76.80,76.82,21200,61.66
20100413,77.08,77.22,76.90,77.17,28800,61.94
20100412,76.51,77.04,76.51,76.83,56800,61.67
20100409,76.55,76.74,76.23,76.66,18600,61.54
20100408,76.52,76.62,76.22,76.26,23800,61.21
20100407,75.66,76.52,75.56,76.46,73000,61.37
20100406,75.90,75.90,75.53,75.64,28500,60.72
20100405,76.03,76.03,75.37,75.51,40500,60.61
20100401,76.35,76.53,76.13,76.50,234600,61.41
20100331,76.59,76.93,76.59,76.93,20000,61.48
20100330,76.45,76.52,76.11,76.52,20600,61.15
20100329,76.49,76.49,76.20,76.39,18200,61.04
20100326,76.20,76.61,76.20,76.53,20000,61.16
20100325,76.72,76.72,76.08,76.39,23200,61.04
20100324,76.99,77.16,76.52,76.60,25500,61.21
20100323,77.72,77.84,77.51,77.62,27700,62.03
20100322,77.91,78.07,77.67,77.75,16000,62.13
20100319,77.86,78.05,77.58,77.86,23200,62.22
20100318,78.04,78.14,77.72,77.74,22800,62.12
20100317,77.88,78.07,77.75,77.98,11400,62.31
20100316,77.34,77.68,77.32,77.58,15800,61.99
20100315,77.11,77.23,76.84,77.11,26000,61.62
20100312,76.58,77.23,76.58,77.07,32700,61.59
20100311,76.46,76.80,76.34,76.53,29500,61.16
20100310,76.53,76.74,76.30,76.69,31000,61.28
20100309,76.85,76.85,76.47,76.65,12900,61.25
20100308,76.72,76.87,76.54,76.57,16400,61.19
20100305,77.20,77.41,76.45,76.62,70400,61.23
20100304,77.19,77.52,76.98,77.44,18800,61.88
20100303,77.13,77.18,76.87,77.03,17100,61.55
20100302,77.10,77.26,76.86,77.26,16600,61.74
20100301,77.25,77.31,76.90,77.11,28000,61.62
20100226,77.21,77.66,77.21,77.50,21700,61.69
20100225,77.38,77.38,76.76,77.10,20200,61.37
20100224,76.82,76.97,76.46,76.90,14400,61.21
20100223,76.16,76.76,76.16,76.66,23900,61.02
20100222,75.93,76.10,75.78,76.01,28400,60.50
20100219,75.77,76.00,75.59,75.92,18300,60.43
20100218,75.98,75.99,75.13,75.66,23100,60.22
20100217,76.15,76.26,75.69,75.79,16100,60.33
20100216,75.95,76.45,75.85,76.28,20000,60.72
20100212,76.21,76.42,76.02,76.18,34100,60.64
20100211,76.27,76.30,75.60,75.90,27400,60.41
20100210,76.88,77.09,76.07,76.19,19300,60.65
20100209,77.21,77.48,76.77,76.86,30000,61.18
20100208,77.46,77.46,76.62,77.37,24500,61.58
20100205,77.04,77.69,76.96,77.13,55100,61.39
20100204,77.09,77.50,76.83,77.33,21700,61.55
20100203,76.84,77.02,76.51,76.67,28400,61.03
20100202,77.10,77.32,77.01,77.30,15400,61.53
20100201,77.49,77.49,76.83,76.98,24500,61.27
20100129,77.43,77.94,77.35,77.68,39000,61.56
20100128,77.58,77.58,76.89,77.08,35500,61.08
20100127,77.58,77.69,76.54,77.35,30600,61.30
20100126,77.79,77.79,77.30,77.51,26400,61.42
20100125,77.27,77.75,77.19,77.32,33400,61.27
20100122,77.87,78.02,77.60,77.88,30400,61.72
20100121,77.80,78.14,77.34,77.99,25500,61.80
20100120,77.26,77.70,77.08,77.51,25300,61.42
20100119,76.84,77.07,76.47,77.07,28800,61.08
20100115,77.05,77.31,76.95,76.95,32300,60.98
20100114,76.25,76.96,76.14,76.89,16200,60.93
20100113,76.72,77.12,76.07,76.13,30600,60.33
20100112,76.55,76.93,76.47,76.65,38100,60.74
20100111,76.29,76.34,76.05,76.19,17400,60.38
20100108,76.13,76.43,75.90,76.24,23400,60.42
20100107,76.21,76.39,76.04,76.15,32700,60.35
20100106,76.72,76.73,75.90,76.01,25000,60.24
20100105,76.31,76.72,76.30,76.50,54600,60.62
20100104,76.06,76.54,76.00,76.54,231600,60.66
20091231,75.93,76.16,75.51,76.16,20500,60.35
20091230,76.33,76.33,75.79,76.22,13800,60.40
20091229,75.59,75.85,75.36,75.78,27000,60.05
20091228,75.26,75.57,75.20,75.37,23200,59.73
20091224,75.95,75.95,75.37,75.37,64000,59.46
20091223,76.56,76.78,76.39,76.49,49000,60.34
20091222,76.42,76.54,76.03,76.17,45900,60.09
20091221,77.30,77.36,76.66,76.70,33600,60.51
20091218,77.70,78.00,77.39,77.50,31400,61.14
20091217,77.36,77.70,77.19,77.70,49400,61.30
20091216,77.18,77.36,76.93,77.09,49700,60.82
20091215,76.80,77.24,76.65,76.79,48000,60.58
20091214,77.33,77.57,77.28,77.40,28100,61.06
20091211,76.96,77.26,76.76,77.13,46500,60.85
20091210,77.30,77.52,77.12,77.15,28700,60.87
20091209,78.24,78.24,77.42,77.85,21300,61.42
20091208,78.19,78.40,77.86,78.09,49500,61.61
20091207,77.91,77.91,77.39,77.74,35900,61.33
20091204,77.94,78.03,77.50,77.50,24200,61.14
20091203,78.24,78.33,77.70,78.27,58600,61.75
20091202,78.55,78.88,78.29,78.60,51100,62.01
20091201,78.55,78.77,78.36,78.58,111300,61.99
20091130,78.78,79.25,78.78,79.25,51800,62.26
20091127,78.32,79.00,78.32,79.00,7200,62.06
20091125,78.45,78.86,78.04,78.71,50300,61.83
20091124,78.10,78.29,77.80,78.19,66900,61.42
20091123,78.19,78.19,77.31,78.03,83800,61.30
20091120,78.12,78.18,77.73,78.07,71100,61.33
20091119,78.09,78.27,77.77,78.15,55100,61.39
20091118,78.41,78.41,77.75,77.97,64400,61.25
20091117,78.53,78.53,78.02,78.19,82300,61.42
20091116,77.78,78.15,77.52,78.00,109700,61.27
20091113,77.57,77.60,77.17,77.60,28300,60.96
20091112,77.19,77.40,76.62,77.15,52800,60.61
20091111,77.53,77.65,77.14,77.36,35000,60.77
20091110,77.60,77.60,76.85,77.09,35700,60.56
20091109,77.52,77.52,76.95,77.18,49600,60.63
20091106,76.99,77.59,76.80,77.12,25100,60.58
20091105,77.03,77.19,76.85,76.97,71100,60.47
20091104,77.88,77.88,75.81,77.10,88700,60.57
20091103,78.38,78.39,77.58,77.70,27900,61.04
20091102,78.55,78.75,78.15,78.29,29200,61.50
20091030,78.38,78.75,78.20,78.75,37700,61.60
20091029,78.24,78.31,77.38,78.01,52700,61.02
20091028,78.42,78.80,78.00,78.65,21700,61.52
20091027,77.75,78.37,77.40,78.37,140600,61.30
20091026,77.83,77.91,77.30,77.30,44400,60.47
20091023,78.11,78.48,78.00,78.17,37300,61.15
20091022,78.41,78.53,78.12,78.33,21200,61.27
20091021,78.65,78.81,78.27,78.64,50800,61.51
20091020,78.93,79.27,78.93,79.10,25300,61.87
20091019,78.19,78.34,77.81,78.22,116800,61.18
20091016,77.73,77.85,77.37,77.85,121100,60.90
20091015,77.46,77.55,76.90,77.14,96600,60.34
20091014,78.11,78.39,77.69,77.82,50800,60.87
20091013,78.54,78.82,78.36,78.55,91400,61.44
20091012,78.23,78.24,77.77,78.24,93300,61.20
20091009,79.34,79.39,77.94,78.06,106500,61.06
20091008,80.48,80.48,79.35,79.73,62100,62.37
20091007,79.88,80.12,79.56,80.12,80200,62.67
20091006,79.92,80.00,79.55,79.55,45600,62.23
20091005,80.13,80.20,79.76,80.00,62100,62.58
20091002,80.48,80.50,79.66,79.99,122100,62.57
20091001,79.98,80.23,79.53,80.13,1574100,62.68
20090930,79.93,80.43,79.75,79.92,99700,62.28
20090929,79.91,80.20,79.81,80.18,94200,62.48
20090928,79.98,80.26,79.68,80.19,84300,62.49
20090925,79.50,79.78,79.12,79.75,71100,62.15
20090924,78.91,79.35,78.40,79.09,74500,61.63
20090923,78.82,79.09,78.37,78.81,34400,61.41
20090922,78.56,78.94,78.22,78.87,15000,61.46
20090921,78.53,78.84,78.26,78.56,13600,61.22
20090918,78.65,78.94,78.38,78.58,18300,61.23
20090917,78.50,79.12,78.20,79.12,23400,61.66
20090916,78.35,78.67,77.96,78.33,21000,61.04
20090915,78.13,78.36,77.82,78.12,20200,60.88
20090914,78.55,78.91,78.26,78.26,33500,60.99
20090911,78.99,79.44,78.71,79.02,69400,61.58
20090910,77.73,78.70,77.50,78.52,51900,61.19
20090909,76.94,77.31,76.66,77.30,28200,60.24
20090908,77.20,77.62,77.00,77.20,41900,60.16
20090904,77.97,77.97,77.24,77.33,40900,60.26
20090903,78.32,78.42,78.01,78.06,10800,60.83
20090902,77.98,78.63,77.71,78.57,29100,61.23
20090901,77.69,77.89,76.91,77.36,30100,60.28
20090831,77.97,78.25,77.61,78.10,25200,60.60
20090828,77.47,77.99,77.41,77.99,17000,60.51
20090827,77.98,77.98,77.45,77.57,10100,60.19
20090826,78.18,78.18,77.43,78.04,21600,60.55
20090825,77.49,78.04,77.29,78.02,14100,60.54
20090824,76.34,77.14,76.10,77.10,38600,59.82
20090821,77.40,77.40,76.40,76.40,22700,59.28
20090820,77.41,77.44,76.89,77.40,17600,60.05
20090819,77.00,77.44,76.70,77.12,21200,59.84
20090818,76.82,77.26,76.71,76.84,19400,59.62
20090817,76.88,77.00,76.59,77.00,24200,59.74
20090814,76.61,76.99,76.30,76.56,28500,59.40
20090813,75.69,76.43,75.38,76.25,17600,59.16
20090812,76.25,76.57,75.25,75.43,39500,58.53
20090811,75.86,76.26,75.58,76.23,36100,59.15
20090810,75.08,75.51,74.47,75.44,14500,58.53
20090807,75.02,75.09,74.52,74.74,39900,57.99
20090806,75.10,75.51,74.82,75.29,18900,58.42
20090805,74.54,75.89,74.54,75.06,13200,58.24
20090804,76.20,76.37,75.16,75.75,31300,58.77
20090803,76.38,76.49,75.59,75.71,21300,58.74
20090731,76.24,76.51,74.89,76.50,12100,59.10
20090730,74.74,75.51,74.38,75.49,24200,58.32
20090729,75.02,75.02,74.51,74.68,32600,57.69
20090728,73.77,74.46,73.70,74.07,22000,57.22
20090727,73.51,73.94,73.48,73.94,20600,57.12
20090724,73.81,74.18,73.66,73.77,4100,56.99
20090723,74.79,74.80,73.62,74.00,37600,57.17
20090722,75.17,75.22,74.45,74.60,17800,57.63
20090721,73.81,74.92,73.35,74.72,24300,57.73
20090720,73.68,74.35,73.17,73.95,10600,57.13
20090717,73.72,73.88,73.50,73.54,16200,56.81
20090716,74.19,74.41,73.77,73.79,32500,57.01
20090715,74.06,74.18,73.51,73.51,33500,56.79
20090714,75.13,75.19,74.50,74.53,12100,57.58
20090713,75.78,76.04,75.12,75.17,26300,58.07
20090710,75.03,75.90,74.74,75.89,6300,58.63
20090709,75.15,75.35,74.67,74.68,35400,57.69
20090708,74.79,75.87,74.79,75.55,50700,58.37
20090707,74.08,74.91,74.08,74.70,17300,57.71
20090706,74.36,74.38,73.94,74.10,46200,57.25
20090702,74.53,75.34,74.32,74.74,12400,57.74
20090701,74.21,74.50,73.80,73.91,24800,57.10
20090630,74.54,74.86,74.09,74.78,40200,57.51
20090629,74.91,75.03,74.39,74.50,35300,57.30
20090626,74.52,74.74,74.19,74.55,10700,57.34
20090625,73.99,74.27,73.09,74.16,18200,57.04
20090624,74.31,74.31,73.46,73.70,21500,56.68
20090623,73.66,74.28,73.45,74.00,36300,56.91
20090622,73.60,73.61,72.96,73.40,17100,56.45
20090619,72.26,72.94,72.01,72.89,15300,56.06
20090618,73.06,73.07,71.89,72.00,40700,55.38
20090617,73.00,73.50,72.57,72.97,35100,56.12
20090616,72.92,72.96,72.46,72.96,15200,56.11
20090615,72.49,72.70,71.71,72.21,10600,55.54
20090612,71.73,72.67,71.73,72.00,22000,55.38
20090611,71.15,72.25,71.12,71.76,52000,55.19
20090610,71.57,72.11,71.31,71.57,24400,55.04
20090609,71.62,72.05,71.26,71.57,31200,55.04
20090608,71.58,71.90,71.33,71.44,31500,54.94
20090605,71.53,72.09,71.25,71.26,33600,54.81
20090604,72.29,72.65,71.75,71.99,13600,55.37
20090603,71.97,72.81,71.97,72.43,9900,55.71
20090602,71.78,72.28,71.74,72.28,12200,55.59
20090601,71.94,72.49,71.00,71.65,20500,55.11
20090529,71.76,72.86,71.60,72.70,44600,55.66
20090528,71.41,71.67,70.83,71.62,17000,54.83
20090527,71.98,71.99,70.67,70.77,40000,54.18
20090526,72.62,72.64,71.80,71.80,12600,54.97
20090522,72.55,72.56,72.12,72.23,17200,55.30
20090521,74.19,74.25,72.52,72.54,27100,55.54
20090520,73.53,74.00,73.18,73.94,25900,56.61
20090519,73.87,73.87,72.71,73.11,21400,55.97
20090518,74.18,74.18,73.30,73.38,22700,56.18
20090515,73.89,73.90,73.31,73.67,18200,56.40
20090514,73.79,73.82,73.20,73.57,18500,56.33
20090513,73.19,73.75,72.93,73.27,22200,56.10
20090512,73.19,73.19,72.60,72.93,4500,55.84
20090511,72.90,73.03,72.12,72.62,11300,55.60
20090508,72.32,72.50,71.52,71.64,9400,54.85
20090507,72.47,72.80,71.53,71.96,38400,55.09
20090506,72.78,72.80,72.17,72.25,15000,55.32
20090505,71.92,72.65,71.71,71.88,10300,55.03
20090504,71.75,72.16,71.34,71.70,21100,54.89
20090501,72.01,72.17,71.56,71.76,9600,54.94
20090430,72.51,72.51,71.75,72.00,10700,54.87
20090429,72.83,73.29,72.00,72.46,9700,55.22
20090428,72.78,73.35,72.10,72.16,12400,54.99
20090427,73.23,73.31,72.65,73.31,23200,55.87
20090424,72.85,73.13,72.71,73.03,9200,55.65
20090423,73.15,73.40,72.76,73.14,23500,55.74
20090422,73.45,73.46,71.75,72.75,81500,55.44
20090421,73.98,74.02,72.80,73.33,17200,55.88
20090420,72.87,73.92,72.80,73.08,23900,55.69
20090417,73.42,73.47,72.43,72.67,11400,55.38
20090416,73.18,73.67,73.01,73.53,14600,56.03
20090415,73.83,73.95,73.25,73.95,10800,56.35
20090414,73.07,73.70,73.07,73.57,7100,56.06
20090413,72.64,73.31,72.64,72.82,18500,55.49
20090409,71.97,72.74,71.92,72.22,28500,55.04
20090408,72.15,72.77,72.15,72.62,12700,55.34
20090407,72.56,72.64,71.89,72.45,16100,55.21
20090406,72.84,72.88,72.18,72.25,10700,55.06
20090403,72.84,73.06,71.70,72.11,29700,54.95
20090402,73.42,73.84,72.88,73.06,10900,55.68
20090401,74.07,74.10,73.34,73.35,24600,55.90
20090331,73.89,74.22,73.72,74.22,7200,56.30
20090330,74.13,74.16,73.35,73.72,13700,55.92
20090327,73.47,73.77,73.29,73.76,7200,55.95
20090326,72.50,73.48,72.03,73.00,14400,55.37
20090325,73.29,73.29,72.50,72.70,11500,55.15
20090324,72.89,73.80,72.50,73.46,12000,55.72
20090323,73.36,73.93,73.04,73.15,22100,55.49
20090320,72.38,73.71,72.38,72.88,16100,55.28
20090319,73.71,74.90,72.80,72.81,45900,55.23
20090318,70.76,73.98,70.76,72.46,29100,54.96
20090317,71.55,72.28,70.94,71.45,23700,54.20
20090316,71.54,71.99,71.35,71.46,22500,54.21
20090313,72.24,72.68,72.00,72.24,35300,54.80
20090312,72.00,72.68,71.89,72.48,7500,54.98
20090311,71.35,72.11,71.35,72.11,14600,54.70
20090310,71.96,73.05,71.35,71.35,15800,54.12
20090309,72.97,72.97,72.00,72.67,13700,55.12
20090306,72.87,73.69,72.50,72.61,32500,55.08
20090305,72.31,73.42,72.25,73.33,28600,55.62
20090304,71.37,71.72,71.16,71.43,12500,54.18
20090303,71.73,72.34,71.65,72.01,67000,54.62
20090302,72.52,72.74,71.65,71.93,52200,54.56
20090227,73.18,73.18,72.66,72.91,9000,55.05
20090226,73.34,73.34,72.86,72.86,8400,55.01
20090225,74.11,74.11,73.24,73.28,28600,55.32
20090224,74.42,74.76,73.67,73.70,37600,55.64
20090223,74.99,74.99,73.43,73.84,18600,55.75
20090220,74.00,74.07,73.41,73.41,13200,55.42
20090219,73.40,73.55,72.55,73.01,37500,55.12
20090218,75.33,75.33,74.04,74.07,32200,55.92
20090217,75.12,75.50,74.05,74.48,106900,56.23
20090213,74.37,74.37,73.82,73.82,9600,55.73
20090212,75.48,75.60,74.26,74.26,66400,56.06
20090211,75.25,75.55,74.57,74.64,61900,56.35
20090210,75.38,75.38,74.34,74.53,62000,56.27
20090209,73.68,74.14,73.56,74.14,19300,55.97
20090206,74.80,74.87,73.68,73.85,49400,55.75
20090205,74.86,75.27,74.66,75.08,13700,56.68
20090204,74.75,74.85,74.13,74.78,13500,56.46
20090203,75.29,75.29,74.48,74.54,12700,56.28
20090202,75.39,75.59,74.79,75.57,6300,57.05
20090130,75.49,75.49,74.79,75.10,21300,56.44
20090129,75.94,76.06,74.74,74.99,50200,56.36
20090128,77.13,77.59,76.00,76.38,15700,57.40
20090127,75.57,77.00,75.47,77.00,19800,57.87
20090126,76.01,76.37,73.62,75.25,25200,56.55
20090123,76.12,76.27,75.18,75.92,24500,57.06
20090122,76.83,76.83,75.66,76.19,19200,57.26
20090121,77.33,78.25,76.81,76.88,19100,57.78
20090120,77.27,78.86,76.97,78.39,13000,58.91
20090116,78.70,79.17,78.13,79.11,10300,59.45
20090115,79.22,79.66,79.14,79.37,24000,59.65
20090114,78.25,79.34,78.00,79.06,30600,59.42
20090113,77.65,77.79,77.56,77.79,6100,58.46
20090112,77.76,78.49,77.34,77.80,39800,58.47
20090109,77.28,78.14,77.28,77.74,8800,58.42
20090108,77.59,77.91,77.44,77.91,10300,58.55
20090107,77.15,77.52,76.79,77.52,19300,58.26
20090106,77.25,77.25,75.99,76.85,35800,57.75
20090105,77.82,78.40,77.38,77.52,42800,58.26
20090102,80.27,80.71,78.20,78.43,40100,58.94
20081231,81.13,81.15,79.69,80.27,15100,60.32
20081230,80.64,81.10,80.00,81.10,19100,60.95
20081229,81.02,81.11,80.61,80.70,12700,60.65
20081226,80.54,81.12,80.42,81.00,14100,60.87
20081224,79.99,80.73,79.60,80.35,18900,60.38
20081223,80.31,80.88,79.00,80.65,25400,60.36
20081222,80.36,81.36,79.74,80.41,56900,60.18
20081219,80.59,81.12,80.50,81.02,31300,60.64
20081218,80.30,81.31,79.95,81.03,19200,60.64
20081217,79.44,79.51,78.69,78.93,22400,59.07
20081216,75.86,77.43,75.72,77.29,46100,57.84
20081215,74.75,75.78,74.75,75.67,19700,56.63
20081212,75.13,75.15,73.92,74.84,13300,56.01
20081211,75.04,75.25,74.28,75.14,10300,56.23
20081210,73.94,74.36,73.79,74.29,18900,55.60
20081209,73.65,74.62,73.65,74.57,13200,55.81
20081208,74.02,74.14,73.39,73.57,9200,55.06
20081205,73.96,75.00,73.89,74.14,23500,55.49
20081204,74.11,74.86,73.57,74.85,18600,56.02
20081203,73.62,73.94,73.20,73.74,7100,55.19
20081202,72.78,73.55,72.65,73.38,8300,54.92
20081201,72.54,73.50,72.46,73.46,22300,54.98
20081128,71.58,71.83,71.36,71.67,4000,53.39
20081126,72.02,72.20,71.82,71.93,10400,53.59
20081125,71.54,72.02,71.45,71.63,7600,53.36
20081124,70.26,70.86,70.11,70.42,12600,52.46
20081121,71.06,71.25,70.02,70.70,30900,52.67
20081120,71.00,71.90,70.39,71.89,38400,53.56
20081119,68.91,70.28,68.82,70.04,23800,52.18
20081118,68.43,69.19,68.37,68.92,7600,51.35
20081117,68.23,68.78,68.23,68.54,11900,51.06
20081114,68.03,68.26,67.91,68.21,10600,50.82
20081113,67.74,67.95,67.32,67.44,18700,50.24
20081112,68.30,68.32,67.80,68.00,13500,50.66
20081111,67.95,68.75,67.38,68.47,15500,51.01
20081110,67.49,67.77,66.94,67.77,8300,50.49
20081107,67.59,67.59,66.92,67.37,13900,50.19
20081106,67.79,68.12,66.96,67.98,12700,50.65
20081105,67.05,67.94,67.05,67.83,31900,50.53
20081104,66.09,67.01,65.83,66.83,21900,49.79
20081103,65.97,65.97,65.50,65.78,12500,49.01
20081031,66.70,66.78,65.88,66.11,11900,49.01
20081030,66.66,66.76,66.40,66.45,22400,49.26
20081029,66.75,67.33,66.02,66.44,15200,49.25
20081028,67.32,67.40,66.50,66.77,36000,49.50
20081027,67.99,67.99,67.12,67.12,33100,49.76
20081024,68.29,68.77,67.54,68.30,18000,50.63
20081023,68.05,68.58,67.81,68.38,14800,50.69
20081022,67.19,68.67,66.82,68.04,21100,50.44
20081021,67.09,67.94,67.09,67.45,11200,50.00
20081020,66.50,66.96,66.30,66.82,10400,49.53
20081017,66.90,66.95,65.79,66.50,32200,49.30
20081016,67.74,67.81,67.05,67.15,10700,49.78
20081015,67.92,68.01,67.18,67.96,10800,50.38
20081014,68.00,69.02,68.00,68.61,24100,50.86
20081013,65.36,66.71,65.36,66.63,24600,49.39
20081010,67.13,68.50,65.54,66.25,34500,49.11
20081009,70.32,70.33,69.39,69.49,16500,51.51
20081008,73.12,73.12,70.00,70.30,43500,52.11
20081007,71.80,72.24,71.62,71.79,20800,53.22
20081006,71.56,73.00,71.56,72.52,58400,53.76
20081003,71.33,71.67,70.20,71.41,8100,52.94
20081002,71.00,71.72,70.70,71.25,5100,52.82
20081001,70.90,72.12,70.57,71.23,43200,52.80
20080930,72.73,72.73,71.38,71.38,9300,52.67
20080929,72.44,72.92,71.50,72.65,17900,53.61
20080926,71.68,72.54,71.60,71.68,17400,52.89
20080925,73.10,73.10,71.81,72.06,13400,53.18
20080924,73.00,73.33,72.21,72.55,34600,53.54
20080923,73.10,73.17,71.50,72.04,14300,53.16
20080922,72.65,73.00,71.23,73.00,19600,53.87
20080919,74.01,74.40,73.00,74.25,25400,54.79
20080918,75.92,75.92,74.01,74.50,23000,54.98
20080917,75.26,75.61,74.08,74.54,13200,55.01
20080916,77.79,77.79,75.35,75.35,13500,55.60
20080915,74.78,76.46,74.78,76.08,22100,56.14
20080912,75.80,75.80,74.86,74.95,8200,55.31
20080911,76.14,76.14,75.39,75.94,4800,56.04
20080910,75.85,76.18,75.59,76.03,7100,56.10
20080909,75.70,76.16,75.60,75.84,9600,55.96
20080908,74.80,75.65,74.50,75.35,12400,55.60
20080905,75.70,75.74,75.09,75.19,8000,55.48
20080904,75.16,75.52,75.15,75.41,23600,55.65
20080903,75.09,75.17,75.07,75.15,3600,55.46
20080902,74.82,74.99,74.10,74.93,24200,55.29
20080829,75.20,75.20,74.44,74.68,3300,54.86
20080828,74.80,75.03,74.55,74.98,10100,55.08
20080827,74.48,74.95,74.45,74.95,9500,55.06
20080826,74.81,74.92,74.57,74.87,7000,55.00
20080825,74.97,75.05,74.71,74.90,14900,55.03
20080822,74.34,74.37,74.15,74.37,5300,54.64
20080821,74.40,74.48,74.20,74.40,4900,54.66
20080820,74.65,74.74,74.34,74.74,5900,54.91
20080819,74.69,74.69,74.10,74.12,9500,54.45
20080818,74.12,74.79,74.12,74.70,5400,54.88
20080815,74.55,74.55,74.35,74.53,5200,54.75
20080814,74.34,74.34,74.02,74.17,2400,54.49
20080813,74.27,74.27,73.57,73.81,9000,54.23
20080812,73.94,73.98,73.69,73.96,6400,54.34
20080811,73.93,73.93,73.15,73.54,5000,54.03
20080808,73.76,73.93,73.53,73.93,4600,54.31
20080807,73.31,73.88,73.22,73.85,3200,54.25
20080806,73.11,73.11,72.62,72.70,4900,53.41
20080805,73.50,73.85,73.00,73.00,27000,53.63
20080804,73.57,73.79,73.17,73.42,6100,53.94
20080801,74.39,74.39,73.63,73.84,5000,54.25
20080731,74.09,74.09,73.81,74.07,3500,54.18
20080730,73.02,73.66,72.94,73.43,3500,53.71
20080729,73.16,73.39,73.01,73.39,1200,53.68
20080728,73.33,73.84,73.33,73.51,6600,53.77
20080725,73.37,73.37,72.96,72.96,5600,53.36
20080724,73.28,73.68,73.08,73.68,13000,53.89
20080723,72.66,72.91,72.33,72.84,15100,53.28
20080722,73.38,73.38,72.83,73.05,9000,53.43
20080721,73.00,73.24,72.86,73.24,4000,53.57
20080718,73.49,73.49,73.01,73.14,5200,53.50
20080717,73.06,73.58,72.98,73.07,20000,53.44
20080716,73.94,73.94,73.29,73.30,7400,53.61
20080715,74.67,74.78,74.49,74.50,13600,54.49
20080714,74.12,75.04,74.12,74.82,16700,54.72
20080711,74.89,74.89,73.93,74.15,12800,54.23
20080710,74.87,74.95,74.54,74.91,12600,54.79
20080709,74.70,75.01,74.63,74.91,4500,54.79
20080708,74.23,74.78,74.23,74.69,3700,54.63
20080707,74.36,74.47,74.08,74.45,3900,54.45
20080703,73.80,74.32,73.80,74.32,1000,54.36
20080702,74.24,74.48,74.16,74.46,9000,54.46
20080701,74.46,74.58,74.15,74.15,7000,54.23
20080630,74.88,74.91,74.60,74.75,4700,54.42
20080627,74.25,74.83,74.04,74.60,2100,54.31
20080626,74.49,74.50,74.16,74.35,5800,54.13
20080625,74.20,74.20,73.36,74.16,24000,53.99
20080624,73.79,74.14,73.79,74.10,7000,53.95
20080623,73.76,73.84,73.61,73.79,1700,53.72
20080620,73.82,74.11,73.64,73.85,7400,53.77
20080619,73.58,73.84,73.24,73.51,5200,53.52
20080618,73.24,74.03,73.24,74.03,1400,53.90
20080617,73.28,73.59,73.03,73.12,28400,53.24
20080616,73.33,73.48,72.95,73.36,7100,53.41
20080613,73.48,73.67,72.99,73.31,9600,53.38
20080612,73.60,73.60,73.20,73.33,4400,53.39
20080611,74.17,74.27,73.63,73.63,5000,53.61
20080610,74.33,74.50,73.87,74.06,8600,53.92
20080609,74.47,74.74,74.20,74.51,7600,54.25
20080606,74.42,74.73,74.36,74.47,7800,54.22
20080605,74.01,74.01,73.50,73.56,7700,53.56
20080604,74.93,74.93,74.15,74.30,6300,54.10
20080603,74.25,74.92,73.99,74.92,7600,54.55
20080602,74.17,76.11,73.95,74.45,10800,54.21
20080530,74.35,74.41,73.98,74.22,7200,53.79
20080529,74.33,74.43,73.63,73.63,10700,53.36
20080528,75.20,75.20,74.09,74.41,8600,53.92
20080527,75.13,75.27,74.95,75.09,1900,54.42
20080523,75.15,75.80,75.15,75.61,5000,54.79
20080522,75.58,75.60,74.96,75.32,15300,54.58
20080521,76.06,76.30,75.69,75.84,18000,54.96
20080520,76.57,76.57,75.98,76.31,5500,55.30
20080519,76.36,76.36,75.64,75.91,25200,55.01
20080516,75.62,76.53,75.62,75.68,9300,54.84
20080515,75.56,76.27,75.56,76.27,8600,55.27
20080514,75.80,75.88,75.04,75.39,12900,54.63
20080513,75.88,75.88,75.21,75.21,3400,54.50
20080512,76.30,76.52,76.00,76.11,9700,55.16
20080509,76.63,76.63,76.12,76.46,16700,55.41
20080508,75.73,76.16,75.52,76.16,31400,55.19
20080507,75.20,75.36,75.18,75.31,28200,54.58
20080506,76.00,76.00,75.29,75.29,15200,54.56
20080505,75.74,76.19,75.50,76.13,6700,55.17
20080502,75.66,76.29,75.66,75.98,19600,55.06
20080501,76.89,76.89,76.15,76.51,18200,55.44
20080430,76.22,76.65,75.55,76.65,5800,55.30
20080429,76.69,76.69,75.80,76.23,9300,55.00
20080428,75.17,76.02,75.17,75.97,7000,54.81
20080425,75.50,75.59,75.12,75.58,52500,54.53
20080424,75.82,75.82,75.20,75.79,11300,54.68
20080423,76.22,76.22,75.86,76.16,2000,54.95
20080422,76.00,76.36,76.00,76.04,2100,54.86
20080421,75.38,76.00,75.38,75.72,5400,54.63
20080418,75.86,75.86,74.86,75.75,73400,54.65
20080417,75.93,75.93,75.25,75.39,2900,54.39
20080416,75.91,76.14,75.08,75.68,8200,54.60
20080415,76.44,76.44,75.90,76.28,1500,55.04
20080414,76.87,76.95,76.41,76.41,4400,55.13
20080411,77.14,77.30,76.85,76.85,3300,55.45
20080410,77.10,77.12,76.31,76.86,7300,55.45
20080409,76.63,77.21,76.63,77.11,1900,55.63
20080408,76.89,76.95,76.35,76.41,6000,55.13
20080407,76.52,76.59,75.90,76.44,6900,55.15
20080404,76.75,76.83,76.49,76.70,4400,55.34
20080403,76.20,76.30,75.68,75.90,7400,54.76
20080402,75.91,76.22,75.58,76.14,23500,54.93
20080401,75.93,76.16,75.47,75.50,14500,54.47
20080331,77.39,77.39,76.80,77.09,3500,55.37
20080328,76.70,76.76,76.38,76.76,400,55.13
20080327,77.28,77.28,76.21,76.40,4000,54.88
20080326,76.80,77.23,76.74,77.10,7600,55.38
20080325,76.42,77.25,76.42,77.25,13700,55.49
20080324,76.76,77.30,76.76,76.76,24300,55.13
20080320,77.67,78.00,77.51,77.97,32300,56.00
20080319,77.09,77.76,77.09,77.57,16400,55.72
20080318,77.33,77.33,76.37,76.45,4700,54.91
20080317,76.54,76.81,76.17,76.63,7500,55.04
20080314,76.15,76.80,73.12,76.45,37600,54.91
20080313,76.80,76.80,75.50,76.25,12900,54.77
20080312,75.58,76.80,75.48,76.80,11700,55.16
20080311,75.10,75.45,75.08,75.41,15600,54.16
20080310,75.61,76.22,75.34,75.95,13200,54.55
20080307,75.36,75.61,75.36,75.45,2600,54.19
20080306,75.40,75.62,75.19,75.41,47400,54.16
20080305,76.07,76.07,74.92,74.92,8100,53.81
20080304,76.57,76.75,75.82,75.87,34700,54.49
20080303,76.54,76.74,76.40,76.62,75100,55.03
20080229,76.77,77.34,76.64,77.24,63800,55.25
20080228,76.21,76.37,75.98,76.33,9000,54.60
20080227,75.33,75.44,74.98,75.26,10000,53.84
20080226,75.07,75.35,75.07,75.33,4900,53.89
20080225,75.67,75.72,74.95,75.04,27700,53.68
20080222,76.24,76.30,75.60,75.73,29600,54.17
20080221,75.71,76.14,75.54,76.00,48200,54.37
20080220,74.80,75.17,74.76,75.17,10500,53.77
20080219,74.72,75.61,74.72,75.12,17300,53.74
20080215,75.05,75.89,75.05,75.89,1700,54.29
20080214,75.97,75.97,75.13,75.40,76300,53.94
20080213,76.65,76.83,76.24,76.24,12600,54.54
20080212,76.53,76.85,76.38,76.80,6400,54.94
20080211,77.21,77.36,77.17,77.24,47400,55.25
20080208,76.54,76.91,76.42,76.91,17100,55.02
20080207,77.47,77.47,76.00,76.03,24000,54.39
20080206,77.60,77.64,77.31,77.49,10800,55.43
20080205,77.90,78.00,77.47,77.65,8700,55.55
20080204,77.33,77.52,77.23,77.40,14400,55.37
20080201,77.85,77.91,77.40,77.91,36700,55.73
20080131,77.87,77.99,77.70,77.99,12900,55.54
20080130,77.70,77.72,77.15,77.15,4300,54.94
20080129,77.98,78.00,77.64,77.86,7500,55.45
20080128,78.41,78.41,78.00,78.25,14700,55.72
20080125,77.33,78.27,76.96,78.20,25800,55.69
20080124,77.93,78.11,77.34,77.38,53500,55.11
20080123,79.00,79.41,78.29,78.30,33400,55.76
20080122,78.30,78.30,77.76,77.91,8400,55.48
20080118,77.96,78.08,77.80,77.82,4700,55.42
20080117,77.72,78.49,77.72,78.43,9800,55.85
20080116,78.00,78.24,77.57,77.57,13600,55.24
20080115,77.86,77.99,77.69,77.99,9100,55.54
20080114,79.78,79.78,77.24,77.28,14100,55.03
20080111,77.03,77.54,76.85,77.54,16000,55.22
20080110,77.60,77.60,76.72,76.95,5300,54.80
20080109,77.70,77.87,77.46,77.46,11000,55.16
20080108,77.63,77.88,77.42,77.88,10300,55.46
20080107,77.65,77.93,77.43,77.93,15200,55.50
20080104,77.80,77.98,77.65,77.74,10600,55.36
20080103,77.38,77.61,77.19,77.61,19600,55.27
20080102,76.89,77.63,76.89,77.56,31600,55.23
20071231,76.66,76.83,76.55,76.80,3900,54.69
20071228,75.75,76.44,75.75,76.35,30800,54.37
20071227,75.25,75.55,75.14,75.46,19200,53.74
20071226,75.12,75.37,74.67,74.68,10900,53.18
20071224,75.20,75.30,75.19,75.23,4000,53.57
20071221,76.49,76.49,75.86,75.91,7300,53.82
20071220,76.87,77.27,76.66,76.80,49800,54.45
20071219,76.38,76.75,75.85,76.62,35200,54.33
20071218,75.80,76.10,75.77,76.03,12300,53.91
20071217,75.28,75.58,75.15,75.58,19100,53.59
20071214,75.16,75.16,74.98,75.00,3700,53.18
20071213,75.66,75.81,75.31,75.33,8600,53.41
20071212,75.55,76.21,75.53,75.97,17900,53.87
20071211,75.37,76.60,75.37,76.60,19300,54.31
20071210,75.68,75.68,75.02,75.35,3600,53.43
20071207,76.12,76.12,75.40,75.65,11100,53.64
20071206,76.76,77.03,76.31,76.45,34700,54.21
20071205,77.45,77.65,77.01,77.01,10700,54.60
20071204,77.90,78.00,77.46,77.89,66600,55.23
20071203,77.92,77.94,77.65,77.94,61600,55.26
20071130,77.51,77.88,77.48,77.88,50900,54.98
20071129,78.08,78.23,78.02,78.02,2100,55.08
20071128,77.71,77.88,77.45,77.57,10500,54.76
20071127,78.12,78.19,77.42,77.69,36300,54.85
20071126,78.14,78.82,77.42,78.71,29000,55.57
20071123,77.22,77.37,77.21,77.21,2300,54.51
20071121,77.34,77.34,76.97,77.20,4300,54.50
20071120,77.15,77.20,76.94,77.04,20600,54.39
20071119,76.73,77.29,76.65,77.17,14900,54.48
20071116,76.64,76.84,76.64,76.67,3800,54.13
20071115,76.60,76.74,76.30,76.72,27200,54.16
20071114,76.11,76.38,76.11,76.38,17000,53.92
20071113,76.50,76.56,76.32,76.34,6900,53.90
20071112,76.30,76.49,76.24,76.39,7600,53.93
20071109,76.00,76.32,76.00,76.18,22700,53.78
20071108,76.07,76.15,75.92,75.93,5300,53.61
20071107,76.19,76.19,75.74,75.85,10800,53.55
20071106,76.01,76.33,75.95,76.05,22500,53.69
20071105,76.58,76.58,76.30,76.30,15200,53.87
20071102,76.07,76.75,76.06,76.39,42500,53.93
20071101,76.23,76.49,76.15,76.35,8800,53.90
20071031,76.38,76.47,75.90,76.12,5800,53.51
20071030,76.57,76.68,76.39,76.58,3000,53.84
20071029,76.18,76.65,76.18,76.62,3500,53.86
20071026,76.41,76.77,76.40,76.40,8400,53.71
20071025,76.80,76.82,76.64,76.64,3800,53.88
20071024,76.42,76.88,76.42,76.71,10600,53.93
20071023,76.28,76.39,76.17,76.33,6500,53.66
20071022,76.32,76.33,75.99,76.29,2800,53.63
20071019,75.94,76.41,75.89,76.37,17500,53.69
20071018,75.49,75.62,75.43,75.58,13300,53.13
20071017,74.69,75.37,74.59,75.26,89500,52.91
20071016,74.60,74.70,74.49,74.63,32900,52.47
20071015,74.35,74.61,74.35,74.49,3600,52.37
20071012,74.27,74.68,74.27,74.39,1700,52.30
20071011,74.31,74.74,74.31,74.74,12200,52.54
20071010,74.70,74.87,74.60,74.73,5300,52.54
20071009,74.70,74.72,74.33,74.61,34700,52.45
20071008,74.49,74.80,74.41,74.80,8200,52.58
20071005,74.68,74.72,74.30,74.65,49400,52.48
20071004,75.14,75.26,75.14,75.26,1000,52.91
20071003,75.32,75.32,74.86,75.07,32500,52.77
20071002,74.93,75.23,74.87,75.19,5000,52.86
20071001,74.76,74.76,74.71,74.76,1900,52.56
20070928,75.16,75.23,74.55,74.76,18700,52.32
20070927,74.50,74.88,74.50,74.88,4100,52.41
20070926,74.12,74.31,74.11,74.31,2600,52.01
20070925,74.80,74.88,74.36,74.36,3000,52.04
20070924,74.31,74.52,74.30,74.52,11800,52.15
20070921,73.94,74.42,73.94,74.42,19600,52.08
20070920,74.35,74.47,73.57,73.70,17700,51.58
20070919,74.72,74.77,74.43,74.77,24700,52.33
20070918,75.20,75.28,74.67,75.21,4400,52.64
20070917,75.13,75.36,75.06,75.36,6200,52.74
20070914,75.57,75.69,75.13,75.23,13100,52.65
20070913,75.45,75.45,74.99,75.04,5200,52.52
20070912,75.87,75.87,75.50,75.60,16500,52.91
20070911,75.90,75.90,75.76,75.76,700,53.02
20070910,75.75,76.13,75.72,75.98,37500,53.18
20070907,75.24,75.65,75.14,75.54,30700,52.87
20070906,75.10,75.10,74.73,74.89,2200,52.41
20070905,74.66,75.10,74.66,74.98,9600,52.48
20070904,74.67,74.67,74.09,74.34,11800,52.03
20070831,74.72,75.25,74.61,75.25,3600,52.42
20070830,74.62,74.84,74.62,74.77,2700,52.09
20070829,74.66,74.79,74.33,74.48,16600,51.89
20070828,74.54,74.74,74.38,74.71,4200,52.05
20070827,74.22,74.55,74.22,74.55,6700,51.94
20070824,74.16,74.23,74.00,74.18,9700,51.68
20070823,73.63,73.99,73.63,73.90,2700,51.48
20070822,73.52,73.77,73.27,73.66,16600,51.32
20070821,73.71,73.84,73.42,73.84,3000,51.44
20070820,73.34,73.76,73.34,73.55,12100,51.24
20070817,73.06,73.42,73.06,73.42,9700,51.15
20070816,73.40,73.83,73.27,73.27,8100,51.04
20070815,73.45,73.45,73.11,73.26,10100,51.04
20070814,73.00,73.50,73.00,73.43,5000,51.15
20070813,72.75,73.15,72.75,72.99,53400,50.85
20070810,73.43,73.48,73.09,73.12,2800,50.94
20070809,73.14,73.41,72.89,73.05,2300,50.89
20070808,73.14,73.21,72.91,73.20,15100,50.99
20070807,73.91,73.96,73.72,73.76,3900,51.38
20070806,74.05,74.11,73.72,73.72,5600,51.36
20070803,73.74,74.17,73.74,74.17,8800,51.67
20070802,73.59,73.66,73.48,73.65,8000,51.31
20070801,73.65,73.68,73.32,73.50,25600,51.20
20070731,73.57,73.67,73.57,73.67,16700,51.12
20070730,73.58,73.60,73.48,73.51,2600,51.01
20070727,73.86,74.00,72.95,73.50,39400,51.01
20070726,73.84,74.21,73.76,73.95,19900,51.32
20070725,73.53,73.70,73.52,73.63,21800,51.10
20070724,73.55,73.55,73.17,73.48,16600,50.99
20070723,73.24,73.45,73.21,73.38,8600,50.92
20070720,73.17,73.57,73.16,73.44,42400,50.97
20070719,72.70,72.97,72.70,72.96,313900,50.63
20070718,72.90,73.18,72.90,72.99,7000,50.65
20070717,72.69,72.85,72.57,72.81,8600,50.53
20070716,72.52,72.97,72.48,72.97,12800,50.64
20070713,72.55,72.59,72.10,72.49,13100,50.31
20070712,72.60,72.60,72.13,72.27,10000,50.15
20070711,72.87,72.93,72.55,72.55,3200,50.35
20070710,72.71,72.78,72.58,72.77,11300,50.50
20070709,72.27,72.27,72.14,72.15,2500,50.07
20070706,72.00,72.02,71.84,71.94,14200,49.92
20070705,72.51,72.51,72.13,72.22,9000,50.12
20070703,72.96,72.96,72.84,72.84,3300,50.55
20070702,72.86,73.22,72.85,73.19,11300,50.79
20070629,72.89,73.18,72.85,73.15,99100,50.60
20070628,72.74,72.74,72.63,72.63,5500,50.24
20070627,72.85,72.92,72.63,72.63,11100,50.24
20070626,72.70,72.70,72.45,72.56,6800,50.19
20070625,72.55,72.62,72.44,72.58,6900,50.21
20070622,71.97,72.22,71.69,72.22,12200,49.96
20070621,72.29,72.29,71.98,71.98,18800,49.79
20070620,72.48,72.50,72.32,72.34,28100,50.04
20070619,72.32,72.70,72.32,72.70,10600,50.29
20070618,72.11,72.27,71.98,72.27,9100,49.99
20070615,72.15,72.28,72.11,72.28,1000,50.00
20070614,72.03,72.03,71.71,71.71,13000,49.60
20070613,71.49,71.83,71.48,71.73,26700,49.62
20070612,71.70,71.71,71.27,71.33,24500,49.34
20070611,72.12,72.30,72.10,72.14,17100,49.90
20070608,72.29,72.47,72.03,72.41,43200,50.09
20070607,73.08,73.09,72.34,72.49,58500,50.14
20070606,73.46,73.57,73.46,73.53,10400,50.86
20070605,73.76,73.82,73.53,73.56,11100,50.88
20070604,73.77,73.88,73.71,73.88,11400,51.11
20070601,73.85,73.85,73.56,73.58,21500,50.90
20070531,74.29,74.29,74.03,74.26,24000,51.19
20070530,74.48,74.48,74.28,74.28,21600,51.21
20070529,74.32,74.32,74.19,74.19,42500,51.14
20070525,74.20,74.26,74.14,74.19,80500,51.14
20070524,74.20,74.31,73.93,74.31,6700,51.23
20070523,74.46,74.48,74.13,74.20,26800,51.15
20070522,74.73,74.78,74.45,74.48,35200,51.34
20070521,74.57,74.70,74.53,74.70,6200,51.50
20070518,74.84,74.95,74.55,74.61,19800,51.43
20070517,75.04,75.08,74.93,74.94,3900,51.66
20070516,75.23,75.28,75.23,75.23,2200,51.86
20070515,75.43,75.43,75.10,75.24,5500,51.87
20070514,75.50,75.50,75.32,75.32,7600,51.92
20070511,75.75,75.75,75.42,75.42,5700,51.99
20070510,75.58,75.66,75.52,75.58,39800,52.10
20070509,75.70,75.74,75.50,75.54,5900,52.07
20070508,75.83,75.92,75.80,75.81,4600,52.26
20070507,75.80,75.87,75.77,75.83,15400,52.27
20070504,75.53,75.75,75.53,75.72,11200,52.20
20070503,75.58,75.58,75.32,75.39,10800,51.97
20070502,75.57,75.68,75.57,75.67,7800,52.16
20070501,75.74,75.87,75.22,75.60,28700,52.12
20070430,75.56,75.92,75.56,75.92,13000,52.13
20070427,75.47,75.49,75.30,75.33,8000,51.72
20070426,75.67,75.67,75.40,75.44,37100,51.80
20070425,75.85,75.92,75.73,75.82,34300,52.06
20070424,75.81,75.99,75.81,75.97,25300,52.16
20070423,75.51,75.75,75.51,75.72,3800,51.99
20070420,75.70,75.70,75.48,75.56,6800,51.88
20070419,75.76,75.76,75.55,75.61,11800,51.92
20070418,75.60,75.76,75.60,75.65,12000,51.94
20070417,75.36,75.43,75.31,75.41,17900,51.78
20070416,75.03,75.03,75.03,75.03,300,51.52
20070413,74.90,74.90,74.73,74.78,16400,51.35
20070412,74.92,74.93,74.84,74.93,1900,51.45
20070411,74.85,74.94,74.81,74.84,25900,51.39
20070410,74.82,74.95,74.82,74.95,7800,51.46
