20140814,82.37,82.38,82.21,82.33,2623800,82.33
20140813,82.17,82.28,82.12,82.25,944100,82.25
20140812,82.18,82.18,82.08,82.10,2365300,82.10
20140811,82.18,82.23,82.11,82.17,928800,82.17
20140808,82.23,82.33,82.12,82.13,1608500,82.13
20140807,82.05,82.20,81.99,82.19,2207500,82.19
20140806,82.04,82.08,81.98,82.01,2925900,82.01
20140805,81.97,82.02,81.87,81.92,3960800,81.92
20140804,81.97,82.09,81.93,82.03,4089900,82.03
20140801,81.78,81.96,81.66,81.92,3550300,81.92
20140731,81.77,81.92,81.75,81.82,3113700,81.65
20140730,82.07,82.07,81.85,81.91,1913600,81.74
20140729,82.23,82.27,82.12,82.22,1271300,82.05
20140728,82.20,82.22,82.09,82.15,1249900,81.98
20140725,82.13,82.18,82.09,82.17,1414500,82.00
20140724,82.10,82.10,81.98,82.02,800900,81.85
20140723,82.26,82.29,82.17,82.18,1361700,82.01
20140722,82.17,82.22,82.09,82.22,776700,82.05
20140721,82.13,82.22,82.11,82.11,2327800,81.94
20140718,82.15,82.15,82.02,82.11,1146600,81.94
20140717,82.05,82.17,81.98,82.11,841700,81.94
20140716,81.89,81.92,81.84,81.89,767200,81.72
20140715,81.87,81.98,81.79,81.86,3125400,81.69
20140714,82.00,82.00,81.89,81.92,994700,81.75
20140711,82.03,82.10,81.99,82.04,958600,81.87
20140710,82.01,82.05,81.90,81.92,665400,81.75
20140709,81.81,81.93,81.75,81.90,1275800,81.73
20140708,81.81,81.88,81.78,81.82,1397600,81.65
20140707,81.64,81.69,81.63,81.67,1656900,81.50
20140703,81.55,81.64,81.50,81.57,667100,81.40
20140702,81.80,81.80,81.66,81.67,981800,81.50
20140701,81.92,81.98,81.87,81.89,1288100,81.72
20140630,82.20,82.23,82.13,82.22,904900,81.88
20140627,82.20,82.24,82.13,82.15,633900,81.81
20140626,82.11,82.20,82.07,82.15,533200,81.81
20140625,82.11,82.13,81.99,82.04,1928000,81.70
20140624,81.89,81.95,81.80,81.93,1305800,81.59
20140623,81.90,81.91,81.76,81.78,1136900,81.44
20140620,81.70,81.82,81.70,81.81,2863700,81.47
20140619,81.96,81.97,81.69,81.76,3345400,81.42
20140618,81.71,81.85,81.66,81.83,1495900,81.49
20140617,81.72,81.74,81.62,81.62,612900,81.28
20140616,81.80,81.87,81.76,81.81,3534000,81.47
20140613,81.68,81.86,81.67,81.83,835600,81.49
20140612,81.70,81.89,81.65,81.85,1693500,81.51
20140611,81.71,81.73,81.62,81.64,1646000,81.30
20140610,81.67,81.70,81.60,81.61,1505400,81.27
20140609,81.82,81.82,81.71,81.77,1205400,81.43
20140606,82.00,82.02,81.82,81.84,1039800,81.50
20140605,81.74,81.88,81.73,81.85,611600,81.51
20140604,81.80,81.81,81.68,81.76,1466400,81.42
20140603,81.88,81.90,81.74,81.75,652700,81.41
20140602,82.06,82.13,81.93,81.95,1071100,81.61
20140530,82.34,82.40,82.30,82.33,1462600,81.81
20140529,82.50,82.60,82.40,82.41,1413700,81.89
20140528,82.32,82.51,82.32,82.48,708300,81.96
20140527,82.14,82.22,82.06,82.21,884200,81.69
20140523,82.10,82.14,82.06,82.13,841900,81.61
20140522,82.08,82.10,82.00,82.05,493300,81.53
20140521,82.04,82.11,82.01,82.10,1189300,81.58
20140520,82.06,82.23,82.06,82.17,1292900,81.65
20140519,82.24,82.27,82.10,82.13,1171300,81.61
20140516,82.15,82.21,82.11,82.16,754200,81.64
20140515,82.10,82.28,82.10,82.16,1113300,81.64
20140514,81.91,82.08,81.91,82.01,1266000,81.49
20140513,81.72,81.81,81.72,81.80,1551700,81.28
20140512,81.69,81.70,81.59,81.65,996800,81.13
20140509,81.78,81.81,81.72,81.73,1523700,81.21
20140508,81.86,81.95,81.77,81.83,1937800,81.31
20140507,81.75,81.86,81.70,81.79,1070900,81.27
20140506,81.70,81.77,81.68,81.75,1304000,81.23
20140505,81.78,81.79,81.63,81.67,1813300,81.15
20140502,81.53,81.80,81.47,81.76,1517900,81.24
20140501,81.50,81.69,81.48,81.67,1774100,81.15
20140430,81.54,81.65,81.48,81.65,1861000,80.95
20140429,81.34,81.48,81.34,81.47,840500,80.78
20140428,81.49,81.54,81.40,81.43,851800,80.74
20140425,81.54,81.63,81.51,81.52,1456300,80.83
20140424,81.39,81.49,81.35,81.49,814300,80.80
20140423,81.41,81.51,81.40,81.47,1792600,80.78
20140422,81.26,81.35,81.24,81.34,1573300,80.65
20140421,81.33,81.42,81.30,81.34,3440000,80.65
20140417,81.57,81.57,81.25,81.32,1054500,80.63
20140416,81.47,81.56,81.45,81.53,2892500,80.84
20140415,81.48,81.67,81.46,81.58,2219600,80.88
20140414,81.54,81.59,81.49,81.54,2437000,80.85
20140411,81.60,81.62,81.49,81.55,1570700,80.86
20140410,81.36,81.57,81.32,81.50,1101400,80.81
20140409,81.19,81.32,81.13,81.25,3904300,80.56
20140408,81.23,81.30,81.16,81.27,674200,80.58
20140407,81.09,81.25,81.09,81.21,1099400,80.52
20140404,80.94,81.11,80.94,81.06,936500,80.37
20140403,80.79,80.87,80.75,80.82,1978900,80.13
20140402,80.85,80.88,80.71,80.75,3058800,80.06
20140401,80.94,80.97,80.88,80.91,2824000,80.22
20140331,81.10,81.22,81.06,81.19,2791900,80.31
20140328,81.37,81.37,81.14,81.19,1387200,80.31
20140327,81.23,81.37,81.20,81.34,2935700,80.46
20140326,81.13,81.29,81.10,81.26,3725100,80.38
20140325,81.03,81.14,81.00,81.04,1477200,80.16
20140324,80.95,81.11,80.92,81.06,4480700,80.18
20140321,80.89,81.06,80.86,81.05,1149700,80.17
20140320,80.90,80.91,80.81,80.82,826700,79.94
20140319,81.25,81.26,80.85,80.89,2357300,80.01
20140318,81.20,81.29,81.18,81.27,1487900,80.39
20140317,81.26,81.29,81.16,81.18,2693700,80.30
20140314,81.41,81.43,81.28,81.29,1835300,80.41
20140313,81.01,81.36,81.01,81.34,2204100,80.46
20140312,81.06,81.12,81.01,81.10,2303700,80.22
20140311,80.94,80.97,80.88,80.93,2263600,80.05
20140310,80.90,80.95,80.88,80.94,2006400,80.06
20140307,80.90,80.95,80.86,80.89,1926100,80.01
20140306,81.14,81.18,81.08,81.13,1739100,80.25
20140305,81.20,81.33,81.14,81.33,1623500,80.45
20140304,81.37,81.38,81.21,81.22,1083400,80.34
20140303,81.44,81.53,81.36,81.50,1398800,80.62
20140228,81.49,81.50,81.39,81.50,2445800,80.45
20140227,81.56,81.56,81.47,81.56,670700,80.51
20140226,81.27,81.47,81.27,81.46,987100,80.41
20140225,81.23,81.32,81.19,81.29,1424300,80.24
20140224,81.14,81.15,81.08,81.13,3138000,80.08
20140221,81.00,81.15,80.98,81.15,592600,80.10
20140220,81.05,81.10,80.96,81.09,1079500,80.04
20140219,81.26,81.35,81.08,81.10,1985600,80.05
20140218,81.10,81.22,81.08,81.17,2767900,80.12
20140214,81.11,81.12,81.04,81.06,4205900,80.01
20140213,81.02,81.10,81.01,81.09,3466300,80.04
20140212,80.95,80.95,80.80,80.89,3057200,79.84
20140211,81.03,81.07,80.97,81.03,5401900,79.98
20140210,81.15,81.21,81.11,81.20,1302200,80.15
20140207,81.08,81.20,81.05,81.15,921100,80.10
20140206,81.05,81.08,80.98,81.05,2321400,80.00
20140205,81.24,81.26,81.08,81.08,1353800,80.03
20140204,81.30,81.32,81.21,81.25,1923700,80.20
20140203,81.12,81.38,81.06,81.38,4118600,80.33
20140131,81.22,81.33,81.22,81.29,3366900,80.07
20140130,81.12,81.18,81.05,81.18,2204000,79.96
20140129,81.11,81.24,81.05,81.18,3245200,79.96
20140128,81.01,81.04,80.92,81.00,4081300,79.78
20140127,81.07,81.12,80.91,80.93,8599900,79.72
20140124,81.00,81.11,80.99,81.08,1174900,79.86
20140123,80.78,80.99,80.78,80.87,1552800,79.66
20140122,80.70,80.74,80.64,80.65,1637900,79.44
20140121,80.74,80.85,80.73,80.79,2570400,79.58
20140117,80.69,80.79,80.64,80.79,668600,79.58
20140116,80.65,80.70,80.63,80.70,988200,79.49
20140115,80.49,80.57,80.45,80.52,780600,79.31
20140114,80.69,80.71,80.56,80.57,798700,79.36
20140113,80.63,80.76,80.60,80.69,784400,79.48
20140110,80.46,80.58,80.43,80.58,1374900,79.37
20140109,80.15,80.22,80.08,80.19,1043900,78.99
20140108,80.14,80.16,80.04,80.04,3472700,78.84
20140107,80.27,80.30,80.22,80.30,2719600,79.10
20140106,80.20,80.26,80.15,80.20,1287400,79.00
20140103,80.08,80.21,80.06,80.13,1577300,78.93
20140102,80.10,80.18,80.05,80.12,1413300,78.92
20131231,80.06,80.13,79.98,80.05,1633600,78.85
20131230,80.04,80.10,80.01,80.08,2818200,78.88
20131227,79.93,80.01,79.90,79.95,1983400,78.75
20131226,80.04,80.07,79.95,79.95,2086900,78.75
20131224,80.16,80.16,80.07,80.07,575000,78.87
20131223,80.56,80.61,80.44,80.48,3419000,79.04
20131220,80.49,80.59,80.44,80.58,1135800,79.13
20131219,80.36,80.47,80.31,80.43,1591400,78.99
20131218,80.53,80.74,80.42,80.58,1787000,79.13
20131217,80.49,80.62,80.46,80.61,2186000,79.16
20131216,80.50,80.55,80.42,80.46,1865100,79.02
20131213,80.43,80.47,80.38,80.43,1117500,78.99
20131212,80.42,80.47,80.33,80.34,1917600,78.90
20131211,80.65,80.67,80.52,80.55,1326200,79.10
20131210,80.68,80.72,80.60,80.69,957400,79.24
20131209,80.52,80.56,80.47,80.52,957100,79.07
20131206,80.36,80.47,80.31,80.44,1622700,79.00
20131205,80.40,80.45,80.31,80.32,2193800,78.88
20131204,80.39,80.48,80.34,80.46,1816600,79.02
20131203,80.59,80.67,80.55,80.58,1043700,79.13
20131202,80.66,80.71,80.50,80.50,1297500,79.05
20131129,80.81,81.00,80.81,80.98,1058600,79.35
20131127,81.02,81.03,80.84,80.94,1571100,79.31
20131126,80.98,81.06,80.97,80.97,1177800,79.34
20131125,80.90,80.99,80.89,80.96,1588700,79.33
20131122,80.78,80.90,80.77,80.90,1977800,79.28
20131121,80.67,80.77,80.57,80.72,3170500,79.10
20131120,80.90,81.04,80.68,80.72,1025000,79.10
20131119,81.03,81.06,80.88,80.94,820200,79.31
20131118,80.97,81.12,80.97,81.10,875500,79.47
20131115,80.93,80.96,80.87,80.95,818600,79.32
20131114,80.80,80.94,80.76,80.92,1175300,79.30
20131113,80.65,80.72,80.60,80.69,1375900,79.07
20131112,80.45,80.54,80.43,80.47,1787400,78.85
20131111,80.59,80.59,80.50,80.51,1695300,78.89
20131108,80.69,80.70,80.56,80.58,2391600,78.96
20131107,81.04,81.12,80.99,81.11,839300,79.48
20131106,80.94,80.99,80.90,80.95,1300300,79.32
20131105,81.00,81.00,80.81,80.81,2158400,79.19
20131104,81.06,81.11,81.02,81.05,701100,79.42
20131101,81.16,81.19,81.00,81.00,1010100,79.37
20131031,81.47,81.53,81.31,81.40,1615500,79.59
20131030,81.54,81.59,81.32,81.40,907100,79.59
20131029,81.40,81.49,81.38,81.49,683700,79.68
20131028,81.44,81.52,81.42,81.43,943100,79.62
20131025,81.46,81.51,81.42,81.50,703100,79.69
20131024,81.52,81.53,81.38,81.41,706500,79.60
20131023,81.45,81.53,81.40,81.41,741100,79.60
20131022,81.32,81.43,81.32,81.37,763900,79.56
20131021,81.20,81.20,81.10,81.11,952900,79.30
20131018,81.18,81.25,81.14,81.21,805700,79.40
20131017,80.98,81.14,80.95,81.12,717600,79.31
20131016,80.52,80.84,80.48,80.84,936300,79.04
20131015,80.63,80.65,80.50,80.50,939600,78.71
20131014,80.68,80.70,80.47,80.52,486600,78.73
20131011,80.75,80.82,80.66,80.68,762600,78.88
20131010,80.52,80.68,80.49,80.65,899700,78.86
20131009,80.70,80.72,80.58,80.63,1117400,78.84
20131008,80.66,80.76,80.64,80.68,841700,78.88
20131007,80.83,80.84,80.69,80.71,840000,78.91
20131004,80.62,80.68,80.60,80.65,749000,78.86
20131003,80.63,80.76,80.62,80.74,6070900,78.94
20131002,80.66,80.78,80.65,80.70,984500,78.90
20131001,80.65,80.69,80.55,80.61,1146300,78.82
20130930,80.83,80.89,80.74,80.88,1218500,78.91
20130927,80.80,80.91,80.78,80.83,488200,78.86
20130926,80.80,80.85,80.77,80.81,679000,78.84
20130925,80.80,80.95,80.77,80.93,788300,78.96
20130924,80.70,80.82,80.65,80.76,1052900,78.79
20130923,80.49,80.63,80.49,80.59,833000,78.63
20130920,80.52,80.57,80.44,80.53,560900,78.57
20130919,80.77,80.77,80.49,80.54,1050200,78.58
20130918,79.99,80.71,79.84,80.63,1103800,78.67
20130917,80.00,80.01,79.90,79.99,952700,78.04
20130916,80.21,80.22,79.87,79.92,816700,77.98
20130913,79.72,79.83,79.70,79.82,1067000,77.88
20130912,79.79,79.85,79.66,79.69,757000,77.75
20130911,79.60,79.71,79.50,79.71,1474000,77.77
20130910,79.59,79.64,79.44,79.49,1120800,77.56
20130909,79.68,79.70,79.61,79.66,989800,77.72
20130906,79.50,79.62,79.43,79.46,954100,77.53
20130905,79.47,79.52,79.14,79.16,1637700,77.23
20130904,79.87,79.90,79.65,79.71,810100,77.77
20130903,79.89,79.91,79.63,79.81,1608800,77.87
20130830,80.26,80.34,80.15,80.16,1216800,78.04
20130829,80.02,80.31,80.02,80.27,855000,78.15
20130828,80.24,80.25,80.12,80.19,768800,78.07
20130827,80.21,80.37,80.16,80.33,731300,78.21
20130826,80.12,80.15,80.04,80.13,683400,78.01
20130823,79.70,80.03,79.66,79.99,1628700,77.88
20130822,79.69,79.79,79.60,79.76,751500,77.65
20130821,79.89,79.96,79.68,79.68,737300,77.58
20130820,79.87,79.99,79.84,79.99,982500,77.88
20130819,79.89,79.93,79.73,79.76,766500,77.65
20130816,80.21,80.24,79.88,79.99,813800,77.88
20130815,80.25,80.35,80.14,80.20,913900,78.08
20130814,80.51,80.56,80.46,80.49,809100,78.36
20130813,80.63,80.63,80.46,80.53,900800,78.40
20130812,80.95,81.00,80.78,80.81,1036200,78.68
20130809,80.79,80.97,80.77,80.96,746900,78.82
20130808,80.86,80.96,80.84,80.86,731600,78.72
20130807,80.72,80.83,80.71,80.82,925100,78.69
20130806,80.66,80.71,80.61,80.70,824900,78.57
20130805,80.72,80.77,80.61,80.75,1503100,78.62
20130802,80.61,80.77,80.61,80.72,1042700,78.59
20130801,80.60,80.68,80.37,80.46,1449800,78.33
20130731,80.60,81.02,80.60,81.02,1400500,78.72
20130730,80.94,81.00,80.83,80.93,1289700,78.63
20130729,80.97,80.99,80.87,80.98,1536900,78.68
20130726,81.00,81.04,80.92,80.99,1013900,78.69
20130725,80.79,80.99,80.78,80.93,777300,78.63
20130724,81.02,81.04,80.83,80.96,1171100,78.66
20130723,81.14,81.25,81.10,81.22,1570700,78.91
20130722,81.15,81.29,81.15,81.24,1041200,78.93
20130719,81.00,81.19,81.00,81.19,1412000,78.88
20130718,81.13,81.14,80.92,80.98,1372000,78.68
20130717,81.13,81.20,81.04,81.11,1612200,78.81
20130716,80.87,80.94,80.84,80.93,1929100,78.63
20130715,80.66,80.82,80.64,80.81,2293200,78.51
20130712,80.74,80.81,80.50,80.59,1393700,78.30
20130711,80.54,80.70,80.46,80.70,1029600,78.41
20130710,80.38,80.41,80.16,80.16,3070900,77.88
20130709,80.36,80.42,80.32,80.36,1352500,78.08
20130708,80.06,80.33,80.06,80.27,1975500,77.99
20130705,80.14,80.20,79.88,79.91,1563000,77.64
20130703,80.88,80.96,80.80,80.81,562300,78.51
20130702,80.88,80.95,80.83,80.87,874000,78.57
20130701,80.66,80.88,80.65,80.85,1415900,78.55
20130628,80.71,80.97,80.60,80.88,1066100,78.42
20130627,80.68,80.84,80.65,80.84,895100,78.38
20130626,80.69,80.69,80.34,80.52,2360500,78.07
20130625,80.29,80.33,80.09,80.24,6285500,77.80
20130624,79.94,80.34,79.79,80.05,3496300,77.62
20130621,80.85,80.90,80.42,80.44,1687300,77.99
20130620,80.91,81.08,80.76,80.77,1505200,78.31
20130619,82.01,82.06,81.33,81.51,1557800,79.03
20130618,81.88,82.03,81.87,81.99,1328400,79.50
20130617,82.14,82.18,82.01,82.06,1028600,79.56
20130614,82.10,82.19,82.06,82.12,1128700,79.62
20130613,81.78,82.06,81.74,82.03,1600400,79.53
20130612,81.74,81.83,81.61,81.67,1255800,79.19
20130611,81.57,81.83,81.50,81.83,2045800,79.34
20130610,81.85,81.92,81.78,81.79,996500,79.30
20130607,82.10,82.26,81.96,82.00,1194600,79.51
20130606,82.16,82.40,82.07,82.21,1101400,79.71
20130605,82.11,82.23,82.09,82.10,1224100,79.60
20130604,82.17,82.21,82.07,82.13,1378500,79.63
20130603,82.10,82.29,82.04,82.16,2786500,79.66
20130531,82.62,82.65,82.19,82.40,1391000,79.73
20130530,82.56,82.67,82.53,82.54,1593200,79.87
20130529,82.50,82.62,82.44,82.61,1453200,79.94
20130528,82.94,82.95,82.50,82.54,943200,79.87
20130524,83.01,83.12,82.96,83.00,941100,80.31
20130523,83.08,83.12,82.93,82.99,1309000,80.30
20130522,83.30,83.41,82.97,83.00,1320000,80.31
20130521,83.15,83.32,83.10,83.28,757500,80.59
20130520,83.29,83.34,83.12,83.20,1911900,80.51
20130517,83.37,83.38,83.20,83.22,920800,80.53
20130516,83.33,83.48,83.33,83.40,1367000,80.70
20130515,83.22,83.30,83.14,83.28,1295000,80.59
20130514,83.33,83.38,83.15,83.18,1085600,80.49
20130513,83.32,83.37,83.30,83.34,962500,80.64
20130510,83.62,83.62,83.35,83.43,804900,80.73
20130509,83.74,83.80,83.63,83.64,830200,80.93
20130508,83.71,83.79,83.69,83.77,792000,81.06
20130507,83.69,83.74,83.66,83.69,1174000,80.98
20130506,83.80,83.81,83.69,83.77,1101900,81.06
20130503,83.99,83.99,83.78,83.78,894100,81.07
20130502,84.15,84.19,84.11,84.18,801900,81.46
20130501,84.10,84.16,84.08,84.16,872300,81.44
20130430,84.09,84.25,84.09,84.18,792600,81.30
20130429,84.19,84.24,84.16,84.18,697900,81.30
20130426,84.08,84.16,84.06,84.11,732500,81.23
20130425,84.05,84.05,83.98,84.00,875200,81.13
20130424,84.01,84.10,84.00,84.05,851500,81.17
20130423,84.09,84.17,83.99,84.07,899100,81.19
20130422,84.06,84.09,84.03,84.09,872500,81.21
20130419,84.06,84.06,83.97,83.98,1219800,81.11
20130418,84.01,84.07,83.98,84.05,744700,81.17
20130417,83.93,84.08,83.93,84.00,916300,81.13
20130416,83.92,83.99,83.89,83.96,893700,81.09
20130415,83.85,83.99,83.85,83.98,1435800,81.11
20130412,83.72,83.89,83.72,83.89,1110300,81.02
20130411,83.66,83.70,83.64,83.69,1152300,80.83
20130410,83.76,83.76,83.63,83.65,864100,80.79
20130409,83.85,83.92,83.78,83.81,1455400,80.94
20130408,83.94,84.00,83.86,83.90,1088700,81.03
20130405,83.97,83.99,83.91,83.94,1041600,81.07
20130404,83.58,83.74,83.58,83.71,784400,80.85
20130403,83.43,83.58,83.42,83.47,1293900,80.61
20130402,83.37,83.42,83.32,83.42,2004900,80.57
20130401,83.28,83.44,83.28,83.41,1056100,80.56
20130328,83.60,83.66,83.55,83.64,906400,80.48
20130327,83.50,83.63,83.49,83.63,1096500,80.47
20130326,83.40,83.48,83.35,83.46,655500,80.31
20130325,83.38,83.48,83.36,83.43,1071500,80.28
20130322,83.40,83.46,83.35,83.44,722900,80.29
20130321,83.45,83.45,83.34,83.36,1017000,80.21
20130320,83.40,83.44,83.34,83.34,819100,80.19
20130319,83.42,83.55,83.40,83.42,2258800,80.27
20130318,83.32,83.39,83.30,83.37,1176100,80.22
20130315,83.11,83.25,83.11,83.21,894000,80.07
20130314,83.07,83.17,83.04,83.11,1735500,79.97
20130313,83.11,83.18,83.06,83.08,1287700,79.94
20130312,83.07,83.18,83.07,83.18,1214000,80.04
20130311,83.04,83.14,83.02,83.02,1668900,79.89
20130308,83.12,83.15,82.90,83.06,6339500,79.92
20130307,83.36,83.38,83.26,83.29,764800,80.15
20130306,83.49,83.52,83.41,83.41,919600,80.26
20130305,83.60,83.61,83.53,83.55,1009500,80.40
20130304,83.66,83.67,83.60,83.60,914700,80.44
20130301,83.62,83.67,83.54,83.62,839700,80.46
20130228,83.73,83.75,83.66,83.73,628400,80.42
20130227,83.80,83.80,83.61,83.69,691400,80.38
20130226,83.62,83.80,83.62,83.71,1070500,80.40
20130225,83.36,83.71,83.31,83.67,1017700,80.36
20130222,83.40,83.42,83.36,83.40,829500,80.10
20130221,83.38,83.40,83.31,83.36,803000,80.06
20130220,83.17,83.32,83.17,83.28,944600,79.99
20130219,83.30,83.32,83.19,83.22,1055800,79.93
20130215,83.27,83.32,83.19,83.25,2579400,79.96
20130214,83.20,83.33,83.20,83.32,945500,80.02
20130213,83.21,83.26,83.16,83.20,1154500,79.91
20130212,83.31,83.33,83.24,83.31,1120300,80.02
20130211,83.31,83.37,83.28,83.29,2254800,80.00
20130208,83.39,83.42,83.25,83.39,892100,80.09
20130207,83.40,83.48,83.36,83.41,1047200,80.11
20130206,83.30,83.43,83.27,83.40,2416200,80.10
20130205,83.26,83.29,83.17,83.20,2385600,79.91
20130204,83.22,83.36,83.19,83.34,1742600,80.04
20130201,83.44,83.44,83.05,83.05,1840500,79.77
20130131,83.43,83.45,83.33,83.45,1630700,79.99
20130130,83.34,83.37,83.25,83.30,1626700,79.85
20130129,83.47,83.55,83.36,83.39,1082600,79.93
20130128,83.40,83.52,83.37,83.48,1427100,80.02
20130125,83.67,83.71,83.56,83.58,1473000,80.11
20130124,83.89,83.92,83.83,83.85,1061700,80.37
20130123,83.91,83.98,83.91,83.97,1278200,80.49
20130122,83.79,83.91,83.78,83.84,2053700,80.36
20130118,83.79,83.92,83.79,83.92,920000,80.44
20130117,83.84,83.86,83.74,83.79,1043700,80.32
20130116,83.99,84.02,83.88,83.93,1136500,80.45
20130115,83.93,84.00,83.91,83.94,1283200,80.46
20130114,83.86,83.93,83.83,83.83,893900,80.35
20130111,83.67,83.85,83.67,83.83,1385000,80.35
20130110,83.75,83.80,83.67,83.77,1198700,80.30
20130109,83.77,83.80,83.68,83.77,1439600,80.30
20130108,83.75,83.85,83.73,83.80,1189000,80.33
20130107,83.71,83.76,83.66,83.72,1866600,80.25
20130104,83.61,83.78,83.58,83.78,1822700,80.31
20130103,83.91,83.93,83.65,83.65,1908500,80.18
20130102,83.78,83.94,83.78,83.90,1857300,80.42
20121231,84.13,84.16,83.96,84.03,2099100,80.55
20121228,84.15,84.16,84.04,84.11,1627500,80.62
20121227,84.00,84.17,83.92,84.09,965200,80.60
20121226,83.95,84.05,83.95,84.02,1009700,80.54
20121224,83.91,83.97,83.89,83.95,830100,80.47
20121221,84.52,84.57,84.49,84.52,1312800,81.02
20121220,84.47,84.52,84.40,84.40,1117200,80.90
20121219,84.26,84.44,84.26,84.38,2254500,80.88
20121218,84.32,84.38,84.19,84.20,1772600,80.71
20121217,84.59,84.59,84.39,84.39,1348100,80.89
20121214,84.54,84.62,84.51,84.54,2883600,81.04
20121213,84.56,84.63,84.49,84.49,1208700,80.99
20121212,84.80,84.82,84.61,84.66,1105800,81.15
20121211,84.73,84.83,84.73,84.79,2083600,81.27
20121210,84.86,84.89,84.81,84.86,1378600,81.34
20121207,84.82,84.90,84.78,84.81,1239200,81.29
20121206,85.00,85.04,84.94,84.97,771800,81.45
20121205,84.86,84.99,84.86,84.97,1058300,81.45
20121204,84.89,84.92,84.85,84.91,918000,81.39
20121203,84.70,84.86,84.65,84.84,2669300,81.32
20121130,85.06,85.07,84.94,84.94,976300,81.26
20121129,84.92,85.02,84.91,85.00,921600,81.32
20121128,84.93,85.00,84.90,84.95,803400,81.27
20121127,84.81,84.92,84.80,84.90,873200,81.22
20121126,84.86,84.87,84.73,84.73,951100,81.06
20121123,84.69,84.78,84.66,84.75,664200,81.08
20121121,84.75,84.77,84.70,84.73,643200,81.06
20121120,84.92,84.94,84.79,84.82,770400,81.14
20121119,84.90,84.96,84.85,84.95,1094200,81.27
20121116,84.98,85.05,84.92,84.95,1151500,81.27
20121115,84.91,85.03,84.88,84.99,1045400,81.31
20121114,84.92,85.02,84.87,85.00,810800,81.32
20121113,85.00,85.10,84.96,85.02,3720600,81.34
20121112,84.98,85.04,84.91,85.03,842200,81.34
20121109,84.88,84.98,84.82,84.90,1533200,81.22
20121108,84.85,85.05,84.82,84.98,667800,81.30
20121107,85.00,85.02,84.83,84.85,1036900,81.17
20121106,84.79,84.86,84.61,84.65,1074400,80.98
20121105,84.83,84.94,84.82,84.92,1520800,81.24
20121102,84.69,84.80,84.58,84.79,1107500,81.12
20121101,84.73,84.78,84.65,84.76,1039100,81.09
20121031,84.89,84.96,84.80,84.89,1030900,81.21
20121026,84.64,84.78,84.61,84.75,583800,81.08
20121025,84.53,84.64,84.50,84.57,650900,80.90
20121024,84.69,84.75,84.68,84.71,648000,81.04
20121023,84.69,84.76,84.63,84.75,949800,81.08
20121022,84.67,84.68,84.53,84.56,588400,80.89
20121019,84.52,84.74,84.52,84.68,1120200,81.01
20121018,84.65,84.65,84.48,84.55,1367200,80.89
20121017,84.75,84.76,84.50,84.59,5638300,80.92
20121016,84.94,84.94,84.80,84.80,1308000,81.12
20121015,84.98,85.01,84.94,84.97,803000,81.29
20121012,85.00,85.03,84.96,85.00,2403700,81.32
20121011,84.80,84.94,84.76,84.94,821900,81.26
20121010,84.76,84.89,84.69,84.87,633000,81.19
20121009,84.75,84.84,84.74,84.74,1113600,81.07
20121008,84.84,84.93,84.75,84.89,588800,81.21
20121005,84.82,84.82,84.73,84.78,665100,81.11
20121004,84.98,85.02,84.87,84.87,666500,81.19
20121003,84.97,85.08,84.95,85.01,1630200,81.33
20121002,84.99,85.05,84.97,85.04,771000,81.35
20121001,84.95,85.05,84.93,85.04,994800,81.35
20120928,85.15,85.19,85.04,85.15,1426400,81.29
20120927,85.07,85.14,85.05,85.07,963400,81.22
20120926,85.10,85.17,85.02,85.12,1245800,81.26
20120925,84.86,84.99,84.80,84.98,1235500,81.13
20120924,84.78,84.84,84.75,84.81,1697300,80.97
20120921,84.63,84.76,84.58,84.72,1264700,80.88
20120920,84.75,84.76,84.58,84.63,948600,80.80
20120919,84.64,84.71,84.60,84.61,1133600,80.78
20120918,84.57,84.64,84.47,84.50,3447100,80.67
20120917,84.34,84.49,84.34,84.40,852900,80.58
20120914,84.52,84.52,84.26,84.28,2127500,80.46
20120913,84.61,84.71,84.30,84.70,1350200,80.86
20120912,84.55,84.57,84.48,84.53,808600,80.70
20120911,84.76,84.76,84.65,84.65,912300,80.82
20120910,84.74,84.77,84.65,84.76,990500,80.92
20120907,84.93,84.97,84.74,84.74,928300,80.90
20120906,84.80,84.80,84.64,84.74,2350400,80.90
20120905,84.93,85.00,84.90,84.94,1049300,81.09
20120904,84.95,84.99,84.88,84.94,2076400,81.09
20120831,84.93,85.18,84.89,85.18,1176500,81.15
20120830,84.90,84.94,84.85,84.88,573200,80.86
20120829,84.85,84.86,84.75,84.81,853600,80.79
20120828,84.85,84.92,84.82,84.88,1081700,80.86
20120827,84.80,84.86,84.78,84.85,715600,80.83
20120824,84.86,84.86,84.69,84.72,3865000,80.71
20120823,84.77,84.80,84.72,84.72,1125400,80.71
20120822,84.47,84.71,84.46,84.68,1242900,80.67
20120821,84.24,84.34,84.12,84.34,661500,80.35
20120820,84.21,84.29,84.17,84.19,741100,80.20
20120817,84.16,84.29,84.16,84.23,799100,80.24
20120816,84.24,84.25,84.00,84.09,723800,80.11
20120815,84.36,84.36,84.17,84.18,780400,80.19
20120814,84.52,84.54,84.43,84.48,1119600,80.48
20120813,84.70,84.77,84.68,84.69,911800,80.68
20120810,84.78,84.78,84.62,84.68,898300,80.67
20120809,84.54,84.64,84.44,84.58,1676600,80.57
20120808,84.69,84.74,84.60,84.63,948500,80.62
20120807,84.69,84.69,84.56,84.65,1753600,80.64
20120806,84.93,84.94,84.82,84.87,1236000,80.85
20120803,84.94,84.95,84.78,84.79,1918100,80.77
20120802,85.12,85.21,85.06,85.10,899500,81.07
20120801,85.01,85.07,84.91,84.94,1587100,80.92
20120731,85.25,85.28,85.12,85.23,754800,81.02
20120730,85.04,85.18,84.95,85.14,1772900,80.93
20120727,85.10,85.14,84.86,84.98,957400,80.78
20120726,85.33,85.35,85.28,85.30,702700,81.08
20120725,85.32,85.36,85.27,85.36,483400,81.14
20120724,85.17,85.35,85.13,85.30,743200,81.08
20120723,85.28,85.28,85.16,85.20,912200,80.99
20120720,85.14,85.20,85.11,85.16,881700,80.95
20120719,85.00,85.11,84.99,85.00,864100,80.80
20120718,84.99,85.08,84.98,85.02,630600,80.82
20120717,84.93,84.95,84.86,84.88,1046800,80.68
20120716,85.00,85.07,84.90,84.91,1885600,80.71
20120713,84.81,84.86,84.75,84.86,703600,80.66
20120712,84.83,84.85,84.76,84.85,2024300,80.65
20120711,84.75,84.88,84.68,84.69,1357600,80.50
20120710,84.75,84.83,84.70,84.81,791600,80.62
20120709,84.63,84.74,84.60,84.73,800000,80.54
20120706,84.53,84.63,84.51,84.57,861200,80.39
20120705,84.33,84.49,84.29,84.49,1283700,80.31
20120703,84.42,84.42,84.23,84.25,1731700,80.08
20120702,84.26,84.45,84.23,84.37,1244100,80.20
20120629,84.28,84.39,84.23,84.38,2044900,80.03
20120628,84.45,84.50,84.41,84.44,916300,80.09
20120627,84.37,84.38,84.27,84.35,669200,80.00
20120626,84.28,84.37,84.25,84.26,1166300,79.92
20120625,84.33,84.36,84.26,84.35,1189200,80.00
20120622,84.28,84.29,84.11,84.13,2219900,79.79
20120621,84.27,84.39,84.23,84.30,972700,79.95
20120620,84.19,84.30,84.06,84.16,1274100,79.82
20120619,84.36,84.37,84.26,84.32,908900,79.97
20120618,84.44,84.46,84.32,84.43,845900,80.08
20120615,84.34,84.43,84.32,84.42,793200,80.07
20120614,84.29,84.29,84.15,84.23,718800,79.89
20120613,84.15,84.30,84.07,84.28,1212900,79.93
20120612,84.19,84.21,84.07,84.10,1194400,79.76
20120611,84.14,84.30,84.12,84.23,1175500,79.89
20120608,84.25,84.30,84.07,84.16,1572200,79.82
20120607,84.09,84.17,84.01,84.11,2325800,79.77
20120606,84.32,84.32,84.03,84.08,3526600,79.75
20120605,84.34,84.37,84.22,84.24,2069200,79.90
20120604,84.44,84.50,84.35,84.41,1700800,80.06
20120601,84.60,84.67,84.47,84.62,1657000,80.26
20120531,84.49,84.64,84.42,84.51,1459100,79.98
20120530,84.23,84.37,84.21,84.35,693800,79.83
20120529,84.08,84.12,84.01,84.03,1351600,79.52
20120525,83.99,84.06,83.98,84.03,738700,79.52
20120524,84.01,84.04,83.93,83.93,860300,79.43
20120523,84.06,84.12,84.02,84.02,1218300,79.51
20120522,84.03,84.03,83.87,83.96,1593200,79.46
20120521,84.13,84.14,84.07,84.10,2278400,79.59
20120518,84.05,84.19,84.01,84.09,1041300,79.58
20120517,84.08,84.21,83.95,84.14,1500200,79.63
20120516,84.00,84.12,83.95,84.07,1371000,79.56
20120515,84.12,84.14,84.01,84.12,1469000,79.61
20120514,84.08,84.14,84.03,84.10,759400,79.59
20120511,84.02,84.03,83.92,83.95,1734700,79.45
20120510,83.85,83.94,83.76,83.89,1650600,79.39
20120509,83.99,84.04,83.90,83.94,1595100,79.44
20120508,83.96,84.10,83.96,83.99,761300,79.48
20120507,83.97,83.97,83.91,83.91,1049200,79.41
20120504,83.90,83.96,83.85,83.94,633500,79.44
20120503,83.65,83.85,83.65,83.85,1258600,79.35
20120502,83.69,83.78,83.68,83.74,768300,79.25
20120501,83.82,83.82,83.58,83.61,1993800,79.12
20120430,83.92,83.94,83.88,83.92,912700,79.24
20120427,83.83,83.89,83.77,83.87,890600,79.19
20120426,83.85,83.88,83.78,83.82,751400,79.14
20120425,83.70,83.76,83.57,83.71,905200,79.04
20120424,83.79,83.83,83.70,83.73,1104600,79.06
20120423,83.89,83.89,83.77,83.83,843700,79.15
20120420,83.74,83.76,83.63,83.73,592900,79.06
20120419,83.83,83.83,83.73,83.74,664200,79.07
20120418,83.77,83.78,83.68,83.76,726200,79.09
20120417,83.72,83.72,83.61,83.70,838200,79.03
20120416,83.73,83.80,83.67,83.71,1235900,79.04
20120413,83.62,83.74,83.58,83.71,2484000,79.04
20120412,83.52,83.56,83.44,83.50,876200,78.84
20120411,83.50,83.51,83.40,83.49,1017900,78.83
20120410,83.52,83.69,83.48,83.61,1209700,78.95
20120409,83.45,83.53,83.36,83.37,1167600,78.72
20120405,83.10,83.10,82.96,83.08,857200,78.45
20120404,82.95,82.95,82.69,82.92,1045100,78.29
20120403,83.12,83.14,82.65,82.69,962700,78.08
20120402,83.05,83.20,82.93,83.00,1856700,78.37
20120330,83.47,83.50,83.21,83.28,1454300,78.37
20120329,83.39,83.46,83.31,83.45,1040900,78.53
20120328,83.29,83.37,83.21,83.27,639000,78.36
20120327,83.17,83.35,83.17,83.29,1095500,78.38
20120326,83.08,83.19,83.03,83.15,1137700,78.25
20120323,83.06,83.18,83.01,83.16,1151600,78.26
20120322,82.97,83.05,82.95,83.01,1169100,78.12
20120321,82.84,82.97,82.76,82.89,1520500,78.01
20120320,82.70,82.73,82.59,82.65,971200,77.78
20120319,82.84,82.87,82.59,82.63,945800,77.76
20120316,82.70,82.91,82.65,82.85,1452700,77.97
20120315,82.85,82.97,82.80,82.86,747300,77.98
20120314,83.26,83.26,82.82,82.84,1069500,77.96
20120313,83.46,83.54,83.33,83.33,1346400,78.42
20120312,83.66,83.68,83.57,83.58,1095300,78.66
20120309,83.56,83.56,83.43,83.52,1251700,78.60
20120308,83.71,83.73,83.56,83.60,847000,78.67
20120307,83.74,83.78,83.67,83.73,809900,78.80
20120306,83.75,83.80,83.69,83.71,704800,78.78
20120305,83.73,83.77,83.54,83.57,1208500,78.65
20120302,83.59,83.79,83.58,83.74,1074400,78.81
20120301,83.49,83.64,83.46,83.57,1559000,78.65
20120229,84.04,84.05,83.83,83.90,1128100,78.77
20120228,84.07,84.09,83.95,83.98,1615700,78.85
20120227,84.02,84.02,83.94,83.99,970300,78.86
20120224,83.83,83.87,83.78,83.84,1276200,78.72
20120223,83.71,83.82,83.63,83.78,991600,78.66
20120222,83.59,83.76,83.52,83.74,1847600,78.62
20120221,83.53,83.54,83.44,83.46,900400,78.36
20120217,83.55,83.58,83.42,83.51,1172700,78.41
20120216,83.71,83.78,83.61,83.70,976100,78.59
20120215,83.84,83.88,83.69,83.69,1290200,78.58
20120214,83.77,83.93,83.75,83.80,953400,78.68
20120213,83.73,83.76,83.63,83.69,933300,78.58
20120210,83.72,83.79,83.65,83.70,1003600,78.59
20120209,83.65,83.65,83.53,83.64,937500,78.53
20120208,83.72,83.75,83.60,83.63,1088200,78.52
20120207,83.78,83.80,83.61,83.73,1496300,78.61
20120206,83.79,83.89,83.73,83.84,2564400,78.72
20120203,83.77,83.81,83.69,83.80,1326000,78.68
20120202,83.85,84.03,83.79,83.91,2303800,78.78
20120201,83.85,83.91,83.74,83.78,2908500,78.66
20120131,84.03,84.07,83.90,84.07,3801200,78.74
20120130,84.06,84.14,83.91,84.00,1646400,78.68
20120127,83.82,83.91,83.72,83.90,1708100,78.58
20120126,83.67,83.77,83.59,83.75,2096700,78.44
20120125,83.35,83.77,83.31,83.53,1101200,78.24
20120124,83.38,83.38,83.25,83.29,1057600,78.01
20120123,83.30,83.39,83.22,83.27,885500,77.99
20120120,83.55,83.56,83.24,83.37,1139400,78.09
20120119,83.61,83.68,83.47,83.53,1783800,78.24
20120118,83.80,83.81,83.61,83.61,1904100,78.31
20120117,83.77,83.82,83.62,83.63,878100,78.33
20120113,83.70,83.78,83.59,83.70,889100,78.40
20120112,83.65,83.65,83.37,83.45,2047900,78.16
20120111,83.51,83.59,83.45,83.57,853400,78.27
20120110,83.42,83.50,83.34,83.37,964100,78.09
20120109,83.34,83.55,83.34,83.41,833800,78.12
20120106,83.31,83.45,83.29,83.34,1053000,78.06
20120105,83.30,83.41,83.22,83.29,1194800,78.01
20120104,83.32,83.36,83.21,83.32,2227400,78.04
20120103,83.43,83.43,83.18,83.28,2282600,78.00
20111230,83.60,83.65,83.46,83.54,1535100,78.25
20111229,83.41,83.55,83.32,83.48,1062300,78.19
20111228,83.12,83.43,83.02,83.41,1416800,78.12
20111227,83.15,83.25,82.88,83.09,1686800,77.82
20111223,83.04,83.38,83.01,83.29,990300,78.01
20111222,83.76,83.83,83.72,83.78,859700,77.91
20111221,83.89,83.90,83.62,83.62,1065100,77.76
20111220,84.11,84.11,83.85,83.85,1285400,77.98
20111219,84.07,84.20,84.00,84.02,1316300,78.13
20111216,83.92,84.06,83.92,84.05,1355900,78.16
20111215,83.78,83.87,83.75,83.82,2590900,77.95
20111214,83.74,83.90,83.67,83.86,1996800,77.99
20111213,83.41,83.77,83.41,83.70,2088000,77.84
20111212,83.52,83.59,83.47,83.49,841400,77.64
20111209,83.57,83.68,83.37,83.40,1187600,77.56
20111208,83.40,83.66,83.40,83.60,1075900,77.74
20111207,83.35,83.52,83.26,83.41,1397000,77.57
20111206,83.26,83.39,83.18,83.30,858400,77.47
20111205,83.22,83.43,83.10,83.41,2386300,77.57
20111202,83.08,83.42,83.03,83.40,2347000,77.56
20111201,83.10,83.21,82.83,83.13,1570600,77.31
20111130,83.49,83.50,83.15,83.36,1965300,77.33
20111129,83.55,83.70,83.39,83.54,744300,77.50
20111128,83.35,83.73,83.28,83.66,1550300,77.61
20111125,83.62,83.79,83.62,83.66,1453300,77.61
20111123,83.60,83.83,83.57,83.78,1525400,77.72
20111122,83.63,83.73,83.51,83.69,1217400,77.64
20111121,83.67,83.73,83.58,83.60,2076200,77.55
20111118,83.69,83.70,83.38,83.62,1032700,77.57
20111117,83.60,83.75,83.52,83.67,1147800,77.62
20111116,83.71,83.71,83.59,83.71,1705400,77.66
20111115,83.64,83.72,83.50,83.55,1323200,77.51
20111114,83.66,83.68,83.47,83.60,1279600,77.55
20111111,83.62,83.64,83.51,83.59,698100,77.55
20111110,83.61,83.77,83.45,83.65,2487500,77.60
20111109,83.93,83.93,83.67,83.75,1346800,77.69
20111108,83.88,83.95,83.63,83.65,1891400,77.60
20111107,83.81,84.11,83.77,83.91,2067200,77.84
20111104,83.75,83.92,83.73,83.89,2324000,77.82
20111103,83.80,83.97,83.76,83.77,1275300,77.71
20111102,83.78,84.03,83.78,83.98,1038100,77.91
20111101,83.80,84.04,83.62,84.03,2003400,77.95
20111031,83.55,83.65,83.40,83.62,1457400,77.38
20111028,83.09,83.31,83.01,83.25,654900,77.04
20111027,83.29,83.31,82.90,82.95,1586200,76.76
20111026,83.46,83.64,83.36,83.38,887900,77.16
20111025,83.15,83.61,83.15,83.59,1615800,77.35
20111024,83.13,83.22,83.08,83.16,1261000,76.95
20111021,83.25,83.32,83.10,83.10,1885800,76.90
20111020,83.23,83.41,83.12,83.23,1844200,77.02
20111019,83.08,83.36,83.02,83.27,1940700,77.05
20111018,83.18,83.27,83.01,83.05,844700,76.85
20111017,82.85,83.15,82.85,83.14,1680700,76.93
20111014,82.78,82.95,82.75,82.85,861400,76.67
20111013,83.02,83.12,82.90,83.00,1690600,76.81
20111012,82.74,82.96,82.72,82.90,2032400,76.71
20111011,83.01,83.02,82.90,82.92,976200,76.73
20111010,83.05,83.13,82.72,82.96,1072500,76.77
20111007,83.08,83.25,82.97,83.08,4949900,76.88
20111006,83.35,83.39,83.21,83.26,1159300,77.05
20111005,83.58,83.60,83.27,83.31,3989600,77.09
20111004,84.00,84.05,83.65,83.67,1500000,77.42
20111003,83.70,84.01,83.61,84.00,2078800,77.73
20110930,83.64,83.80,83.55,83.74,1283000,77.29
20110929,83.36,83.55,83.34,83.43,1204300,77.01
20110928,83.60,83.63,83.40,83.44,2090900,77.01
20110927,83.62,83.67,83.46,83.62,1943800,77.18
20110926,83.96,84.07,83.75,83.79,986600,77.34
20110923,84.39,84.39,83.99,84.05,803000,77.58
20110922,84.39,84.58,84.30,84.33,1033100,77.84
20110921,83.92,84.17,83.86,84.13,1434000,77.65
20110920,83.89,83.94,83.80,83.90,705500,77.44
20110919,83.86,83.97,83.78,83.79,1104100,77.34
20110916,83.36,83.60,83.34,83.53,1211300,77.10
20110915,83.56,83.63,83.48,83.56,1146400,77.13
20110914,83.50,83.72,83.50,83.72,1044900,77.27
20110913,83.68,83.68,83.44,83.54,995300,77.11
20110912,83.83,83.85,83.54,83.63,2441200,77.19
20110909,83.77,84.00,83.75,83.88,909700,77.42
20110908,83.87,83.87,83.64,83.81,973600,77.36
20110907,83.78,83.80,83.62,83.70,1235500,77.25
20110906,83.93,83.96,83.78,83.89,1240900,77.43
20110902,83.75,83.89,83.63,83.77,1355800,77.32
20110901,83.32,83.54,83.05,83.54,1902400,77.11
20110831,83.63,83.64,83.34,83.40,2267600,76.78
20110830,83.43,83.57,83.23,83.51,830500,76.88
20110829,83.21,83.23,83.04,83.20,1632100,76.60
20110826,83.47,83.54,83.22,83.40,971100,76.78
20110825,83.21,83.34,83.12,83.30,2174800,76.69
20110824,83.50,83.50,83.06,83.07,1464900,76.48
20110823,83.68,83.80,83.51,83.55,1660600,76.92
20110822,83.83,83.90,83.70,83.80,1035400,77.15
20110819,83.92,84.03,83.82,83.99,1547900,77.32
20110818,84.03,84.25,83.89,83.91,2431000,77.25
20110817,83.60,83.79,83.46,83.73,958800,77.09
20110816,83.30,83.64,83.25,83.58,1283500,76.95
20110815,83.48,83.58,83.31,83.33,1549600,76.72
20110812,83.34,83.65,83.29,83.47,1140700,76.85
20110811,83.52,83.72,83.14,83.20,1863900,76.60
20110810,83.76,84.04,83.58,84.01,2467300,77.34
20110809,83.05,83.98,82.72,83.35,2320800,76.74
20110808,82.62,83.18,82.62,83.06,4990000,76.47
20110805,82.94,83.17,82.56,82.67,1354000,76.11
20110804,82.83,83.22,82.77,83.21,1100600,76.61
20110803,82.74,82.95,82.69,82.71,1389200,76.15
20110802,82.37,82.75,82.29,82.65,1295500,76.09
20110801,82.05,82.37,82.02,82.30,1305200,75.77
20110729,81.96,82.29,81.86,82.26,1959000,75.53
20110728,81.74,81.88,81.70,81.84,1649000,75.14
20110727,81.66,81.79,81.57,81.60,846300,74.92
20110726,81.68,81.86,81.63,81.77,605900,75.08
20110725,81.61,81.80,81.53,81.57,797600,74.89
20110722,81.71,81.84,81.69,81.84,926000,75.14
20110721,81.71,81.75,81.51,81.62,656800,74.94
20110720,81.88,81.92,81.76,81.80,822100,75.11
20110719,81.64,81.94,81.63,81.93,799000,75.23
20110718,81.84,81.86,81.71,81.71,799100,75.02
20110715,81.58,81.87,81.57,81.82,574100,75.12
20110714,81.82,81.93,81.67,81.67,998500,74.99
20110713,81.79,81.98,81.75,81.98,1043600,75.27
20110712,81.89,81.92,81.70,81.87,882600,75.17
20110711,81.71,81.86,81.68,81.79,592200,75.10
20110708,81.44,81.63,81.42,81.55,1066800,74.88
20110707,81.11,81.15,80.98,81.13,915900,74.49
20110706,81.26,81.37,81.21,81.30,1144400,74.65
20110705,81.10,81.27,81.10,81.25,739900,74.60
20110701,81.04,81.12,80.88,80.98,922700,74.35
20110630,81.41,81.44,81.01,81.16,1808400,74.32
20110629,81.45,81.50,81.27,81.33,1438900,74.47
20110628,81.71,81.72,81.39,81.51,2249600,74.64
20110627,82.04,82.04,81.77,81.81,704000,74.91
20110624,81.93,82.14,81.92,82.05,725000,75.13
20110623,81.91,82.04,81.90,81.97,925200,75.06
20110622,81.82,81.91,81.68,81.77,681100,74.88
20110621,81.64,81.83,81.64,81.75,700300,74.86
20110620,81.85,81.87,81.67,81.73,804700,74.84
20110617,81.71,81.85,81.69,81.83,1254100,74.93
20110616,81.80,81.88,81.70,81.75,885200,74.86
20110615,81.45,81.78,81.41,81.70,1002500,74.81
20110614,81.51,81.51,81.37,81.37,860100,74.51
20110613,81.67,81.84,81.65,81.71,844200,74.82
20110610,81.78,81.87,81.69,81.79,975900,74.90
20110609,81.87,81.89,81.63,81.69,1069900,74.80
20110608,81.77,81.97,81.75,81.88,825100,74.98
20110607,81.56,81.73,81.49,81.72,917800,74.83
20110606,81.56,81.69,81.55,81.62,841900,74.74
20110603,81.83,81.83,81.54,81.67,747300,74.79
20110602,81.68,81.74,81.53,81.53,892100,74.66
20110601,81.63,81.86,81.60,81.86,1058300,74.96
20110531,81.55,81.75,81.46,81.69,1267900,74.60
20110527,81.59,81.62,81.54,81.59,774700,74.51
20110526,81.49,81.65,81.45,81.56,1436000,74.48
20110525,81.49,81.52,81.38,81.45,486300,74.38
20110524,81.37,81.45,81.31,81.42,1002500,74.35
20110523,81.53,81.53,81.37,81.37,540400,74.31
20110520,81.26,81.39,81.26,81.32,752700,74.26
20110519,81.04,81.29,81.04,81.25,759900,74.20
20110518,81.47,81.49,81.27,81.28,705300,74.22
20110517,81.49,81.54,81.44,81.51,713200,74.43
20110516,81.26,81.39,81.19,81.38,1271500,74.32
20110513,81.18,81.36,81.16,81.19,696200,74.14
20110512,81.11,81.20,81.00,81.07,994000,74.03
20110511,81.02,81.21,80.98,81.15,570800,74.11
20110510,81.19,81.21,81.03,81.05,643600,74.01
20110509,81.24,81.30,81.19,81.26,544300,74.21
20110506,81.05,81.29,80.99,81.19,602600,74.14
20110505,81.01,81.17,80.99,81.13,581500,74.09
20110504,80.86,81.00,80.83,80.95,821600,73.92
20110503,80.84,80.88,80.75,80.85,693400,73.83
20110502,80.86,80.86,80.69,80.76,820700,73.75
20110429,80.81,80.99,80.81,80.96,526000,73.73
20110428,80.79,80.87,80.74,80.85,1046600,73.63
20110427,80.59,80.73,80.55,80.70,760700,73.49
20110426,80.58,80.75,80.56,80.74,538200,73.53
20110425,80.46,80.54,80.41,80.49,719400,73.30
20110421,80.39,80.48,80.38,80.44,568100,73.26
20110420,80.43,80.50,80.36,80.38,631200,73.20
20110419,80.46,80.54,80.42,80.49,531200,73.30
20110418,80.25,80.45,80.19,80.36,795500,73.18
20110415,80.19,80.28,80.16,80.27,1045900,73.10
20110414,80.09,80.15,80.00,80.02,562100,72.87
20110413,79.86,80.09,79.84,80.06,514500,72.91
20110412,79.77,79.95,79.77,79.91,778200,72.77
20110411,79.62,79.71,79.57,79.63,444000,72.52
20110408,79.56,79.67,79.54,79.62,687500,72.51
20110407,79.73,79.78,79.60,79.67,679700,72.55
20110406,79.77,79.79,79.69,79.69,476600,72.57
20110405,79.93,79.97,79.79,79.81,990900,72.68
20110404,79.98,80.09,79.93,79.99,605000,72.85
20110401,79.69,79.93,79.66,79.89,953300,72.75
20110331,80.21,80.24,80.00,80.02,717300,72.67
20110330,80.05,80.14,79.98,80.11,746900,72.75
20110329,80.08,80.19,79.93,79.97,649500,72.62
20110328,80.06,80.18,80.04,80.11,810700,72.75
20110325,80.36,80.39,80.12,80.18,727400,72.81
20110324,80.39,80.42,80.27,80.29,650000,72.91
20110323,80.59,80.62,80.39,80.42,1049500,73.03
20110322,80.41,80.48,80.37,80.45,999300,73.06
20110321,80.65,80.65,80.40,80.48,813800,73.08
20110318,80.58,80.72,80.54,80.71,533600,73.29
20110317,80.69,80.79,80.55,80.72,540100,73.30
20110316,80.67,81.16,80.59,80.84,875800,73.41
20110315,80.67,80.69,80.45,80.46,601100,73.06
20110314,80.43,80.54,80.40,80.41,568800,73.02
20110311,80.35,80.39,80.27,80.33,724200,72.95
20110310,80.15,80.34,80.03,80.32,553100,72.94
20110309,79.88,80.07,79.79,79.95,712800,72.60
20110308,79.85,79.89,79.76,79.81,499600,72.47
20110307,79.81,80.02,79.78,79.88,443900,72.54
20110304,79.74,79.92,79.72,79.89,960000,72.55
20110303,79.77,79.79,79.58,79.62,840700,72.30
20110302,80.07,80.18,79.92,79.94,595200,72.59
20110301,79.92,80.13,79.87,80.10,558500,72.74
20110228,80.24,80.35,80.20,80.35,1833400,72.77
20110225,80.10,80.24,80.06,80.24,998100,72.67
20110224,80.01,80.14,79.98,80.02,939000,72.47
20110223,80.02,80.11,79.91,79.94,638700,72.40
20110222,79.73,79.98,79.72,79.95,1618800,72.41
20110218,79.56,79.68,79.50,79.65,555800,72.14
20110217,79.67,79.73,79.63,79.65,561800,72.14
20110216,79.50,79.64,79.42,79.53,635400,72.03
20110215,79.37,79.53,79.34,79.50,473400,72.00
20110214,79.28,79.55,79.24,79.39,559300,71.90
20110211,79.30,79.41,79.20,79.30,769000,71.82
20110210,79.17,79.28,79.02,79.03,519000,71.58
20110209,79.12,79.40,79.02,79.28,1252300,71.80
20110208,79.34,79.38,79.07,79.09,994100,71.63
20110207,79.25,79.40,79.21,79.34,1222300,71.86
20110204,79.52,79.58,79.28,79.33,988600,71.85
20110203,79.70,79.81,79.60,79.60,851500,72.09
20110202,80.03,80.06,79.79,79.87,810400,72.34
20110201,79.99,80.05,79.84,79.96,1186900,72.42
20110131,80.42,80.46,80.26,80.34,1061200,72.56
20110128,80.15,80.50,80.13,80.45,1006300,72.66
20110127,80.19,80.35,80.12,80.28,441100,72.51
20110126,80.28,80.34,80.12,80.12,1104100,72.36
20110125,80.27,80.48,80.15,80.40,1380800,72.61
20110124,80.18,80.31,80.17,80.19,582000,72.42
20110121,80.02,80.20,79.98,80.20,573300,72.43
20110120,80.19,80.22,79.93,80.04,1012000,72.29
20110119,80.26,80.37,80.20,80.34,722200,72.56
20110118,80.25,80.30,80.10,80.24,766200,72.47
20110114,80.48,80.54,80.30,80.32,1107000,72.54
20110113,80.11,80.43,80.11,80.43,1025900,72.64
20110112,80.10,80.25,80.00,80.18,517500,72.42
20110111,80.38,80.39,80.14,80.23,980700,72.46
20110110,80.29,80.39,80.21,80.39,509800,72.60
20110107,80.00,80.30,79.94,80.20,847000,72.43
20110106,79.90,79.96,79.77,79.90,591000,72.16
20110105,79.93,79.98,79.68,79.83,837300,72.10
20110104,80.22,80.33,80.08,80.18,1784100,72.42
20110103,80.03,80.23,79.96,80.17,936500,72.41
20101231,80.00,80.31,80.00,80.27,534500,72.50
20101230,79.97,80.02,79.78,80.00,670800,72.25
20101229,79.56,80.08,79.54,79.99,642100,72.24
20101228,79.94,79.97,79.52,79.52,688600,71.82
20101227,79.79,80.04,79.70,80.04,514800,72.29
20101223,80.43,80.43,80.32,80.40,477000,72.09
20101222,80.58,80.62,80.43,80.49,546700,72.17
20101221,80.55,80.60,80.38,80.58,1499700,72.25
20101220,80.52,80.70,80.38,80.49,639600,72.17
20101217,80.00,80.48,80.00,80.44,868800,72.12
20101216,79.72,79.99,79.59,79.95,1117000,71.68
20101215,80.09,80.17,79.71,79.77,926500,71.52
20101214,80.33,80.43,79.91,80.02,1305100,71.75
20101213,80.24,80.59,80.18,80.53,1026300,72.20
20101210,80.52,80.55,80.32,80.32,934600,72.02
20101209,80.64,80.72,80.45,80.58,791900,72.25
20101208,80.63,80.66,80.25,80.51,966500,72.19
20101207,81.24,81.27,80.78,80.93,990300,72.56
20101206,81.37,81.52,81.33,81.52,1060300,73.09
20101203,81.37,81.45,81.18,81.25,569200,72.85
20101202,81.15,81.32,81.10,81.12,720300,72.73
20101201,81.36,81.47,81.16,81.19,1170600,72.80
20101130,82.12,82.14,81.87,81.91,517500,73.24
20101129,81.96,81.96,81.77,81.88,373100,73.22
20101126,81.81,81.82,81.61,81.82,341200,73.16
20101124,81.86,81.90,81.60,81.63,539400,72.99
20101123,82.09,82.21,82.02,82.02,728000,73.34
20101122,81.89,82.00,81.89,82.00,650500,73.32
20101119,81.73,81.84,81.67,81.76,1286400,73.11
20101118,81.68,81.74,81.53,81.74,558600,73.09
20101117,81.76,81.90,81.66,81.74,507300,73.09
20101116,81.53,81.72,81.26,81.72,1044200,73.07
20101115,81.68,81.78,81.39,81.45,1803700,72.83
20101112,82.09,82.19,81.81,81.84,779900,73.18
20101111,82.25,82.26,82.06,82.21,252900,73.51
20101110,82.20,82.27,81.86,82.18,884000,73.49
20101109,82.63,82.65,82.19,82.21,502300,73.51
20101108,82.67,82.72,82.61,82.63,556900,73.89
20101105,82.76,82.86,82.61,82.61,1200000,73.87
20101104,82.87,83.00,82.84,82.96,838100,74.18
20101103,82.78,82.92,82.52,82.70,1443800,73.95
20101102,82.63,82.63,82.55,82.61,870300,73.87
20101101,82.64,82.68,82.39,82.47,648700,73.74
20101029,82.61,82.71,82.57,82.70,442900,73.75
20101028,82.42,82.55,82.37,82.55,700500,73.61
20101027,82.34,82.41,82.24,82.27,1980200,73.36
20101026,82.50,82.58,82.41,82.44,386600,73.51
20101025,82.79,82.83,82.62,82.67,1413900,73.72
20101022,82.64,82.73,82.61,82.62,524400,73.68
20101021,82.75,82.79,82.65,82.67,673900,73.72
20101020,82.74,82.88,82.67,82.74,602700,73.78
20101019,82.50,82.80,82.50,82.77,470800,73.81
20101018,82.52,82.68,82.46,82.65,486900,73.70
20101015,82.41,82.54,82.34,82.34,829400,73.43
20101014,82.74,82.84,82.52,82.53,926900,73.59
20101013,82.75,82.86,82.66,82.85,612500,73.88
20101012,82.91,82.93,82.72,82.72,431400,73.76
20101011,82.95,82.96,82.79,82.80,442300,73.84
20101008,83.00,83.06,82.83,82.83,1220000,73.86
20101007,82.89,82.95,82.83,82.93,559800,73.95
20101006,82.85,82.89,82.76,82.79,454000,73.83
20101005,82.55,82.64,82.51,82.60,758800,73.66
20101004,82.46,82.59,82.39,82.58,571700,73.64
20101001,82.39,82.43,82.22,82.37,1249200,73.45
20100930,82.64,82.70,82.39,82.66,770400,73.51
20100929,82.78,82.79,82.66,82.70,430600,73.55
20100928,82.61,82.83,82.61,82.79,818200,73.63
20100927,82.45,82.64,82.38,82.61,785900,73.47
20100924,82.41,82.41,82.24,82.26,563500,73.16
20100923,82.58,82.59,82.40,82.45,684300,73.33
20100922,82.45,82.57,82.39,82.43,497700,73.31
20100921,82.07,82.42,82.07,82.36,577700,73.25
20100920,81.98,82.09,81.95,82.06,510300,72.98
20100917,81.99,82.13,81.97,82.00,553400,72.93
20100916,81.95,82.00,81.81,81.92,490600,72.85
20100915,82.08,82.18,82.01,82.05,469300,72.97
20100914,82.00,82.20,82.00,82.13,678800,73.04
20100913,81.78,82.07,81.76,82.01,732400,72.93
20100910,81.83,81.88,81.72,81.80,417400,72.75
20100909,82.08,82.12,81.87,81.90,586000,72.84
20100908,82.29,82.32,82.19,82.21,499800,73.11
20100907,82.29,82.46,82.18,82.44,751900,73.32
20100903,82.03,82.13,81.88,82.09,814100,73.01
20100902,82.31,82.35,82.19,82.24,636800,73.14
20100901,82.58,82.60,82.24,82.40,547900,73.28
20100831,82.81,82.92,82.80,82.89,553800,73.52
20100830,82.57,82.75,82.50,82.75,499700,73.39
20100827,82.68,82.83,82.36,82.38,736600,73.06
20100826,82.71,82.80,82.64,82.76,459400,73.40
20100825,82.87,82.98,82.61,82.69,1040100,73.34
20100824,82.70,82.83,82.64,82.80,543000,73.44
20100823,82.37,82.55,82.37,82.51,399200,73.18
20100820,82.59,82.60,82.44,82.46,626400,73.13
20100819,82.28,82.60,82.28,82.57,490300,73.23
20100818,82.49,82.53,82.35,82.38,500300,73.06
20100817,82.48,82.49,82.35,82.43,823700,73.11
20100816,82.52,82.60,82.44,82.55,585500,73.21
20100813,82.11,82.25,82.01,82.24,670400,72.94
20100812,82.07,82.18,81.98,82.01,482900,72.74
20100811,82.14,82.20,82.08,82.16,865000,72.87
20100810,81.92,82.11,81.85,82.10,1123200,72.81
20100809,81.98,82.00,81.86,81.93,427000,72.66
20100806,81.92,82.03,81.83,82.03,2527100,72.75
20100805,81.75,81.80,81.68,81.79,753400,72.54
20100804,81.77,81.79,81.62,81.66,1559400,72.42
20100803,81.75,81.83,81.60,81.82,1232500,72.57
20100802,81.61,81.63,81.51,81.60,2218700,72.37
20100730,81.93,81.96,81.80,81.85,1510600,72.39
20100729,81.64,81.75,81.54,81.73,507100,72.28
20100728,81.45,81.67,81.45,81.64,513600,72.20
20100727,81.39,81.56,81.39,81.50,815500,72.08
20100726,81.52,81.56,81.40,81.54,570400,72.11
20100723,81.64,81.65,81.45,81.50,713500,72.08
20100722,81.72,81.72,81.59,81.64,473900,72.20
20100721,81.49,81.79,81.49,81.73,791100,72.28
20100720,81.59,81.63,81.44,81.44,2581000,72.02
20100719,81.58,81.61,81.44,81.45,455600,72.03
20100716,81.38,81.58,81.29,81.54,350800,72.11
20100715,81.24,81.40,81.17,81.27,2924400,71.87
20100714,81.09,81.23,81.01,81.19,795800,71.80
20100713,81.07,81.07,80.92,80.98,514100,71.62
20100712,81.14,81.21,81.06,81.12,425700,71.74
20100709,81.11,81.12,81.00,81.09,582400,71.72
20100708,81.11,81.25,81.03,81.18,619500,71.79
20100707,81.37,81.38,81.21,81.24,588100,71.85
20100706,81.14,81.36,81.12,81.34,787900,71.94
20100702,81.16,81.23,81.03,81.14,640400,71.76
20100701,81.26,81.33,81.11,81.19,1631400,71.80
20100630,81.40,81.45,81.23,81.38,1286700,71.77
20100629,81.19,81.37,81.19,81.36,1188300,71.75
20100628,81.11,81.23,81.06,81.17,1230200,71.58
20100625,80.92,81.09,80.90,81.02,449400,71.45
20100624,81.11,81.12,80.84,80.92,451400,71.36
20100623,80.90,81.10,80.82,81.03,583500,71.46
20100622,80.70,80.87,80.64,80.83,496900,71.28
20100621,80.46,80.68,80.46,80.64,624500,71.12
20100618,80.67,80.70,80.58,80.62,902100,71.10
20100617,80.47,80.72,80.46,80.65,785200,71.13
20100616,80.36,80.44,80.29,80.43,662000,70.93
20100615,80.44,80.47,80.20,80.24,808100,70.76
20100614,80.30,80.40,80.20,80.38,539600,70.89
20100611,80.34,80.47,80.24,80.36,621300,70.87
20100610,80.36,80.45,80.20,80.23,845800,70.76
20100609,80.46,80.59,80.36,80.56,446300,71.05
20100608,80.50,80.64,80.50,80.56,538700,71.05
20100607,80.31,80.61,80.31,80.59,472900,71.07
20100604,80.32,80.47,80.24,80.34,2046300,70.85
20100603,80.00,80.19,80.00,80.12,1188600,70.66
20100602,80.25,80.32,80.14,80.21,2665400,70.74
20100601,80.25,80.37,80.14,80.28,595400,70.80
20100528,80.35,80.50,80.30,80.46,511900,70.74
20100527,80.41,80.41,80.18,80.30,870700,70.60
20100526,80.58,80.62,80.37,80.61,700200,70.87
20100525,80.82,80.94,80.50,80.71,1072100,70.96
20100524,80.70,80.77,80.64,80.69,836400,70.94
20100521,80.91,80.98,80.60,80.70,997400,70.95
20100520,80.65,80.70,80.40,80.59,801300,70.86
20100519,80.34,80.54,80.32,80.45,459400,70.73
20100518,80.23,80.48,80.05,80.43,753200,70.72
20100517,80.22,80.38,80.07,80.13,380900,70.45
20100514,80.04,80.26,79.97,80.12,698500,70.44
20100513,79.95,79.95,79.71,79.85,413300,70.21
20100512,79.91,79.94,79.69,79.70,2226900,70.07
20100511,79.91,79.93,79.73,79.92,568700,70.27
20100510,79.72,79.99,79.71,79.81,517000,70.17
20100507,80.14,80.51,79.90,79.90,767500,70.25
20100506,79.81,81.34,78.87,80.10,1561600,70.43
20100505,79.87,79.99,79.75,79.79,504900,70.15
20100504,79.71,79.79,79.62,79.75,468400,70.12
20100503,79.45,79.53,79.37,79.52,533800,69.92
20100430,79.68,79.85,79.60,79.80,516100,69.95
20100429,79.58,79.66,79.49,79.57,689300,69.75
20100428,79.56,79.59,79.42,79.54,733100,69.73
20100427,79.45,79.65,79.40,79.59,598500,69.77
20100426,79.45,79.45,79.28,79.30,447200,69.52
20100423,79.34,79.37,79.22,79.34,533300,69.55
20100422,79.50,79.59,79.36,79.40,476400,69.60
20100421,79.40,79.50,79.36,79.45,704900,69.65
20100420,79.38,79.39,79.28,79.39,391100,69.59
20100419,79.46,79.46,79.26,79.31,436600,69.52
20100416,79.31,79.42,79.25,79.41,481900,69.61
20100415,79.09,79.27,78.97,79.24,712200,69.46
20100414,79.19,79.25,79.07,79.12,605000,69.36
20100413,79.18,79.20,79.07,79.18,464600,69.41
20100412,78.94,79.09,78.93,79.02,606500,69.27
20100409,78.86,78.98,78.79,78.94,338100,69.20
20100408,78.97,78.98,78.77,78.79,669600,69.07
20100407,78.60,78.88,78.60,78.83,526900,69.10
20100406,78.53,78.59,78.50,78.53,487900,68.84
20100405,78.68,78.69,78.40,78.47,817000,68.79
20100401,78.98,78.98,78.84,78.93,605200,69.19
20100331,79.23,79.28,79.13,79.20,463000,69.21
20100330,79.09,79.14,78.98,79.13,465600,69.15
20100329,79.12,79.18,78.97,78.97,853200,69.01
20100326,79.03,79.18,78.95,79.14,863200,69.16
20100325,79.19,79.21,78.84,78.97,998900,69.01
20100324,79.37,79.47,79.14,79.22,654000,69.23
20100323,79.65,79.70,79.58,79.62,538700,69.58
20100322,79.57,79.63,79.55,79.62,484000,69.58
20100319,79.54,79.61,79.47,79.54,341300,69.51
20100318,79.64,79.66,79.44,79.48,594000,69.46
20100317,79.59,79.62,79.55,79.62,380500,69.58
20100316,79.42,79.60,79.39,79.60,523800,69.56
20100315,79.44,79.47,79.36,79.46,459600,69.44
20100312,79.24,79.43,79.21,79.35,554900,69.34
20100311,79.29,79.35,79.23,79.32,337600,69.32
20100310,79.29,79.33,79.20,79.33,1147900,69.33
20100309,79.39,79.42,79.30,79.39,577300,69.38
20100308,79.34,79.37,79.30,79.34,720200,69.34
20100305,79.47,79.49,79.32,79.47,900200,69.45
20100304,79.51,79.61,79.44,79.59,461200,69.55
20100303,79.50,79.54,79.41,79.53,731900,69.50
20100302,79.45,79.54,79.40,79.52,709800,69.49
20100301,79.53,79.53,79.36,79.46,565000,69.44
20100226,79.51,79.72,79.51,79.61,936200,69.37
20100225,79.52,79.52,79.38,79.52,858200,69.29
20100224,79.39,79.47,79.31,79.41,378600,69.19
20100223,79.13,79.32,79.10,79.31,516000,69.11
20100222,79.09,79.09,78.94,79.01,484700,68.84
20100219,79.01,79.04,78.88,79.04,509300,68.87
20100218,79.24,79.24,78.94,79.04,510600,68.87
20100217,79.30,79.32,79.04,79.15,660100,68.97
20100216,79.20,79.38,79.16,79.33,1246100,69.12
20100212,79.29,79.39,79.20,79.23,387900,69.04
20100211,79.19,79.21,78.97,79.12,505300,68.94
20100210,79.45,79.46,79.18,79.25,453700,69.05
20100209,79.54,79.59,79.37,79.43,691600,69.21
20100208,79.63,79.63,79.46,79.59,411100,69.35
20100205,79.58,79.71,79.44,79.58,903800,69.34
20100204,79.37,79.52,79.37,79.45,428800,69.23
20100203,79.24,79.32,79.17,79.30,444700,69.10
20100202,79.28,79.38,79.19,79.35,573000,69.14
20100201,79.40,79.41,79.24,79.30,437300,69.10
20100129,79.44,79.64,79.40,79.60,469400,69.14
20100128,79.31,79.55,79.31,79.50,696100,69.06
20100127,79.63,79.66,79.43,79.47,597800,69.03
20100126,79.59,79.63,79.46,79.58,494400,69.12
20100125,79.58,79.58,79.35,79.39,692900,68.96
20100122,79.60,79.66,79.50,79.50,403200,69.06
20100121,79.49,79.62,79.43,79.53,647300,69.08
20100120,79.43,79.47,79.37,79.44,417300,69.00
20100119,79.34,79.39,79.23,79.25,782000,68.84
20100115,79.35,79.43,79.27,79.29,745300,68.87
20100114,79.18,79.28,79.13,79.24,777700,68.83
20100113,79.15,79.24,78.98,79.05,460500,68.66
20100112,79.11,79.23,79.08,79.23,702100,68.82
20100111,78.92,78.96,78.83,78.93,2237100,68.56
20100108,78.88,78.96,78.76,78.90,1270000,68.53
20100107,78.72,78.87,78.72,78.82,661700,68.46
20100106,78.97,78.98,78.70,78.88,981300,68.52
20100105,78.89,79.00,78.79,78.91,814600,68.54
20100104,78.60,78.73,78.54,78.68,1098100,68.34
20091231,78.54,78.64,78.33,78.59,404300,68.26
20091230,78.61,78.71,78.51,78.65,599000,68.32
20091229,78.38,78.54,78.35,78.54,741700,68.22
20091228,78.43,78.61,78.36,78.49,2665700,68.18
20091224,78.72,78.75,78.61,78.66,567900,68.10
20091223,79.00,79.08,78.93,78.98,680000,68.38
20091222,79.09,79.10,78.90,78.99,603200,68.39
20091221,79.38,79.41,79.16,79.16,654800,68.54
20091218,79.55,79.60,79.45,79.53,349000,68.86
20091217,79.47,79.59,79.44,79.55,514100,68.87
20091216,79.34,79.45,79.31,79.33,709400,68.68
20091215,79.15,79.36,79.15,79.29,517200,68.65
20091214,79.45,79.48,79.27,79.36,393800,68.71
20091211,79.36,79.46,79.24,79.43,280200,68.77
20091210,79.61,79.61,79.39,79.52,624500,68.85
20091209,79.82,79.82,79.57,79.63,580600,68.94
20091208,79.74,79.83,79.71,79.71,387300,69.01
20091207,79.46,79.62,79.39,79.58,482200,68.90
20091204,79.36,79.46,79.26,79.37,618000,68.72
20091203,79.70,79.71,79.60,79.70,454800,69.00
20091202,79.95,79.95,79.72,79.78,463400,69.07
20091201,80.06,80.10,79.89,79.89,535900,69.17
20091130,80.33,80.33,80.22,80.25,373600,69.27
20091127,80.29,80.29,80.11,80.29,117700,69.30
20091125,79.93,80.15,79.90,80.15,579800,69.18
20091124,79.86,80.00,79.80,79.99,586900,69.04
20091123,79.77,79.84,79.62,79.79,517500,68.87
20091120,79.77,79.82,79.69,79.73,476900,68.82
20091119,79.84,79.88,79.71,79.77,699900,68.85
20091118,79.78,79.78,79.62,79.71,660800,68.80
20091117,79.73,79.77,79.60,79.69,729200,68.79
20091116,79.63,79.77,79.56,79.71,488700,68.80
20091113,79.49,79.51,79.35,79.51,398000,68.63
20091112,79.34,79.58,79.27,79.56,480300,68.67
20091111,79.32,79.54,79.30,79.47,681700,68.60
20091110,79.36,79.38,79.16,79.27,432700,68.42
20091109,79.19,79.25,79.13,79.24,335200,68.40
20091106,79.14,79.19,78.98,79.08,413500,68.26
20091105,78.99,79.11,78.89,79.06,454300,68.24
20091104,79.01,79.11,78.85,78.99,446700,68.18
20091103,79.17,79.17,78.95,79.01,609900,68.20
20091102,79.29,79.32,79.05,79.15,525700,68.32
20091030,79.30,79.47,79.14,79.47,428700,68.38
20091029,79.07,79.22,78.96,79.14,357900,68.09
20091028,79.17,79.29,78.89,79.10,766700,68.06
20091027,79.04,79.24,78.84,79.18,315300,68.13
20091026,79.00,79.07,78.83,78.90,390700,67.89
20091023,79.13,79.18,78.94,79.00,552700,67.97
20091022,79.16,79.31,79.11,79.24,349200,68.18
20091021,79.26,79.32,79.07,79.31,453700,68.24
20091020,79.30,79.34,79.20,79.32,533100,68.25
20091019,79.16,79.18,78.91,79.16,973400,68.11
20091016,79.07,79.10,78.90,79.05,858500,68.02
20091015,78.96,79.09,78.81,79.02,736700,67.99
20091014,79.13,79.24,78.95,79.00,1088300,67.97
20091013,79.43,79.43,79.14,79.34,745700,68.27
20091012,79.04,79.30,78.92,79.28,350700,68.21
20091009,79.43,79.43,79.00,79.01,1349300,67.98
20091008,79.71,79.71,79.35,79.59,1109400,68.48
20091007,79.64,79.66,79.53,79.62,802700,68.51
20091006,79.53,79.61,79.40,79.58,769800,68.47
20091005,79.61,79.61,79.42,79.49,465500,68.39
20091002,79.81,79.81,79.33,79.37,787100,68.29
20091001,79.40,79.61,79.28,79.61,2491800,68.50
20090930,79.44,79.55,79.40,79.50,575600,68.19
20090929,79.36,79.52,79.31,79.50,752400,68.19
20090928,79.41,79.51,79.26,79.50,463800,68.19
20090925,79.28,79.50,79.21,79.46,440400,68.16
20090924,79.24,79.29,79.12,79.21,781200,67.94
20090923,79.05,79.18,78.92,79.17,540700,67.91
20090922,79.04,79.09,78.91,78.94,641400,67.71
20090921,79.10,79.12,78.93,79.04,414600,67.79
20090918,79.18,79.19,78.95,79.10,432800,67.85
20090917,78.99,79.19,78.87,79.19,879600,67.92
20090916,78.90,79.01,78.75,78.96,535500,67.73
20090915,78.92,78.99,78.81,78.94,378100,67.71
20090914,79.13,79.13,78.83,78.88,429800,67.66
20090911,79.21,79.33,79.03,79.18,370000,67.92
20090910,78.94,79.23,78.84,79.14,490200,67.88
20090909,78.72,78.84,78.51,78.84,523900,67.62
20090908,78.79,78.84,78.64,78.71,494800,67.51
20090904,78.97,78.98,78.65,78.75,423200,67.55
20090903,78.98,78.99,78.78,78.83,443300,67.61
20090902,78.78,79.06,78.69,78.97,390700,67.73
20090901,78.66,78.86,78.53,78.80,653800,67.59
20090831,78.85,78.98,78.63,78.97,421700,67.51
20090828,78.57,78.82,78.48,78.82,633000,67.38
20090827,78.66,78.73,78.50,78.66,402300,67.25
20090826,78.74,78.85,78.62,78.75,512000,67.32
20090825,78.60,78.71,78.38,78.70,554900,67.28
20090824,78.40,78.75,78.25,78.57,760500,67.17
20090821,78.60,78.73,78.29,78.42,705500,67.04
20090820,78.33,78.67,78.33,78.67,487700,67.25
20090819,78.73,78.73,78.34,78.56,384500,67.16
20090818,78.58,78.61,78.26,78.47,466600,67.08
20090817,78.62,78.62,78.25,78.58,483900,67.18
20090814,78.37,78.50,78.17,78.36,640800,66.99
20090813,77.94,78.28,77.79,78.12,562200,66.78
20090812,77.95,78.00,77.56,77.92,419500,66.61
20090811,77.97,78.02,77.77,77.97,444600,66.66
20090810,77.46,77.84,77.33,77.82,482000,66.53
20090807,77.26,77.50,77.09,77.19,986100,65.99
20090806,77.74,77.81,77.62,77.73,331800,66.45
20090805,77.74,77.85,77.60,77.68,485200,66.41
20090804,78.20,78.30,77.70,77.86,485900,66.56
20090803,78.14,78.18,77.81,77.93,596900,66.62
20090731,78.27,78.48,78.10,78.44,481200,66.84
20090730,77.69,78.10,77.65,78.10,415200,66.55
20090729,77.98,77.99,77.60,77.75,420200,66.25
20090728,77.75,77.98,77.51,77.78,686600,66.27
20090727,77.60,77.70,77.50,77.70,597100,66.21
20090724,77.79,77.88,77.60,77.80,417900,66.29
20090723,78.07,78.12,77.57,77.77,498100,66.26
20090722,78.24,78.24,77.95,78.03,608300,66.49
20090721,77.66,78.24,77.55,78.20,438600,66.63
20090720,77.58,77.77,77.48,77.73,473200,66.23
20090717,77.58,77.61,77.39,77.48,575800,66.02
20090716,77.75,77.75,77.46,77.68,529400,66.19
20090715,77.52,77.59,77.30,77.34,1087100,65.90
20090714,77.84,77.86,77.53,77.73,374300,66.23
20090713,78.11,78.19,77.90,77.96,789000,66.43
20090710,77.79,78.09,77.79,78.09,440100,66.54
20090709,77.90,77.94,77.62,77.81,462400,66.30
20090708,77.69,78.08,77.55,78.04,337200,66.49
20090707,77.50,77.68,77.42,77.51,281200,66.04
20090706,77.43,77.48,77.26,77.35,240300,65.91
20090702,77.30,77.54,77.27,77.41,373000,65.96
20090701,77.22,77.51,77.14,77.38,430400,65.93
20090630,77.68,77.81,77.50,77.69,439600,65.97
20090629,77.83,77.84,77.58,77.82,392500,66.08
20090626,77.74,77.75,77.60,77.68,383500,65.96
20090625,77.29,77.64,77.05,77.64,449600,65.93
20090624,77.25,77.49,77.03,77.11,364400,65.48
20090623,77.00,77.29,76.95,77.28,333000,65.62
20090622,77.13,77.15,76.93,76.93,336200,65.33
20090619,76.61,76.76,76.52,76.75,514800,65.17
20090618,77.00,77.02,76.51,76.57,502600,65.02
20090617,77.24,77.50,77.12,77.14,374700,65.50
20090616,76.87,77.19,76.82,77.18,381900,65.54
20090615,76.58,76.91,76.58,76.82,348500,65.23
20090612,76.60,76.76,76.35,76.67,289200,65.11
20090611,75.96,76.54,75.96,76.47,379200,64.94
20090610,76.28,76.39,76.00,76.10,379800,64.62
20090609,76.00,76.43,76.00,76.29,458900,64.78
20090608,76.34,76.47,76.01,76.08,334100,64.60
20090605,76.52,76.57,76.17,76.24,546400,64.74
20090604,77.19,77.19,76.70,76.76,457300,65.18
20090603,77.13,77.29,76.94,77.24,420100,65.59
20090602,76.89,76.98,76.67,76.98,417500,65.37
20090601,77.13,77.31,76.62,76.69,510500,65.12
20090529,76.89,77.56,76.85,77.48,360300,65.57
20090528,76.77,76.97,76.53,76.93,328800,65.10
20090527,77.18,77.22,76.62,76.73,473700,64.93
20090526,77.47,77.47,77.19,77.19,298900,65.32
20090522,77.35,77.48,77.21,77.35,515000,65.46
20090521,77.82,77.88,77.25,77.37,292700,65.47
20090520,77.65,77.86,77.48,77.77,710600,65.81
20090519,77.42,77.56,77.26,77.54,362400,65.62
20090518,77.69,77.74,77.26,77.37,507000,65.47
20090515,77.58,77.69,77.51,77.60,535900,65.67
20090514,77.64,77.77,77.52,77.62,396300,65.68
20090513,77.50,77.70,77.44,77.65,299000,65.71
20090512,77.40,77.54,77.33,77.42,356500,65.52
20090511,77.12,77.49,77.06,77.45,336100,65.54
20090508,77.13,77.19,76.90,77.13,429100,65.27
20090507,77.07,77.19,76.82,76.94,517100,65.11
20090506,76.93,77.29,76.93,77.21,550900,65.34
20090505,77.02,77.09,76.88,76.88,341000,65.06
20090504,76.83,77.03,76.80,76.89,449600,65.07
20090501,76.78,76.86,76.66,76.83,413600,65.02
20090430,77.05,77.25,77.02,77.23,487600,65.13
20090429,77.24,77.33,76.90,77.01,374800,64.94
20090428,77.43,77.43,76.97,77.12,431400,65.03
20090427,77.12,77.40,77.11,77.40,405700,65.27
20090424,77.13,77.27,76.99,77.23,273100,65.13
20090423,77.27,77.30,76.95,77.27,374200,65.16
20090422,77.18,77.22,76.94,77.21,379400,65.11
20090421,77.28,77.28,76.92,77.07,408000,64.99
20090420,76.96,77.30,76.96,77.22,247700,65.12
20090417,77.17,77.26,76.69,76.84,609300,64.80
20090416,77.09,77.30,77.09,77.25,436800,65.14
20090415,77.31,77.45,77.10,77.40,639000,65.27
20090414,77.22,77.34,77.06,77.29,316000,65.18
20090413,77.03,77.17,76.71,77.09,376700,65.01
20090409,76.83,77.08,76.69,76.97,495100,64.91
20090408,76.84,77.06,76.75,77.06,260600,64.98
20090407,76.75,76.85,76.57,76.70,274100,64.68
20090406,76.71,76.79,76.52,76.55,541000,64.55
20090403,76.85,76.96,76.46,76.47,546800,64.49
20090402,77.06,77.11,76.66,76.88,567900,64.83
20090401,77.08,77.15,76.86,77.03,521700,64.96
20090331,77.12,77.30,77.03,77.15,398700,64.83
20090330,77.08,77.22,76.78,77.12,358200,64.80
20090327,77.00,77.09,76.82,76.97,411900,64.67
20090326,76.62,76.92,76.55,76.78,302200,64.51
20090325,76.86,76.86,76.50,76.52,573300,64.30
20090324,76.62,77.03,76.52,76.78,475500,64.51
20090323,77.10,77.17,76.82,76.82,335100,64.55
20090320,77.16,77.39,76.86,77.00,495800,64.70
20090319,77.39,77.85,77.16,77.35,375800,64.99
20090318,76.26,78.00,76.13,77.40,401300,65.04
20090317,76.36,76.36,75.94,76.05,600000,63.90
20090316,76.15,76.38,76.04,76.22,422700,64.04
20090313,76.36,76.49,76.08,76.27,407000,64.09
20090312,76.30,76.50,76.03,76.33,438300,64.14
20090311,76.14,76.29,75.95,76.16,545900,63.99
20090310,75.83,76.19,75.72,76.00,635400,63.86
20090309,76.33,76.35,75.82,75.92,754100,63.79
20090306,76.42,76.59,76.20,76.20,690800,64.03
20090305,76.14,76.58,76.07,76.52,679700,64.30
20090304,75.97,76.21,75.95,76.17,536700,64.00
20090303,76.26,76.48,76.04,76.18,893600,64.01
20090302,76.29,76.59,76.20,76.44,759200,64.23
20090227,76.51,76.61,76.29,76.59,548700,64.12
20090226,76.51,76.59,76.33,76.51,612000,64.06
20090225,76.91,76.95,76.55,76.65,553300,64.17
20090224,76.97,77.22,76.75,77.04,564800,64.50
20090223,76.98,77.10,76.73,77.10,418400,64.55
20090220,77.14,77.18,76.94,76.97,419300,64.44
20090219,76.97,77.07,76.60,76.83,351200,64.32
20090218,77.42,77.55,77.05,77.16,387400,64.60
20090217,77.18,77.56,77.17,77.46,303100,64.85
20090213,77.10,77.24,76.96,76.96,300700,64.43
20090212,77.48,77.60,77.22,77.32,238100,64.74
20090211,76.92,77.55,76.88,77.52,250000,64.90
20090210,77.12,77.30,76.75,77.24,291900,64.67
20090209,77.13,77.13,76.63,76.82,263800,64.32
20090206,76.85,76.85,76.45,76.80,344000,64.30
20090205,76.81,76.98,76.47,76.81,367500,64.31
20090204,76.35,76.80,76.20,76.64,337800,64.17
20090203,77.33,77.33,76.32,76.50,391300,64.05
20090202,77.06,77.69,77.02,77.30,407600,64.72
20090130,77.04,77.46,77.03,77.33,337400,64.50
20090129,77.55,77.69,77.01,77.29,403700,64.47
20090128,77.80,77.90,77.51,77.81,283700,64.90
20090127,77.31,77.97,77.28,77.77,382400,64.87
20090126,77.53,77.79,77.15,77.30,265600,64.48
20090123,77.62,77.62,77.24,77.56,260100,64.69
20090122,77.62,77.83,77.17,77.71,373600,64.82
20090121,78.00,78.13,77.41,77.54,350500,64.68
20090120,78.00,78.11,77.23,78.08,374800,65.13
20090116,78.09,78.46,77.75,78.42,256200,65.41
20090115,78.84,78.84,78.16,78.30,317500,65.31
20090114,78.42,78.64,77.99,78.64,230600,65.59
20090113,77.96,78.37,77.82,78.35,235600,65.35
20090112,78.05,78.39,77.76,77.93,402000,65.00
20090109,78.08,78.37,77.98,78.24,203700,65.26
20090108,78.09,78.09,77.30,77.96,305700,65.03
20090107,78.22,78.22,77.61,78.09,500400,65.14
20090106,78.23,78.23,77.49,77.85,449700,64.94
20090105,78.47,78.85,77.90,78.35,648200,65.35
20090102,78.42,79.16,78.37,78.68,269800,65.63
20081231,78.45,79.22,78.45,78.97,381800,65.87
20081230,78.25,78.90,78.17,78.87,292500,65.79
20081229,77.96,78.88,77.85,78.72,278100,65.66
20081226,77.85,78.41,77.76,78.23,138700,65.25
20081224,77.74,78.45,77.67,78.17,187200,65.20
20081223,77.62,78.59,77.62,78.53,338900,65.26
20081222,77.88,78.27,77.75,78.24,261200,65.02
20081219,77.78,78.00,77.57,77.57,258500,64.46
20081218,77.75,78.17,77.72,78.07,201100,64.87
20081217,77.95,78.00,77.37,77.52,234900,64.42
20081216,76.74,77.50,76.30,77.50,304200,64.40
20081215,76.26,76.86,76.26,76.86,319800,63.87
20081212,76.19,76.72,75.76,76.06,542800,63.20
20081211,76.00,76.53,75.66,76.46,293400,63.54
20081210,75.96,75.96,75.55,75.65,299300,62.86
20081209,75.49,76.35,75.49,75.78,347300,62.97
20081208,75.77,76.03,75.30,75.38,180600,62.64
20081205,75.86,76.29,75.51,75.71,376700,62.91
20081204,76.00,76.40,75.67,76.27,261300,63.38
20081203,76.00,76.40,75.61,75.94,223200,63.11
20081202,75.83,76.41,75.53,76.30,259600,63.40
20081201,75.72,76.26,75.50,75.84,236200,63.02
20081128,75.53,75.69,75.09,75.69,97200,62.65
20081126,75.10,75.94,75.09,75.93,211500,62.85
20081125,74.35,75.72,74.30,75.46,340200,62.46
20081124,74.00,74.90,73.76,74.18,410200,61.40
20081121,74.33,75.05,74.17,74.50,269000,61.67
20081120,74.58,75.37,74.58,74.87,225200,61.97
20081119,74.37,74.99,74.37,74.93,154900,62.02
20081118,74.45,74.80,74.45,74.67,205300,61.81
20081117,74.55,74.78,74.33,74.62,157000,61.77
20081114,74.68,74.90,74.31,74.81,297400,61.92
20081113,74.11,74.92,74.06,74.55,222600,61.71
20081112,74.95,74.95,73.92,74.55,160600,61.71
20081111,74.10,75.00,74.00,74.79,167200,61.91
20081110,74.55,74.89,74.12,74.60,132800,61.75
20081107,74.60,74.74,74.29,74.60,223000,61.75
20081106,74.40,74.83,74.16,74.76,238400,61.88
20081105,74.24,74.93,74.10,74.70,332200,61.83
20081104,73.30,74.15,73.00,74.14,1260600,61.37
20081103,73.16,73.41,73.00,73.40,308800,60.76
20081031,73.18,73.68,72.65,73.13,282300,60.28
20081030,73.74,73.74,72.73,73.17,181100,60.32
20081029,73.42,74.40,73.17,73.66,732300,60.72
20081028,73.95,73.95,73.00,73.13,185900,60.28
20081027,74.04,74.34,73.24,73.70,242800,60.75
20081024,75.12,75.12,73.19,74.10,283800,61.08
20081023,75.40,75.40,74.47,74.96,172500,61.79
20081022,74.78,75.43,74.56,75.31,416900,62.08
20081021,74.59,75.05,73.90,74.97,582600,61.80
20081020,73.24,74.19,73.20,73.71,219900,60.76
20081017,73.14,73.82,72.51,73.74,304700,60.79
20081016,73.41,73.44,72.49,73.34,203200,60.46
20081015,73.06,73.42,72.19,73.35,229700,60.47
20081014,74.17,74.47,72.62,73.80,368600,60.84
20081013,71.51,73.09,70.00,72.87,127000,60.07
20081010,70.25,71.59,67.00,69.96,648000,57.67
20081009,74.42,75.00,71.73,72.16,366000,59.48
20081008,75.65,75.93,74.42,74.48,321800,61.40
20081007,75.49,76.00,75.00,75.60,252000,62.32
20081006,76.01,76.25,75.00,75.38,326900,62.14
20081003,76.19,76.19,75.21,75.99,209600,62.64
20081002,75.66,76.74,75.06,76.41,300800,62.99
20081001,75.26,76.08,74.71,74.95,344400,61.78
20080930,77.00,77.00,75.38,75.62,240500,62.11
20080929,76.99,76.99,75.72,76.49,461600,62.83
20080926,76.60,76.62,76.11,76.12,319500,62.53
20080925,77.00,77.46,76.11,76.89,200100,63.16
20080924,76.82,77.10,76.08,76.64,3408100,62.95
20080923,76.18,76.80,76.05,76.65,195100,62.96
20080922,75.75,76.45,75.50,76.41,171800,62.76
20080919,77.53,77.53,75.52,76.61,222800,62.93
20080918,76.77,76.96,75.56,75.68,359200,62.16
20080917,76.62,77.07,76.50,76.77,294400,63.06
20080916,77.83,78.02,76.67,76.67,166400,62.98
20080915,78.05,78.05,76.92,77.42,118600,63.59
20080912,77.13,77.23,76.66,76.84,133700,63.12
20080911,77.27,77.31,76.98,77.09,183500,63.32
20080910,76.85,77.17,76.81,77.14,134900,63.36
20080909,76.97,77.24,76.89,77.14,225100,63.36
20080908,76.83,77.00,76.38,77.00,148900,63.25
20080905,76.65,76.78,76.40,76.46,174100,62.80
20080904,76.49,76.68,76.36,76.40,184500,62.76
20080903,76.27,76.42,76.15,76.36,171600,62.72
20080902,76.34,76.34,75.76,76.26,149000,62.64
20080829,76.81,76.81,76.19,76.30,110900,62.44
20080828,76.30,76.62,76.19,76.40,341400,62.52
20080827,76.07,76.36,76.02,76.33,391900,62.46
20080826,76.22,76.37,76.06,76.31,585500,62.44
20080825,76.00,76.22,76.00,76.21,93000,62.36
20080822,75.98,76.00,75.75,76.00,146100,62.19
20080821,76.06,76.23,75.91,76.16,105400,62.32
20080820,75.92,76.25,75.92,76.18,120800,62.34
20080819,76.06,76.06,75.86,76.01,109600,62.20
20080818,75.96,76.15,75.90,76.15,77600,62.31
20080815,75.93,76.00,75.80,75.95,94500,62.15
20080814,75.69,75.75,75.52,75.71,151600,61.95
20080813,75.66,75.77,75.42,75.52,135100,61.80
20080812,75.46,75.76,75.46,75.72,196300,61.96
20080811,75.73,75.73,75.20,75.38,201200,61.68
20080808,75.56,75.72,75.46,75.70,231000,61.95
20080807,75.31,75.76,75.24,75.73,245000,61.97
20080806,75.20,75.30,75.00,75.25,233300,61.58
20080805,75.54,75.60,75.31,75.35,158000,61.66
20080804,75.61,75.83,75.52,75.66,190900,61.91
20080801,76.12,76.12,75.60,75.80,393000,62.03
20080731,75.99,76.00,75.85,75.97,120300,61.92
20080730,75.59,75.80,75.35,75.71,77400,61.71
20080729,75.77,75.77,75.51,75.69,90100,61.69
20080728,75.79,75.89,75.57,75.81,111700,61.79
20080725,75.62,75.69,75.26,75.31,127300,61.38
20080724,75.49,75.86,75.44,75.79,132400,61.77
20080723,75.17,75.32,75.03,75.25,163400,61.33
20080722,75.37,75.43,75.08,75.22,118000,61.31
20080721,75.30,75.45,75.15,75.45,84300,61.49
20080718,75.51,75.65,75.15,75.29,110400,61.36
20080717,75.73,75.82,75.29,75.41,101400,61.46
20080716,76.06,76.10,75.64,75.76,152000,61.75
20080715,76.22,76.46,76.22,76.39,237100,62.26
20080714,76.04,76.46,76.03,76.32,193800,62.20
20080711,76.64,76.64,75.90,75.91,206100,61.87
20080710,76.22,76.41,76.10,76.39,255500,62.26
20080709,76.28,76.35,75.99,76.18,812300,62.09
20080708,75.87,76.24,75.79,76.17,92400,62.08
20080707,75.70,75.95,75.26,75.74,216700,61.73
20080703,75.75,75.83,75.41,75.70,303000,61.70
20080702,75.85,75.85,75.50,75.64,118400,61.65
20080701,75.84,76.18,75.54,75.90,255700,61.86
20080630,76.29,76.29,75.98,76.25,180900,61.90
20080627,76.54,76.54,75.78,76.00,123300,61.70
20080626,75.56,76.05,75.56,75.80,100500,61.54
20080625,75.87,75.87,75.40,75.80,108900,61.54
20080624,75.70,75.83,75.55,75.77,194100,61.52
20080623,75.81,75.81,75.45,75.45,99200,61.26
20080620,75.84,75.84,75.58,75.71,145900,61.47
20080619,75.71,75.79,75.50,75.56,130100,61.34
20080618,75.48,75.84,75.48,75.75,110100,61.50
20080617,75.29,75.59,75.10,75.50,199400,61.30
20080616,75.20,75.45,75.15,75.25,168500,61.09
20080613,75.38,75.54,75.02,75.18,132500,61.04
20080612,75.55,75.60,75.11,75.11,146700,60.98
20080611,75.72,76.06,75.65,75.94,114000,61.65
20080610,75.88,75.99,75.50,75.50,129200,61.30
20080609,76.04,76.32,75.89,75.93,127400,61.65
20080606,76.20,76.59,76.20,76.56,187100,62.16
20080605,76.21,76.36,76.00,76.17,108200,61.84
20080604,76.61,76.75,76.34,76.52,181200,62.12
20080603,76.10,76.89,75.99,76.89,126300,62.42
20080602,76.02,76.75,75.75,76.59,369000,62.18
20080530,76.24,76.65,76.24,76.50,188500,61.88
20080529,76.42,76.45,76.16,76.45,234400,61.84
20080528,76.89,76.89,76.50,76.58,168900,61.94
20080527,77.15,77.16,76.90,76.98,146100,62.27
20080523,77.00,77.49,77.00,77.41,591200,62.62
20080522,77.02,77.22,76.78,77.08,487800,62.35
20080521,77.36,77.47,77.25,77.39,111400,62.60
20080520,77.63,77.65,77.40,77.41,155100,62.62
20080519,77.40,77.45,77.13,77.44,548600,62.64
20080516,77.32,77.52,77.00,77.23,111000,62.47
20080515,77.04,77.38,76.95,77.38,99300,62.59
20080514,77.18,77.18,76.64,76.97,130900,62.26
20080513,77.53,77.53,76.88,76.92,156900,62.22
20080512,77.39,77.51,77.17,77.32,101000,62.54
20080509,77.58,77.62,77.28,77.40,106300,62.61
20080508,77.30,77.50,77.20,77.45,97900,62.65
20080507,76.95,77.21,76.85,77.07,265900,62.34
20080506,77.38,77.39,76.84,76.96,132800,62.25
20080505,77.32,77.32,77.04,77.24,154400,62.48
20080502,77.01,77.30,76.77,77.09,280500,62.36
20080501,77.37,77.40,76.94,77.28,341900,62.51
20080430,77.19,77.57,76.96,77.57,193000,62.50
20080429,77.17,77.21,76.95,76.95,212900,62.00
20080428,76.76,77.00,76.65,77.00,129600,62.04
20080425,76.67,76.77,76.54,76.73,134300,61.82
20080424,76.80,76.95,76.54,76.83,126000,61.90
20080423,77.15,77.21,76.92,77.16,118600,62.17
20080422,77.10,77.27,77.06,77.23,111400,62.23
20080421,76.97,77.16,76.80,77.06,106100,62.09
20080418,76.77,77.06,76.45,76.93,253000,61.98
20080417,77.10,77.10,76.60,76.87,396200,61.94
20080416,77.70,77.70,76.81,76.94,284500,61.99
20080415,77.55,77.55,77.22,77.35,154000,62.32
20080414,78.14,78.14,77.53,77.61,116900,62.53
20080411,77.46,77.87,77.46,77.87,174500,62.74
20080410,77.67,77.72,77.30,77.42,118100,62.38
20080409,77.52,77.72,77.34,77.65,78500,62.56
20080408,77.50,77.50,77.18,77.35,97200,62.32
20080407,77.53,77.53,77.05,77.31,105600,62.29
20080404,77.70,77.70,77.27,77.61,294600,62.53
20080403,77.16,77.30,76.84,76.90,279000,61.96
20080402,77.01,77.25,76.78,76.93,170100,61.98
20080401,77.76,78.24,76.70,77.03,1952300,62.07
20080331,78.38,78.38,77.66,78.14,101600,62.72
20080328,78.65,78.65,77.70,77.87,78900,62.50
20080327,77.55,77.93,77.55,77.81,86600,62.45
20080326,78.27,78.27,77.64,77.80,117400,62.44
20080325,78.35,78.35,77.50,77.73,134900,62.39
20080324,79.01,79.01,77.43,77.58,300600,62.27
20080320,78.34,78.34,77.67,78.01,77400,62.61
20080319,77.91,78.15,77.73,77.80,144700,62.44
20080318,79.83,79.83,77.59,77.74,86200,62.40
20080317,77.63,78.06,77.00,77.67,83700,62.34
20080314,77.36,77.90,77.24,77.41,119900,62.13
20080313,77.18,77.43,76.84,77.08,207000,61.87
20080312,76.72,77.43,76.72,77.42,66200,62.14
20080311,76.92,76.93,76.51,76.71,85900,61.57
20080310,77.10,77.24,76.88,77.15,71100,61.92
20080307,76.94,77.13,76.50,76.92,142800,61.74
20080306,76.95,76.96,76.67,76.71,187600,61.57
20080305,77.29,77.33,76.75,76.77,158900,61.62
20080304,77.61,77.63,77.13,77.27,229800,62.02
20080303,77.60,77.86,77.46,77.64,117300,62.32
20080229,77.77,78.28,77.77,78.12,163100,62.47
20080228,77.34,77.69,77.34,77.63,146900,62.08
20080227,77.21,77.21,76.91,77.06,221900,61.62
20080226,76.71,77.03,76.65,76.92,271500,61.51
20080225,76.80,76.95,76.53,76.63,180900,61.28
20080222,77.18,77.42,76.98,77.01,175400,61.58
20080221,76.98,77.33,76.79,77.20,205100,61.73
20080220,76.39,76.77,76.39,76.56,197000,61.22
20080219,77.33,77.33,76.50,76.50,602700,61.17
20080215,77.43,77.43,77.05,77.21,161000,61.74
20080214,77.30,77.37,76.99,77.09,144900,61.64
20080213,77.70,77.82,77.45,77.45,123500,61.93
20080212,77.83,77.91,77.53,77.87,113000,62.27
20080211,77.95,78.08,77.84,78.00,93500,62.37
20080208,77.80,77.91,77.66,77.83,88000,62.24
20080207,78.15,78.16,77.46,77.60,135100,62.05
20080206,78.01,78.25,78.01,78.08,149000,62.44
20080205,78.20,78.38,78.05,78.24,143400,62.56
20080204,78.20,78.20,77.86,78.03,181700,62.40
20080201,78.44,78.50,78.15,78.31,126500,62.62
20080131,78.61,78.63,78.29,78.35,120800,62.41
20080130,78.01,78.42,78.00,78.29,121500,62.36
20080129,78.05,78.32,78.04,78.26,107600,62.34
20080128,78.51,78.51,78.22,78.37,172100,62.43
20080125,77.71,78.65,77.59,78.65,168800,62.65
20080124,78.38,78.53,78.00,78.13,136200,62.24
20080123,79.26,79.35,78.43,78.64,263500,62.64
20080122,78.61,78.77,78.25,78.77,205700,62.75
20080118,78.01,78.41,78.01,78.28,100500,62.36
20080117,77.94,78.32,77.94,78.32,131700,62.39
20080116,77.92,78.21,77.90,78.00,173700,62.13
20080115,78.18,78.18,77.71,78.15,204800,62.25
20080114,77.96,77.96,77.71,77.87,171500,62.03
20080111,78.26,78.26,77.57,77.77,139200,61.95
20080110,77.80,77.80,77.36,77.53,77400,61.76
20080109,77.40,77.82,77.40,77.56,195500,61.78
20080108,77.89,77.89,77.36,77.65,144000,61.85
20080107,77.70,77.70,77.37,77.57,186300,61.79
20080104,77.74,77.74,77.48,77.55,231100,61.77
20080103,78.05,78.05,77.13,77.46,281400,61.70
20080102,78.26,78.26,76.91,77.36,2723300,61.62
20071231,76.92,77.38,76.80,77.38,140500,61.64
20071228,76.65,76.75,76.40,76.72,99000,61.11
20071227,76.36,76.66,76.08,76.34,100700,60.81
20071226,76.24,76.33,76.00,76.04,130800,60.57
20071224,76.34,76.36,76.19,76.27,91000,60.75
20071221,77.04,77.04,76.44,76.49,3511900,60.72
20071220,77.13,77.16,76.90,77.00,54800,61.13
20071219,76.83,77.07,76.50,76.99,105900,61.12
20071218,76.33,76.73,76.33,76.67,72000,60.86
20071217,76.30,76.49,76.27,76.49,144700,60.72
20071214,76.15,76.31,76.09,76.17,265300,60.47
20071213,76.45,76.55,76.26,76.34,62300,60.60
20071212,76.43,76.83,76.37,76.73,133600,60.91
20071211,76.64,76.95,76.37,76.88,97200,61.03
20071210,76.55,76.58,76.23,76.37,84600,60.63
20071207,76.50,76.76,76.33,76.51,135500,60.74
20071206,76.89,77.07,76.74,76.76,75500,60.94
20071205,77.15,77.31,77.09,77.16,74500,61.25
20071204,77.43,77.43,77.11,77.33,89300,61.39
20071203,77.25,77.37,77.16,77.37,78700,61.42
20071130,76.98,77.35,76.98,77.30,107300,61.12
20071129,77.32,77.39,71.36,77.30,119500,61.12
20071128,77.04,77.05,76.82,76.96,73100,60.85
20071127,77.20,77.50,76.81,77.04,60000,60.92
20071126,77.54,77.54,76.69,77.45,171100,61.24
20071123,76.90,76.90,76.68,76.85,15000,60.77
20071121,76.84,77.01,76.73,77.00,49300,60.88
20071120,76.80,76.80,76.48,76.53,89500,60.51
20071119,76.45,76.86,76.45,76.70,144100,60.65
20071116,76.50,76.58,76.44,76.48,99500,60.47
20071115,76.36,76.52,76.27,76.51,94400,60.50
20071114,76.17,76.24,76.08,76.24,66100,60.28
20071113,76.32,76.35,76.19,76.24,66900,60.28
20071112,76.00,76.47,76.00,76.47,47700,60.46
20071109,76.51,76.51,76.15,76.30,36000,60.33
20071108,76.34,76.34,76.11,76.20,552500,60.25
20071107,76.22,76.22,75.94,76.11,88700,60.18
20071106,76.20,76.20,75.95,76.00,55800,60.09
20071105,76.43,76.43,76.05,76.12,63500,60.19
20071102,76.09,76.41,76.09,76.34,105800,60.36
20071101,75.94,76.26,75.94,76.25,141200,60.29
20071031,76.27,76.35,76.00,76.10,116100,59.95
20071030,76.33,76.38,76.28,76.38,86800,60.17
20071029,76.29,76.40,76.25,76.36,54500,60.15
20071026,76.32,76.47,76.22,76.35,154300,60.14
20071025,76.50,76.55,76.40,76.46,88600,60.23
20071024,76.43,76.61,76.38,76.52,207300,60.28
20071023,76.16,76.30,76.14,76.22,84800,60.04
20071022,76.20,76.27,76.13,76.24,90200,60.06
20071019,76.06,76.29,76.04,76.29,117300,60.10
20071018,75.89,75.95,75.85,75.93,92000,59.81
20071017,75.53,75.83,75.45,75.83,90200,59.73
20071016,75.43,75.46,75.37,75.45,107100,59.43
20071015,75.26,75.50,75.24,75.29,394500,59.31
20071012,75.32,75.48,75.29,75.35,61200,59.36
20071011,75.25,75.48,75.21,75.47,125100,59.45
20071010,75.33,75.46,75.29,75.40,69900,59.40
20071009,75.40,75.45,75.27,75.32,67200,59.33
20071008,75.54,75.60,75.38,75.57,43600,59.53
20071005,75.40,75.43,75.25,75.35,80500,59.36
20071004,75.57,75.67,75.50,75.67,70200,59.61
20071003,75.68,75.69,75.45,75.59,99300,59.55
20071002,75.47,75.63,75.39,75.63,214300,59.58
20071001,75.28,75.47,75.28,75.36,246000,59.36
20070928,75.87,75.87,75.56,75.69,129200,59.40
20070927,75.50,75.69,75.49,75.66,36300,59.38
20070926,75.38,75.57,75.34,75.50,173600,59.25
20070925,75.68,75.71,75.46,75.48,77500,59.24
20070924,75.40,75.46,75.35,75.43,121500,59.20
20070921,75.37,75.48,75.22,75.48,233800,59.24
20070920,75.55,75.58,75.14,75.16,112700,58.99
20070919,75.80,75.80,75.59,75.70,93600,59.41
20070918,75.58,75.92,75.45,75.82,74700,59.50
20070917,75.58,75.61,75.45,75.61,39300,59.34
20070914,75.84,75.84,75.44,75.55,45800,59.29
20070913,75.60,75.63,75.47,75.54,77800,59.28
20070912,75.83,75.83,75.70,75.73,73900,59.43
20070911,75.97,76.02,75.85,75.85,36400,59.53
20070910,75.95,76.14,75.90,76.03,94800,59.67
20070907,75.78,75.87,75.57,75.81,45700,59.50
20070906,75.44,75.47,75.27,75.34,46500,59.13
20070905,75.34,75.49,75.23,75.48,56800,59.24
20070904,75.29,75.32,75.05,75.19,85500,59.01
20070831,75.29,90.91,75.29,75.53,23600,59.04
20070830,75.47,75.52,75.41,75.48,44500,59.01
20070829,75.44,75.52,75.28,75.35,92200,58.90
20070828,75.36,75.55,75.34,75.52,55400,59.04
20070827,74.93,75.31,74.93,75.31,82200,58.87
20070824,75.03,75.07,74.89,75.04,54300,58.66
20070823,74.92,75.07,74.89,74.97,46600,58.61
20070822,74.90,75.05,74.86,74.97,38900,58.61
20070821,75.14,75.16,74.97,74.97,24900,58.61
20070820,74.97,75.07,74.70,74.71,66500,58.40
20070817,74.75,74.89,74.69,74.87,37300,58.53
20070816,74.68,74.95,74.52,74.64,43100,58.35
20070815,74.72,74.72,74.31,74.65,33600,58.36
20070814,74.41,74.65,74.37,74.64,38900,58.35
20070813,74.26,74.52,74.25,74.46,354100,58.21
20070810,74.69,74.69,74.31,74.39,33900,58.15
20070809,74.62,74.70,74.33,74.53,44900,58.26
20070808,74.43,74.47,74.23,74.36,40900,58.13
20070807,74.63,74.71,74.40,74.60,41700,58.32
20070806,74.80,74.80,74.49,74.56,34100,58.29
20070803,74.61,74.80,74.58,74.77,118800,58.45
20070802,74.41,74.54,74.23,74.52,40600,58.26
20070801,74.46,74.49,74.26,74.39,32600,58.15
20070731,74.50,74.73,74.34,74.73,24300,58.18
20070730,74.58,74.71,74.52,74.58,33600,58.06
20070727,74.60,74.70,74.51,74.65,45700,58.12
20070726,74.65,74.71,74.49,74.71,51500,58.17
20070725,74.40,74.46,74.37,74.42,24900,57.94
20070724,74.38,74.39,74.25,74.35,31400,57.89
20070723,74.29,74.33,74.17,74.32,36700,57.86
20070720,74.22,74.42,74.22,74.34,46300,57.88
20070719,74.02,74.13,73.98,74.13,23500,57.71
20070718,74.09,74.25,74.02,74.16,51500,57.74
20070717,74.06,74.09,73.89,74.04,37500,57.64
20070716,73.91,74.14,73.91,74.13,66700,57.71
20070713,73.90,73.98,73.73,73.93,86400,57.56
20070712,74.03,74.03,73.71,73.81,28100,57.47
20070711,74.05,74.09,73.82,73.91,37300,57.54
20070710,73.96,74.09,73.89,74.09,110400,57.68
20070709,73.72,73.74,73.65,73.71,34900,57.39
20070706,73.68,73.69,73.59,73.63,55400,57.33
20070705,73.93,73.93,73.75,73.78,43100,57.44
20070703,74.27,74.33,74.06,74.08,21900,57.68
20070702,74.10,74.25,73.98,74.23,74900,57.79
20070629,74.16,74.28,74.13,74.28,389200,57.65
20070628,74.16,74.16,73.94,74.03,74300,57.46
20070627,74.27,74.27,74.10,74.13,212000,57.53
20070626,74.14,74.18,74.03,74.07,163100,57.49
20070625,74.10,74.18,73.97,74.10,85500,57.51
20070622,73.73,74.00,73.69,73.90,55800,57.36
20070621,73.93,73.94,73.73,73.79,38500,57.27
20070620,74.03,74.04,73.75,73.75,70300,57.24
20070619,74.02,74.20,73.94,74.11,73400,57.52
20070618,73.83,73.94,73.73,73.76,60300,57.25
20070615,73.68,73.84,73.65,73.84,108600,57.31
20070614,73.55,73.64,73.47,73.47,109800,57.02
20070613,73.42,73.60,73.34,73.57,93800,57.10
20070612,73.61,73.61,73.36,73.40,405400,56.97
20070611,73.76,73.85,73.71,73.76,77100,57.25
20070608,73.75,73.86,73.64,73.84,62700,57.31
20070607,74.10,74.10,73.74,73.85,75500,57.32
20070606,74.27,74.39,74.26,74.37,185900,57.72
20070605,74.37,74.41,74.25,74.30,37400,57.67
20070604,74.39,74.43,74.33,74.42,28500,57.76
20070601,74.43,74.43,74.32,74.34,84900,57.70
20070531,74.83,74.83,74.67,74.77,52200,57.83
20070530,74.88,74.90,74.79,74.83,35200,57.88
20070529,74.77,74.80,74.69,74.76,27900,57.82
20070525,74.81,74.87,74.80,74.86,21100,57.90
20070524,74.83,74.87,74.69,74.85,38600,57.89
20070523,74.94,74.96,74.78,74.86,47200,57.90
20070522,75.04,75.05,74.89,74.92,49800,57.95
20070521,74.95,75.05,74.88,75.04,49400,58.04
20070518,75.08,75.08,74.93,74.94,62200,57.96
20070517,75.16,75.18,75.09,75.12,42700,58.10
20070516,75.20,75.27,75.17,75.23,56600,58.19
20070515,75.29,75.30,75.18,75.20,31600,58.16
20070514,75.30,75.30,75.18,75.23,71200,58.19
20070511,75.47,75.47,75.26,75.28,38200,58.22
20070510,75.31,75.38,75.31,75.38,42000,58.30
20070509,75.47,75.47,75.29,75.31,50200,58.25
20070508,75.48,75.49,75.33,75.40,34000,58.32
20070507,75.36,75.52,75.34,75.39,135500,58.31
20070504,75.38,75.42,75.30,75.34,19200,58.27
20070503,75.33,75.33,75.06,75.28,33800,58.22
20070502,75.37,75.41,75.29,75.33,28900,58.26
20070501,75.37,75.39,75.21,75.32,54800,58.26
20070430,75.42,75.49,75.39,75.49,35900,58.29
20070427,75.28,75.29,75.21,75.24,44800,58.10
20070426,75.38,75.38,75.25,75.26,68400,58.11
20070425,75.43,75.55,75.39,75.42,264200,58.23
20070424,75.39,75.50,75.14,75.48,77500,58.28
20070423,75.28,75.43,75.22,75.36,43200,58.19
20070420,75.30,75.32,75.21,75.26,32200,58.11
20070419,75.36,75.36,75.25,75.28,59700,58.13
20070418,75.25,75.33,75.25,75.31,30400,58.15
20070417,75.16,75.17,75.10,75.17,25600,58.04
20070416,74.99,74.99,74.94,74.98,52700,57.89
20070413,75.04,75.07,74.85,74.91,18000,57.84
20070412,75.06,75.08,74.96,75.03,78100,57.93
20070411,75.16,75.29,75.03,75.04,87700,57.94
20070410,75.07,75.26,75.00,75.24,35000,58.10
