20140814,80.35,80.38,80.33,80.36,871600,80.36
20140813,80.31,80.34,80.29,80.30,1077500,80.30
20140812,80.27,80.30,80.24,80.26,452300,80.26
20140811,80.28,80.30,80.25,80.30,658300,80.30
20140808,80.33,80.37,80.27,80.28,740800,80.28
20140807,80.25,80.31,80.23,80.31,917800,80.31
20140806,80.23,80.27,80.22,80.24,935700,80.24
20140805,80.20,80.23,80.17,80.18,1327600,80.18
20140804,80.18,80.22,80.17,80.22,1176300,80.22
20140801,80.11,80.18,80.08,80.17,1141600,80.17
20140731,80.02,80.11,80.02,80.07,1036500,79.99
20140730,80.08,80.09,80.01,80.08,870300,80.00
20140729,80.17,80.18,80.13,80.15,521500,80.07
20140728,80.17,80.17,80.12,80.14,556300,80.06
20140725,80.16,80.18,80.13,80.17,531400,80.09
20140724,80.14,80.17,80.12,80.16,651300,80.08
20140723,80.23,80.23,80.20,80.20,1663100,80.12
20140722,80.20,80.21,80.15,80.21,599400,80.13
20140721,80.20,80.21,80.14,80.16,691400,80.08
20140718,80.24,80.24,80.18,80.20,600700,80.12
20140717,80.20,80.26,80.17,80.25,706900,80.17
20140716,80.17,80.18,80.13,80.17,2281900,80.09
20140715,80.18,80.25,80.14,80.16,876100,80.08
20140714,80.22,80.24,80.19,80.20,868500,80.12
20140711,80.24,80.27,80.21,80.25,405200,80.17
20140710,80.24,80.25,80.19,80.22,729100,80.14
20140709,80.11,80.19,80.05,80.18,1008900,80.10
20140708,80.12,80.15,80.10,80.12,873200,80.04
20140707,80.07,80.09,80.05,80.08,1553800,80.00
20140703,80.06,80.11,80.04,80.07,1172400,79.99
20140702,80.16,80.16,80.11,80.15,949200,80.07
20140701,80.21,80.25,80.20,80.23,562400,80.15
20140630,80.33,80.35,80.28,80.34,548200,80.18
20140627,80.28,80.30,80.26,80.30,1026700,80.14
20140626,80.24,80.29,80.24,80.27,514400,80.11
20140625,80.24,80.26,80.21,80.22,737900,80.06
20140624,80.15,80.18,80.13,80.18,643900,80.02
20140623,80.18,80.18,80.12,80.13,922900,79.97
20140620,80.11,80.16,80.11,80.15,1019800,79.99
20140619,80.22,80.24,80.16,80.18,1571000,80.02
20140618,80.09,80.18,80.05,80.15,1540200,79.99
20140617,80.11,80.13,80.07,80.08,641000,79.92
20140616,80.13,80.19,80.13,80.14,1387000,79.98
20140613,80.12,80.18,80.11,80.17,498700,80.01
20140612,80.17,80.24,80.15,80.22,593200,80.06
20140611,80.20,80.20,80.15,80.17,742100,80.01
20140610,80.15,80.17,80.13,80.15,831800,79.99
20140609,80.21,80.21,80.18,80.20,574600,80.04
20140606,80.33,80.33,80.25,80.25,686400,80.09
20140605,80.28,80.31,80.26,80.29,591100,80.13
20140604,80.27,80.27,80.22,80.26,843800,80.10
20140603,80.31,80.31,80.23,80.24,509900,80.08
20140602,80.35,80.36,80.28,80.30,563400,80.14
20140530,80.46,80.47,80.42,80.45,1019100,80.21
20140529,80.49,80.55,80.47,80.48,886400,80.24
20140528,80.46,80.52,80.44,80.50,630000,80.26
20140527,80.40,80.43,80.38,80.43,654200,80.19
20140523,80.42,80.46,80.40,80.40,865700,80.16
20140522,80.42,80.43,80.38,80.41,524900,80.17
20140521,80.42,80.44,80.39,80.43,599200,80.19
20140520,80.42,80.47,80.40,80.45,828600,80.21
20140519,80.42,80.44,80.39,80.40,731300,80.16
20140516,80.36,80.39,80.33,80.37,496700,80.13
20140515,80.36,80.42,80.34,80.40,777300,80.16
20140514,80.32,80.41,80.30,80.36,676800,80.12
20140513,80.25,80.29,80.23,80.29,783200,80.05
20140512,80.21,80.26,80.20,80.22,444600,79.98
20140509,80.25,80.27,80.22,80.24,721400,80.00
20140508,80.23,80.26,80.19,80.26,629400,80.02
20140507,80.16,80.22,80.13,80.20,649100,79.96
20140506,80.14,80.17,80.12,80.15,1624100,79.91
20140505,80.14,80.18,80.13,80.15,581300,79.91
20140502,80.09,80.17,80.06,80.16,820700,79.92
20140501,80.14,80.20,80.13,80.16,563400,79.92
20140430,80.20,80.24,80.17,80.20,672500,79.88
20140429,80.10,80.15,80.10,80.14,496100,79.82
20140428,80.16,80.18,80.11,80.14,528400,79.82
20140425,80.14,80.18,80.13,80.15,442200,79.83
20140424,80.09,80.13,80.07,80.10,721900,79.78
20140423,80.10,80.14,80.08,80.09,1451600,79.77
20140422,80.09,80.10,80.05,80.08,608900,79.76
20140421,80.07,80.11,80.05,80.09,1189500,79.77
20140417,80.15,80.19,80.07,80.09,1254300,79.77
20140416,80.21,80.23,80.17,80.18,1241000,79.86
20140415,80.20,80.25,80.18,80.20,815200,79.88
20140414,80.24,80.26,80.20,80.20,828500,79.88
20140411,80.26,80.30,80.22,80.27,917100,79.95
20140410,80.19,80.31,80.19,80.26,620700,79.94
20140409,80.09,80.21,80.06,80.21,728300,79.89
20140408,80.09,80.12,80.04,80.11,659400,79.79
20140407,80.09,80.12,80.06,80.06,971900,79.74
20140404,80.00,80.07,79.99,80.03,1427000,79.71
20140403,79.91,79.96,79.90,79.95,1850400,79.63
20140402,80.00,80.00,79.90,79.93,819000,79.61
20140401,80.01,80.04,80.00,80.01,789200,79.69
20140331,80.00,80.10,79.99,80.09,914600,79.68
20140328,80.07,80.07,80.00,80.02,523000,79.61
20140327,80.03,80.08,80.01,80.06,1426500,79.65
20140326,80.07,80.09,80.02,80.05,2425800,79.64
20140325,80.01,80.03,79.98,79.99,1337900,79.58
20140324,79.96,80.01,79.94,80.01,1197400,79.60
20140321,80.00,80.08,79.98,80.02,967900,79.61
20140320,80.01,80.07,79.98,80.05,544400,79.64
20140319,80.30,80.31,79.99,80.06,1421000,79.65
20140318,80.27,80.32,80.26,80.32,722900,79.91
20140317,80.26,80.32,80.25,80.27,1342700,79.86
20140314,80.34,80.34,80.28,80.33,818400,79.92
20140313,80.13,80.32,80.13,80.32,849900,79.91
20140312,80.22,80.25,80.21,80.24,668900,79.83
20140311,80.16,80.19,80.15,80.18,655400,79.77
20140310,80.14,80.16,80.12,80.14,656100,79.73
20140307,80.17,80.18,80.15,80.18,724600,79.77
20140306,80.26,80.27,80.23,80.24,703100,79.83
20140305,80.27,80.33,80.26,80.32,958900,79.91
20140304,80.37,80.38,80.31,80.31,1577200,79.90
20140303,80.37,80.42,80.33,80.40,1094700,79.98
20140228,80.40,80.44,80.35,80.40,1072700,79.91
20140227,80.42,80.44,80.38,80.41,566400,79.92
20140226,80.36,80.41,80.34,80.39,571100,79.90
20140225,80.33,80.36,80.32,80.36,703400,79.87
20140224,80.30,80.31,80.27,80.31,1440000,79.82
20140221,80.26,80.31,80.23,80.31,685700,79.82
20140220,80.25,80.27,80.22,80.25,526000,79.77
20140219,80.35,80.38,80.30,80.31,731100,79.82
20140218,80.27,80.35,80.27,80.33,1980300,79.84
20140214,80.25,80.28,80.23,80.24,951800,79.76
20140213,80.25,80.26,80.22,80.23,1285500,79.75
20140212,80.25,80.26,80.16,80.17,1534500,79.69
20140211,80.25,80.29,80.23,80.27,1540100,79.79
20140210,80.34,80.35,80.28,80.35,1002000,79.86
20140207,80.32,80.35,80.26,80.33,1172800,79.84
20140206,80.27,80.30,80.23,80.28,945100,79.80
20140205,80.34,80.35,80.26,80.26,1479700,79.78
20140204,80.34,80.37,80.31,80.33,2131800,79.84
20140203,80.28,80.37,80.20,80.37,1612100,79.88
20140131,80.31,80.38,80.30,80.35,1191600,79.79
20140130,80.25,80.29,80.24,80.27,1251200,79.71
20140129,80.28,80.33,80.24,80.28,1436700,79.72
20140128,80.22,80.23,80.15,80.18,1524800,79.62
20140127,80.19,80.22,80.15,80.15,2373800,79.59
20140124,80.22,80.25,80.18,80.22,712400,79.66
20140123,80.11,80.20,80.08,80.16,812600,79.60
20140122,80.02,80.06,80.00,80.03,1178200,79.47
20140121,80.06,80.11,80.03,80.03,1214800,79.47
20140117,80.09,80.10,80.04,80.05,997900,79.49
20140116,80.05,80.08,80.03,80.05,990900,79.49
20140115,80.01,80.05,79.98,80.04,870000,79.48
20140114,80.11,80.13,80.02,80.07,1216500,79.51
20140113,80.12,80.16,80.09,80.12,812200,79.56
20140110,80.00,80.06,79.98,80.05,873400,79.49
20140109,79.88,79.90,79.85,79.88,772600,79.32
20140108,79.97,79.98,79.87,79.87,1120300,79.31
20140107,80.03,80.03,79.99,80.03,934500,79.47
20140106,79.99,80.01,79.94,79.98,705300,79.42
20140103,79.98,79.98,79.91,79.91,1213100,79.35
20140102,79.96,79.98,79.92,79.94,843600,79.38
20131231,79.93,79.94,79.87,79.93,915100,79.37
20131230,79.92,79.96,79.89,79.94,1212000,79.38
20131227,79.90,79.91,79.85,79.89,1113100,79.33
20131226,79.88,79.92,79.83,79.86,1324800,79.30
20131224,79.95,79.95,79.90,79.93,621000,79.37
20131223,80.26,80.31,80.21,80.21,1050200,79.39
20131220,80.26,80.54,80.23,80.28,942500,79.46
20131219,80.30,80.35,80.28,80.34,844200,79.52
20131218,80.36,80.50,80.32,80.44,1106100,79.62
20131217,80.40,80.43,80.35,80.43,970300,79.61
20131216,80.36,80.39,80.32,80.34,1355900,79.52
20131213,80.36,80.36,80.31,80.33,808600,79.51
20131212,80.36,80.37,80.29,80.29,1021700,79.47
20131211,80.44,80.46,80.38,80.38,863300,79.56
20131210,80.43,80.45,80.41,80.43,680900,79.61
20131209,80.40,80.41,80.38,80.39,660500,79.57
20131206,80.33,80.40,80.29,80.38,744700,79.56
20131205,80.38,80.39,80.34,80.37,652200,79.55
20131204,80.41,80.44,80.36,80.41,725600,79.59
20131203,80.50,80.50,80.45,80.46,1303500,79.64
20131202,80.54,80.54,80.41,80.45,1420100,79.63
20131129,80.57,80.63,80.55,80.63,328600,79.74
20131127,80.63,80.63,80.55,80.59,927400,79.70
20131126,80.60,80.62,80.55,80.60,1271000,79.71
20131125,80.57,80.61,80.54,80.59,1061500,79.70
20131122,80.54,80.59,80.53,80.57,1246200,79.68
20131121,80.54,80.59,80.50,80.55,1233500,79.66
20131120,80.57,80.61,80.52,80.53,766600,79.64
20131119,80.57,80.59,80.54,80.57,1107500,79.68
20131118,80.54,80.58,80.53,80.58,718500,79.69
20131115,80.55,80.58,80.52,80.52,553700,79.63
20131114,80.49,80.58,80.49,80.58,868200,79.69
20131113,80.44,80.47,80.43,80.47,856700,79.58
20131112,80.42,80.43,80.37,80.37,1193900,79.48
20131111,80.43,80.45,80.41,80.44,920500,79.55
20131108,80.46,80.47,80.41,80.43,1129900,79.54
20131107,80.58,80.60,80.54,80.56,820800,79.67
20131106,80.51,80.55,80.50,80.54,854900,79.65
20131105,80.44,80.45,80.39,80.45,1062900,79.56
20131104,80.49,80.49,80.43,80.47,657400,79.58
20131101,80.46,80.48,80.41,80.42,1211600,79.53
20131031,80.58,80.60,80.48,80.54,711500,79.57
20131030,80.59,80.62,80.51,80.57,1046800,79.60
20131029,80.52,80.58,80.51,80.57,707600,79.60
20131028,80.53,80.57,80.50,80.51,1928400,79.54
20131025,80.53,80.56,80.50,80.54,519300,79.57
20131024,80.55,80.57,80.49,80.53,753400,79.56
20131023,80.52,80.58,80.52,80.54,778900,79.57
20131022,80.52,80.57,80.51,80.56,1505200,79.59
20131021,80.48,80.48,80.40,80.45,838000,79.48
20131018,80.46,80.50,80.45,80.46,658700,79.49
20131017,80.40,80.49,80.39,80.48,660700,79.51
20131016,80.25,80.36,80.22,80.33,857500,79.36
20131015,80.32,80.32,80.24,80.25,1151200,79.28
20131014,80.30,80.32,80.25,80.27,666800,79.30
20131011,80.29,80.35,80.27,80.30,709200,79.33
20131010,80.22,80.29,80.21,80.29,623500,79.32
20131009,80.27,80.31,80.25,80.28,1679400,79.31
20131008,80.28,80.28,80.22,80.25,844300,79.28
20131007,80.35,80.35,80.20,80.31,614800,79.34
20131004,80.34,80.34,80.27,80.29,862100,79.32
20131003,80.35,80.41,80.32,80.38,587100,79.41
20131002,80.35,80.39,80.31,80.36,1892300,79.39
20131001,80.32,80.34,80.27,80.28,1095500,79.31
20130930,80.30,80.40,80.30,80.37,991000,79.33
20130927,80.30,80.39,80.30,80.33,697200,79.29
20130926,80.33,80.34,80.28,80.30,657500,79.26
20130925,80.32,80.37,80.30,80.33,789700,79.29
20130924,80.27,80.35,80.26,80.30,868900,79.26
20130923,80.24,80.29,80.22,80.28,1294000,79.24
20130920,80.23,80.28,80.20,80.25,559100,79.21
20130919,80.25,80.29,80.21,80.23,1032400,79.19
20130918,80.03,80.34,79.97,80.29,1268100,79.25
20130917,80.02,80.05,79.99,80.01,1006300,78.98
20130916,80.05,80.09,79.97,80.01,1138800,78.98
20130913,79.83,79.90,79.81,79.89,1326300,78.86
20130912,79.84,79.88,79.82,79.87,980200,78.84
20130911,79.77,79.81,79.71,79.77,893300,78.74
20130910,79.74,79.77,79.69,79.70,1218500,78.67
20130909,79.84,79.86,79.79,79.81,615000,78.78
20130906,79.73,79.79,79.68,79.73,1112400,78.70
20130905,79.64,79.66,79.56,79.61,1141300,78.58
20130904,79.86,79.88,79.71,79.71,664200,78.68
20130903,79.89,79.90,79.80,79.82,1731800,78.79
20130830,80.04,80.09,80.01,80.04,1702800,78.93
20130829,79.97,80.05,79.96,80.05,960600,78.94
20130828,80.02,80.05,79.97,80.01,583600,78.90
20130827,80.01,80.08,79.98,80.02,1128100,78.91
20130826,79.99,80.00,79.96,79.98,769300,78.87
20130823,79.82,79.95,79.78,79.93,786800,78.82
20130822,79.92,79.93,79.83,79.85,692600,78.74
20130821,80.00,80.00,79.87,79.87,773700,78.76
20130820,79.99,80.06,79.99,80.05,754500,78.94
20130819,79.98,79.99,79.93,79.96,879500,78.85
20130816,80.05,80.08,79.96,80.02,759100,78.91
20130815,80.07,80.11,79.99,80.05,874800,78.94
20130814,80.15,80.18,80.12,80.17,765300,79.06
20130813,80.20,80.21,80.13,80.14,877300,79.03
20130812,80.33,80.34,80.26,80.28,840800,79.17
20130809,80.30,80.33,80.27,80.31,933600,79.20
20130808,80.31,80.32,80.27,80.30,712400,79.19
20130807,80.28,80.29,80.25,80.27,842800,79.16
20130806,80.28,80.28,80.23,80.27,807100,79.16
20130805,80.31,80.31,80.24,80.30,965600,79.19
20130802,80.25,80.33,80.20,80.31,1233800,79.20
20130801,80.21,80.21,80.11,80.13,5697300,79.02
20130731,80.20,80.33,80.18,80.33,1004300,79.14
20130730,80.31,80.32,80.26,80.27,1274200,79.08
20130729,80.28,80.34,80.28,80.30,992900,79.11
20130726,80.28,80.36,80.28,80.34,885400,79.15
20130725,80.15,80.30,80.15,80.30,1021900,79.11
20130724,80.26,80.27,80.20,80.22,2474400,79.03
20130723,80.35,80.35,80.29,80.35,1778800,79.16
20130722,80.31,80.37,80.31,80.35,1113800,79.16
20130719,80.33,80.39,80.33,80.36,875200,79.17
20130718,80.34,80.35,80.29,80.31,1259800,79.12
20130717,80.34,80.36,80.28,80.32,1646100,79.13
20130716,80.22,80.26,80.19,80.26,1727800,79.07
20130715,80.17,80.23,80.14,80.23,1950200,79.04
20130712,80.21,80.25,80.11,80.14,4638000,78.96
20130711,80.12,80.21,80.11,80.19,4295300,79.00
20130710,79.94,79.97,79.91,79.92,558900,78.74
20130709,79.99,80.00,79.92,79.94,1497300,78.76
20130708,79.82,79.94,79.82,79.92,736100,78.74
20130705,79.85,79.85,79.75,79.76,711400,78.58
20130703,80.06,80.07,80.00,80.01,573100,78.83
20130702,80.06,80.06,79.99,80.02,944000,78.84
20130701,80.02,80.08,79.97,80.05,1679000,78.87
20130628,80.00,80.08,79.98,80.07,1142500,78.81
20130627,80.02,80.10,80.01,80.10,1426800,78.84
20130626,80.04,80.05,79.94,79.98,784500,78.72
20130625,79.89,79.97,79.85,79.88,1261600,78.62
20130624,79.75,79.95,79.71,79.82,1768400,78.57
20130621,80.08,80.15,79.98,80.02,2327500,78.76
20130620,80.15,80.24,80.03,80.11,1131100,78.85
20130619,80.54,80.56,80.28,80.30,735800,79.04
20130618,80.46,80.57,80.46,80.54,753500,79.27
20130617,80.61,80.62,80.56,80.58,653800,79.31
20130614,80.56,80.62,80.56,80.57,733600,79.30
20130613,80.39,80.51,80.38,80.50,748500,79.23
20130612,80.38,80.44,80.38,80.39,569600,79.13
20130611,80.33,80.40,80.29,80.40,1182600,79.14
20130610,80.41,80.43,80.36,80.41,920900,79.15
20130607,80.54,80.54,80.45,80.46,957300,79.20
20130606,80.55,80.60,80.52,80.55,759500,79.28
20130605,80.53,80.61,80.53,80.59,878600,79.32
20130604,80.52,80.58,80.52,80.56,905700,79.29
20130603,80.48,80.59,80.47,80.54,1266900,79.27
20130531,80.71,80.71,80.52,80.58,1353400,79.23
20130530,80.68,80.69,80.60,80.62,950900,79.27
20130529,80.65,80.68,80.61,80.63,1498400,79.28
20130528,80.79,80.80,80.63,80.63,783400,79.28
20130524,80.80,80.84,80.78,80.80,619500,79.45
20130523,80.83,80.86,80.76,80.80,845600,79.45
20130522,80.90,80.96,80.82,80.84,754200,79.49
20130521,80.89,80.92,80.86,80.91,946100,79.56
20130520,80.92,80.93,80.86,80.87,3479300,79.52
20130517,80.94,80.94,80.87,80.92,592300,79.57
20130516,80.91,80.97,80.89,80.95,754300,79.60
20130515,80.88,80.90,80.85,80.88,703100,79.53
20130514,80.93,80.94,80.85,80.87,754000,79.52
20130513,80.88,80.89,80.87,80.88,699600,79.53
20130510,80.95,80.96,80.87,80.87,546300,79.52
20130509,81.00,81.01,80.97,80.99,676200,79.64
20130508,80.99,81.00,80.95,80.96,626700,79.61
20130507,80.99,81.00,80.96,80.96,733300,79.61
20130506,80.99,81.02,80.97,81.00,1307900,79.65
20130503,81.04,81.04,80.95,80.97,884500,79.62
20130502,81.09,81.10,81.06,81.09,713100,79.74
20130501,81.07,81.09,81.06,81.07,485600,79.72
20130430,81.12,81.14,81.09,81.09,1228300,79.66
20130429,81.12,81.13,81.09,81.10,648700,79.67
20130426,81.07,81.11,81.06,81.11,469900,79.68
20130425,81.03,81.08,81.02,81.06,786000,79.63
20130424,81.05,81.06,81.03,81.05,509800,79.62
20130423,81.07,81.08,81.03,81.05,1434000,79.62
20130422,81.01,81.05,81.01,81.04,1355800,79.61
20130419,81.01,81.03,80.98,80.99,629300,79.56
20130418,81.05,81.05,81.00,81.02,950800,79.59
20130417,81.02,81.05,81.01,81.03,678500,79.60
20130416,81.03,81.04,81.00,81.04,801900,79.61
20130415,81.02,81.05,81.00,81.03,1046800,79.60
20130412,81.01,81.03,80.97,81.03,667800,79.60
20130411,80.95,80.99,80.94,80.99,905700,79.56
20130410,81.01,81.01,80.96,80.97,1289000,79.54
20130409,81.02,81.02,80.99,81.01,614400,79.58
20130408,81.02,81.02,80.98,81.00,3909400,79.57
20130405,80.98,81.03,80.97,81.01,1451000,79.58
20130404,80.93,81.01,80.93,81.00,1784500,79.57
20130403,80.91,80.95,80.87,80.91,1158300,79.48
20130402,80.89,80.90,80.86,80.89,632100,79.46
20130401,80.89,80.90,80.81,80.87,715500,79.44
20130328,80.99,81.01,80.96,80.99,1094900,79.42
20130327,80.98,81.00,80.96,80.99,882300,79.42
20130326,80.97,80.98,80.92,80.96,655300,79.39
20130325,80.95,80.99,80.92,80.99,892700,79.42
20130322,81.00,81.01,80.93,80.95,1143200,79.38
20130321,80.96,80.99,80.96,80.98,482800,79.41
20130320,81.00,81.00,80.97,80.99,576900,79.42
20130319,80.97,81.04,80.97,81.00,826300,79.43
20130318,80.95,81.00,80.95,80.98,646800,79.41
20130315,80.91,80.95,80.89,80.94,847600,79.37
20130314,80.88,80.92,80.87,80.90,953900,79.33
20130313,80.90,80.91,80.87,80.90,824600,79.33
20130312,80.89,80.93,80.86,80.91,785700,79.34
20130311,80.89,80.89,80.87,80.87,1218400,79.30
20130308,80.85,80.89,80.83,80.89,16088600,79.32
20130307,80.93,80.93,80.90,80.90,578500,79.33
20130306,80.94,80.97,80.94,80.95,614600,79.38
20130305,81.00,81.00,80.95,81.00,677600,79.43
20130304,81.01,81.01,80.99,80.99,455600,79.42
20130301,80.97,81.01,80.97,81.01,581900,79.44
20130228,81.05,81.07,81.04,81.06,542300,79.41
20130227,81.04,81.07,81.00,81.01,697800,79.36
20130226,80.99,81.05,80.98,81.00,644100,79.35
20130225,80.93,81.00,80.91,80.98,694900,79.33
20130222,80.91,80.95,80.91,80.95,568800,79.30
20130221,80.89,80.95,80.88,80.92,600900,79.27
20130220,80.85,80.88,80.84,80.88,599700,79.23
20130219,80.90,80.90,80.83,80.83,1219600,79.19
20130215,80.88,80.88,80.83,80.87,521300,79.22
20130214,80.88,80.88,80.83,80.85,1626000,79.21
20130213,80.87,80.88,80.85,80.87,685300,79.22
20130212,80.90,80.91,80.89,80.91,586300,79.26
20130211,80.88,80.93,80.88,80.91,4680000,79.26
20130208,80.91,80.93,80.89,80.91,3127100,79.26
20130207,80.92,80.96,80.88,80.93,593600,79.28
20130206,80.91,80.92,80.88,80.88,613600,79.23
20130205,80.89,80.91,80.85,80.91,1843100,79.26
20130204,80.88,80.91,80.84,80.91,536500,79.26
20130201,80.88,80.95,80.85,80.85,990300,79.21
20130131,80.89,80.97,80.87,80.97,1165600,79.23
20130130,80.89,80.90,80.84,80.90,679000,79.16
20130129,80.86,80.91,80.85,80.89,660300,79.15
20130128,80.88,80.90,80.84,80.86,1279700,79.12
20130125,80.98,80.98,80.90,80.90,657500,79.16
20130124,81.04,81.05,80.97,81.02,745400,79.28
20130123,81.05,81.05,81.00,81.03,749300,79.29
20130122,80.99,81.03,80.97,81.01,679000,79.27
20130118,80.96,81.01,80.95,80.96,644900,79.22
20130117,81.01,81.03,80.94,80.96,1131600,79.22
20130116,81.05,81.05,81.02,81.03,621400,79.29
20130115,81.02,81.04,81.00,81.03,616600,79.29
20130114,81.01,81.03,81.00,81.01,576600,79.27
20130111,80.97,81.02,80.96,81.02,707700,79.28
20130110,80.98,81.00,80.97,80.98,717700,79.24
20130109,80.99,81.02,80.97,81.00,507300,79.26
20130108,80.96,81.00,80.92,80.98,662400,79.24
20130107,80.96,80.97,80.89,80.94,1309900,79.20
20130104,80.93,80.96,80.90,80.96,711100,79.22
20130103,81.01,81.02,80.94,80.95,809500,79.21
20130102,80.97,81.01,80.95,80.98,810200,79.24
20121231,81.02,81.03,80.98,80.99,895000,79.25
20121228,81.00,81.02,80.96,81.01,471400,79.27
20121227,80.92,81.01,80.89,80.98,470700,79.24
20121226,80.88,80.93,80.86,80.91,556600,79.17
20121224,80.89,80.89,80.82,80.88,356100,79.14
20121221,81.22,81.24,81.17,81.19,533000,79.45
20121220,81.17,81.22,81.16,81.16,536900,79.42
20121219,81.13,81.18,81.12,81.17,696400,79.43
20121218,81.20,81.24,81.10,81.14,693700,79.40
20121217,81.29,81.29,81.22,81.22,714100,79.48
20121214,81.24,81.30,81.22,81.29,602900,79.54
20121213,81.27,81.29,81.22,81.26,435800,79.51
20121212,81.33,81.35,81.30,81.30,573200,79.55
20121211,81.30,81.33,81.28,81.33,551200,79.58
20121210,81.35,81.36,81.30,81.30,511800,79.55
20121207,81.35,81.36,81.30,81.30,542600,79.55
20121206,81.32,81.39,81.32,81.36,783900,79.61
20121205,81.35,81.37,81.31,81.31,963100,79.56
20121204,81.35,81.36,81.33,81.35,395600,79.60
20121203,81.34,81.34,81.27,81.33,542300,79.58
20121130,81.39,81.43,81.39,81.43,574900,79.59
20121129,81.37,81.41,81.34,81.38,493100,79.54
20121128,81.33,81.38,81.33,81.37,431400,79.53
20121127,81.34,81.36,81.28,81.36,782500,79.52
20121126,81.32,81.35,81.29,81.31,1169700,79.47
20121123,81.34,81.35,81.32,81.32,323700,79.48
20121121,81.32,81.33,81.31,81.32,505700,79.48
20121120,81.35,81.38,81.34,81.35,475500,79.51
20121119,81.35,81.38,81.32,81.37,510000,79.53
20121116,81.36,81.40,81.32,81.37,555800,79.53
20121115,81.30,81.38,81.27,81.38,913800,79.54
20121114,81.32,81.38,81.26,81.36,948800,79.52
20121113,81.35,81.35,81.29,81.31,365500,79.47
20121112,81.25,81.35,81.23,81.33,409800,79.49
20121109,81.23,81.32,81.22,81.30,464700,79.46
20121108,81.29,81.34,81.26,81.34,405800,79.50
20121107,81.29,81.35,81.25,81.29,535200,79.45
20121106,81.25,81.27,81.17,81.17,395900,79.34
20121105,81.32,81.34,81.20,81.20,2269000,79.36
20121102,81.28,81.31,81.26,81.29,401700,79.45
20121101,81.26,81.31,81.22,81.30,543100,79.46
20121031,81.29,81.41,81.29,81.36,669300,79.52
20121026,81.26,81.30,81.25,81.28,250800,79.44
20121025,81.24,81.24,81.20,81.22,536000,79.38
20121024,81.30,81.33,81.28,81.33,426900,79.49
20121023,81.23,81.31,81.23,81.29,464100,79.45
20121022,81.25,81.26,81.22,81.23,331000,79.39
20121019,81.23,81.30,81.22,81.25,306400,79.41
20121018,81.29,81.30,81.24,81.28,464000,79.44
20121017,81.37,81.37,81.25,81.28,438200,79.44
20121016,81.40,81.40,81.37,81.38,357900,79.54
20121015,81.40,81.42,81.37,81.42,569300,79.58
20121012,81.38,81.41,81.36,81.40,335400,79.56
20121011,81.35,81.39,81.35,81.37,438500,79.53
20121010,81.31,81.40,81.31,81.39,332100,79.55
20121009,81.33,81.42,81.33,81.38,636000,79.54
20121008,81.39,81.42,81.38,81.39,256500,79.55
20121005,81.39,81.39,81.32,81.38,430600,79.54
20121004,81.40,81.44,81.36,81.36,457900,79.52
20121003,81.35,81.44,81.35,81.36,763900,79.52
20121002,81.37,81.43,81.35,81.43,455500,79.59
20121001,81.39,81.41,81.32,81.37,973900,79.53
20120928,81.47,81.48,81.44,81.45,464100,79.52
20120927,81.44,81.47,81.37,81.46,566700,79.53
20120926,81.39,81.44,81.35,81.42,528900,79.49
20120925,81.37,81.39,81.33,81.39,523400,79.46
20120924,81.40,81.42,81.38,81.39,459900,79.46
20120921,81.35,81.41,81.32,81.40,1925300,79.47
20120920,81.33,81.39,81.31,81.36,497500,79.43
20120919,81.36,81.37,81.33,81.36,407800,79.43
20120918,81.36,81.37,81.32,81.34,547000,79.41
20120917,81.27,81.35,81.24,81.29,966500,79.36
20120914,81.35,81.35,81.24,81.28,611300,79.35
20120913,81.30,81.40,81.26,81.35,416400,79.42
20120912,81.25,81.33,81.25,81.30,514300,79.37
20120911,81.33,81.34,81.30,81.33,429100,79.40
20120910,81.33,81.36,81.27,81.31,599700,79.38
20120907,81.32,81.38,81.28,81.31,524300,79.38
20120906,81.28,81.29,81.18,81.26,1176600,79.33
20120905,81.26,81.35,81.26,81.30,555800,79.37
20120904,81.38,81.44,81.27,81.28,1024500,79.35
20120831,81.38,81.51,81.36,81.51,771000,79.48
20120830,81.34,81.39,81.32,81.38,420800,79.35
20120829,81.31,81.32,81.25,81.32,605600,79.29
20120828,81.30,81.31,81.24,81.31,477500,79.28
20120827,81.30,81.33,81.25,81.30,532400,79.27
20120824,81.32,81.32,81.25,81.28,356800,79.25
20120823,81.26,81.32,81.22,81.32,674100,79.29
20120822,81.20,81.28,81.18,81.27,462500,79.24
20120821,81.10,81.16,81.08,81.16,425400,79.13
20120820,81.15,81.15,81.08,81.09,847600,79.07
20120817,81.13,81.16,81.11,81.15,349800,79.12
20120816,81.13,81.15,81.10,81.12,345400,79.10
20120815,81.12,81.14,81.10,81.13,338600,79.10
20120814,81.14,81.20,81.13,81.13,403600,79.10
20120813,81.18,81.24,81.18,81.21,665600,79.18
20120810,81.24,81.24,81.16,81.22,701700,79.19
20120809,81.16,81.19,81.12,81.13,473300,79.10
20120808,81.22,81.22,81.15,81.19,453700,79.16
20120807,81.24,81.25,81.19,81.21,523900,79.18
20120806,81.23,81.28,81.22,81.25,530800,79.22
20120803,81.26,81.30,81.19,81.24,585600,79.21
20120802,81.29,81.36,81.23,81.24,470000,79.21
20120801,81.37,81.40,81.24,81.24,1165800,79.21
20120731,81.43,81.45,81.38,81.43,710900,79.30
20120730,81.34,81.40,81.29,81.39,598800,79.26
20120727,81.31,81.35,81.25,81.28,382000,79.15
20120726,81.39,81.40,81.35,81.36,373600,79.23
20120725,81.41,81.41,81.37,81.41,518700,79.28
20120724,81.35,81.41,81.33,81.36,428000,79.23
20120723,81.35,81.41,81.34,81.37,331200,79.24
20120720,81.32,81.41,81.32,81.41,381300,79.28
20120719,81.32,81.37,81.32,81.33,401700,79.20
20120718,81.31,81.34,81.28,81.30,375700,79.17
20120717,81.28,81.32,81.26,81.26,357400,79.13
20120716,81.28,81.32,81.27,81.28,340200,79.15
20120713,81.19,81.24,81.18,81.24,319200,79.11
20120712,81.19,81.24,81.17,81.22,386600,79.09
20120711,81.22,81.27,81.17,81.20,794400,79.07
20120710,81.11,81.20,81.11,81.20,352500,79.07
20120709,81.15,81.18,81.13,81.16,391000,79.03
20120706,81.13,81.13,81.08,81.12,277600,78.99
20120705,81.09,81.10,81.04,81.04,520700,78.92
20120703,81.03,81.07,81.02,81.05,340700,78.93
20120702,81.09,81.09,81.00,81.01,1374600,78.89
20120629,81.08,81.16,81.05,81.13,604700,78.91
20120628,81.10,81.17,81.09,81.13,393600,78.91
20120627,81.06,81.11,81.06,81.07,341800,78.85
20120626,81.04,81.11,81.04,81.08,355400,78.86
20120625,81.03,81.12,81.03,81.11,952200,78.89
20120622,81.04,81.08,80.97,80.99,417600,78.77
20120621,81.05,81.10,81.01,81.03,368300,78.81
20120620,81.04,81.10,81.01,81.02,363300,78.80
20120619,81.11,81.12,81.06,81.07,585800,78.85
20120618,81.10,81.13,81.08,81.13,340300,78.91
20120615,81.08,81.15,81.06,81.14,762400,78.92
20120614,81.04,81.07,80.95,81.01,517500,78.79
20120613,81.00,81.06,81.00,81.02,535800,78.80
20120612,81.04,81.06,80.96,80.96,619500,78.74
20120611,81.05,81.10,81.04,81.10,407000,78.88
20120608,81.10,81.11,81.03,81.07,605600,78.85
20120607,81.04,81.08,81.01,81.04,421300,78.82
20120606,81.08,81.09,80.98,81.04,689900,78.82
20120605,81.03,81.08,80.98,81.06,1043800,78.84
20120604,81.06,81.11,81.01,81.04,5352200,78.82
20120601,81.11,81.14,81.05,81.12,1068900,78.90
20120531,81.14,81.20,81.14,81.19,757500,78.86
20120530,81.12,81.16,81.09,81.15,650400,78.82
20120529,81.09,81.14,81.02,81.09,934600,78.76
20120525,81.06,81.12,81.03,81.08,328600,78.75
20120524,81.02,81.04,80.99,81.03,412300,78.70
20120523,81.07,81.07,81.02,81.07,362000,78.74
20120522,81.01,81.04,80.98,81.04,492800,78.71
20120521,81.07,81.07,80.98,81.03,850800,78.70
20120518,81.09,81.09,81.02,81.09,362400,78.76
20120517,81.13,81.13,81.05,81.06,998100,78.73
20120516,81.09,81.13,81.04,81.10,757300,78.77
20120515,81.17,81.17,81.09,81.13,569500,78.80
20120514,81.17,81.18,81.13,81.15,444200,78.82
20120511,81.17,81.17,81.10,81.15,331800,78.82
20120510,81.09,81.17,81.09,81.12,538800,78.79
20120509,81.20,81.20,81.15,81.18,766400,78.85
20120508,81.14,81.18,81.12,81.17,538100,78.84
20120507,81.13,81.16,81.11,81.15,628000,78.82
20120504,81.12,81.14,81.10,81.13,470600,78.80
20120503,81.08,81.12,81.05,81.06,1055100,78.73
20120502,81.10,81.10,81.06,81.09,394400,78.76
20120501,81.14,81.14,81.04,81.06,763100,78.73
20120430,81.18,81.19,81.14,81.19,337600,78.75
20120427,81.15,81.17,81.12,81.17,541400,78.73
20120426,81.14,81.15,81.11,81.14,281800,78.70
20120425,81.09,81.11,81.03,81.07,751000,78.64
20120424,81.09,81.14,81.07,81.07,502800,78.64
20120423,81.10,81.16,81.10,81.12,360700,78.69
20120420,81.09,81.12,81.06,81.12,804200,78.69
20120419,81.10,81.12,81.06,81.07,715500,78.64
20120418,81.09,81.10,81.06,81.08,288800,78.65
20120417,81.04,81.07,81.03,81.06,473300,78.63
20120416,81.08,81.12,81.07,81.08,242500,78.65
20120413,81.01,81.11,81.01,81.08,441600,78.65
20120412,81.01,81.05,80.98,80.99,470100,78.56
20120411,81.03,81.05,81.00,81.05,418800,78.62
20120410,81.03,81.07,81.00,81.06,621000,78.63
20120409,80.94,81.00,80.94,80.98,371900,78.55
20120405,80.81,80.87,80.78,80.86,339400,78.43
20120404,80.78,80.83,80.76,80.76,522200,78.34
20120403,80.92,80.92,80.70,80.72,711000,78.30
20120402,80.96,80.98,80.82,80.89,378300,78.46
20120330,81.00,81.05,80.93,80.94,460600,78.37
20120329,81.00,81.03,80.97,81.00,358000,78.43
20120328,80.99,81.01,80.93,80.96,1065200,78.39
20120327,80.95,81.00,80.93,81.00,824000,78.43
20120326,80.91,80.95,80.88,80.94,539800,78.37
20120323,80.85,80.90,80.82,80.90,371900,78.33
20120322,80.85,80.85,80.77,80.78,765600,78.22
20120321,80.81,80.83,80.76,80.80,397200,78.24
20120320,80.80,80.81,80.67,80.77,564300,78.21
20120319,80.86,80.87,80.72,80.80,593700,78.24
20120316,80.76,80.87,80.76,80.87,653800,78.30
20120315,80.80,80.86,80.79,80.82,399900,78.25
20120314,80.97,80.97,80.77,80.81,494800,78.24
20120313,81.00,81.04,80.97,80.97,684800,78.40
20120312,81.08,81.10,81.05,81.07,342600,78.50
20120309,81.11,81.11,81.05,81.06,436300,78.49
20120308,81.15,81.16,81.08,81.09,373100,78.52
20120307,81.16,81.17,81.12,81.16,651400,78.58
20120306,81.17,81.18,81.12,81.14,501800,78.56
20120305,81.16,81.16,81.09,81.15,787100,78.57
20120302,81.06,81.18,81.06,81.14,464300,78.56
20120301,81.04,81.08,80.98,81.08,1470600,78.51
20120229,81.22,81.22,81.14,81.20,497700,78.52
20120228,81.18,81.21,81.15,81.20,623600,78.52
20120227,81.21,81.22,81.11,81.11,1262700,78.43
20120224,81.14,81.16,81.08,81.10,500400,78.42
20120223,81.17,81.17,81.09,81.10,643600,78.42
20120222,81.16,81.18,81.12,81.17,522900,78.49
20120221,81.12,81.15,81.10,81.14,494300,78.46
20120217,81.13,81.18,81.10,81.10,345400,78.42
20120216,81.17,81.21,81.10,81.16,767200,78.48
20120215,81.17,81.24,81.14,81.23,533000,78.55
20120214,81.17,81.19,81.10,81.15,545100,78.47
20120213,81.18,81.20,81.07,81.08,665300,78.40
20120210,81.10,81.18,81.07,81.16,482500,78.48
20120209,81.18,81.21,81.06,81.09,857800,78.41
20120208,81.25,81.27,81.18,81.19,555100,78.51
20120207,81.30,81.32,81.26,81.31,931100,78.63
20120206,81.19,81.33,81.19,81.32,1234800,78.63
20120203,81.25,81.30,81.16,81.18,834600,78.50
20120202,81.28,81.30,81.22,81.28,471800,78.60
20120201,81.27,81.32,81.17,81.27,1191600,78.59
20120131,81.33,81.37,81.29,81.30,400200,78.50
20120130,81.30,81.36,81.25,81.34,533600,78.54
20120127,81.33,81.34,81.22,81.22,424900,78.43
20120126,81.28,81.36,81.23,81.34,420500,78.54
20120125,81.09,81.24,81.06,81.23,390600,78.44
20120124,81.04,81.10,81.00,81.10,425200,78.31
20120123,81.11,81.11,81.01,81.10,490300,78.31
20120120,81.06,81.11,81.02,81.10,1388100,78.31
20120119,81.07,81.09,81.00,81.03,306900,78.24
20120118,81.12,81.12,81.00,81.04,691400,78.25
20120117,81.05,81.12,80.95,81.11,742300,78.32
20120113,81.03,81.04,80.94,80.94,766900,78.16
20120112,80.99,81.05,80.93,80.95,422200,78.17
20120111,81.03,81.07,80.93,80.98,892500,78.20
20120110,80.97,81.01,80.91,80.99,493900,78.21
20120109,80.88,80.98,80.88,80.97,428200,78.19
20120106,80.89,80.94,80.86,80.93,557200,78.15
20120105,80.88,80.94,80.80,80.83,832900,78.05
20120104,80.90,80.90,80.78,80.85,439400,78.07
20120103,80.93,80.93,80.75,80.84,786300,78.06
20111230,80.86,80.95,80.82,80.84,561400,78.06
20111229,80.80,80.84,80.73,80.77,652700,77.99
20111228,80.72,80.79,80.59,80.78,1757500,78.00
20111227,80.87,80.87,80.75,80.79,446500,78.01
20111223,80.80,80.98,80.76,80.94,507900,78.16
20111222,81.31,81.32,81.24,81.29,524400,78.02
20111221,81.34,81.34,81.29,81.30,783800,78.03
20111220,81.33,81.33,81.29,81.32,605500,78.05
20111219,81.38,81.40,81.34,81.38,1054900,78.11
20111216,81.35,81.40,81.31,81.40,550200,78.13
20111215,81.29,81.32,81.26,81.29,607300,78.02
20111214,81.30,81.32,81.21,81.29,1103600,78.02
20111213,81.31,81.35,81.20,81.33,527900,78.06
20111212,81.30,81.33,81.27,81.31,289800,78.04
20111209,81.36,81.37,81.26,81.30,515100,78.03
20111208,81.31,81.35,81.24,81.32,381400,78.05
20111207,81.26,81.31,81.20,81.26,510800,77.99
20111206,81.20,81.20,81.12,81.18,425100,77.92
20111205,81.22,81.24,81.12,81.23,559700,77.96
20111202,81.08,81.22,81.07,81.20,567700,77.93
20111201,81.20,81.20,81.08,81.17,992300,77.91
20111130,81.27,81.29,81.18,81.25,705900,77.87
20111129,81.24,81.28,81.15,81.21,431500,77.83
20111128,81.20,81.26,81.13,81.23,354200,77.85
20111125,81.24,81.27,81.17,81.24,61700,77.86
20111123,81.25,81.31,81.21,81.30,686500,77.92
20111122,81.32,81.32,81.18,81.21,870900,77.83
20111121,81.31,81.34,81.23,81.29,1600600,77.91
20111118,81.33,81.36,81.26,81.30,330300,77.92
20111117,81.33,81.36,81.25,81.34,909600,77.96
20111116,81.41,81.42,81.34,81.40,736400,78.02
20111115,81.44,81.46,81.32,81.36,547600,77.98
20111114,81.49,81.49,81.38,81.44,297300,78.05
20111111,81.33,81.48,81.31,81.43,377600,78.05
20111110,81.35,81.48,81.35,81.46,680900,78.07
20111109,81.51,81.53,81.33,81.37,837400,77.99
20111108,81.45,81.50,81.37,81.47,729900,78.08
20111107,81.50,81.53,81.41,81.41,619100,78.03
20111104,81.47,81.54,81.41,81.53,630100,78.14
20111103,81.50,81.52,81.47,81.50,463700,78.11
20111102,81.46,81.54,81.37,81.44,607000,78.05
20111101,81.37,81.47,81.28,81.46,1047700,78.07
20111031,81.36,81.50,81.33,81.48,648300,77.97
20111028,81.23,81.30,81.16,81.30,525100,77.80
20111027,81.17,81.35,81.15,81.25,494700,77.75
20111026,81.30,81.37,81.24,81.29,964400,77.79
20111025,81.18,81.35,81.16,81.30,462700,77.80
20111024,81.07,81.20,81.07,81.18,599900,77.68
20111021,81.21,81.25,81.11,81.13,889100,77.64
20111020,81.17,81.24,81.12,81.21,363200,77.71
20111019,81.20,81.20,81.07,81.13,3941400,77.64
20111018,81.25,81.26,81.08,81.16,857300,77.66
20111017,81.15,81.21,81.06,81.17,482100,77.67
20111014,81.10,81.15,81.06,81.14,362400,77.65
20111013,81.06,81.16,80.96,81.09,795300,77.60
20111012,81.05,81.06,80.83,80.93,3617200,77.44
20111011,80.95,81.07,80.93,81.05,519200,77.56
20111010,81.13,81.13,80.86,80.88,360100,77.40
20111007,81.09,81.14,80.96,81.12,1909700,77.63
20111006,81.14,81.15,81.00,81.01,1008800,77.52
20111005,81.20,81.20,81.10,81.17,981800,77.67
20111004,81.40,81.42,81.16,81.23,718800,77.73
20111003,81.33,81.40,81.23,81.39,1472400,77.88
20110930,81.41,81.42,81.32,81.42,543800,77.81
20110929,81.36,81.38,81.33,81.36,715800,77.75
20110928,81.41,81.48,81.35,81.47,548200,77.85
20110927,81.42,81.53,81.41,81.50,676600,77.88
20110926,81.45,81.56,81.45,81.51,616400,77.89
20110923,81.61,81.61,81.47,81.53,519700,77.91
20110922,81.63,81.68,81.58,81.67,10049900,78.04
20110921,81.63,81.76,81.58,81.65,1178300,78.02
20110920,81.70,81.70,81.60,81.62,567600,78.00
20110919,81.66,81.69,81.63,81.65,271900,78.02
20110916,81.47,81.63,81.47,81.62,370000,78.00
20110915,81.54,81.58,81.49,81.58,430500,77.96
20110914,81.55,81.67,81.55,81.62,661900,78.00
20110913,81.60,81.65,81.53,81.56,483000,77.94
20110912,81.66,81.73,81.62,81.62,685700,78.00
20110909,81.71,81.77,81.63,81.67,344000,78.04
20110908,81.72,81.75,81.56,81.71,759100,78.08
20110907,81.57,81.69,81.50,81.67,580600,78.04
20110906,81.60,81.71,81.60,81.70,527900,78.07
20110902,81.71,81.74,81.57,81.68,485300,78.05
20110901,81.73,81.79,81.57,81.77,801500,78.14
20110831,81.88,81.88,81.70,81.78,485200,78.03
20110830,81.69,81.88,81.66,81.78,399300,78.03
20110829,81.58,81.72,81.55,81.67,553400,77.92
20110826,81.79,81.79,81.68,81.68,323500,77.93
20110825,81.54,81.74,81.52,81.70,737700,77.95
20110824,81.61,81.63,81.50,81.56,600200,77.82
20110823,81.60,81.66,81.53,81.61,180100,77.86
20110822,81.68,81.73,81.62,81.69,506900,77.94
20110819,81.62,81.77,81.60,81.76,542100,78.01
20110818,81.81,81.84,81.65,81.73,495700,77.98
20110817,81.74,81.81,81.66,81.80,477800,78.05
20110816,81.56,81.73,81.56,81.67,548300,77.92
20110815,81.62,81.72,81.54,81.57,688100,77.83
20110812,81.73,81.78,81.57,81.60,616900,77.86
20110811,81.67,81.70,81.42,81.65,970500,77.90
20110810,81.86,81.93,81.79,81.87,838600,78.11
20110809,81.45,81.94,81.40,81.77,1020900,78.02
20110808,81.48,81.57,81.33,81.54,886200,77.80
20110805,81.52,81.62,81.40,81.42,789400,77.68
20110804,81.48,81.66,81.48,81.65,1042200,77.90
20110803,81.42,81.53,81.42,81.50,929100,77.76
20110802,81.40,81.53,81.37,81.53,351200,77.79
20110801,81.25,81.42,81.23,81.35,497400,77.62
20110729,81.32,81.41,81.27,81.40,539100,77.54
20110728,81.18,81.25,81.18,81.21,374400,77.36
20110727,81.18,81.23,81.08,81.13,554100,77.28
20110726,81.15,81.23,81.13,81.21,411600,77.36
20110725,81.16,81.27,81.13,81.14,710300,77.29
20110722,81.19,81.25,81.17,81.18,463400,77.33
20110721,81.24,81.26,81.12,81.15,538700,77.30
20110720,81.26,81.31,81.21,81.28,486800,77.42
20110719,81.28,81.33,81.20,81.31,559900,77.45
20110718,81.26,81.32,81.24,81.27,434800,77.41
20110715,81.20,81.31,81.20,81.26,534700,77.40
20110714,81.22,81.30,81.22,81.26,427700,77.40
20110713,81.26,81.35,81.23,81.32,301700,77.46
20110712,81.30,81.32,81.23,81.23,755100,77.38
20110711,81.16,81.31,81.16,81.27,292300,77.41
20110708,81.14,81.19,81.08,81.12,407400,77.27
20110707,80.93,80.96,80.89,80.95,776800,77.11
20110706,81.02,81.08,81.01,81.07,443200,77.22
20110705,80.93,81.00,80.90,80.97,534600,77.13
20110701,80.94,80.94,80.75,80.82,426900,76.99
20110630,81.13,81.14,80.92,81.03,415400,77.06
20110629,81.09,81.13,81.00,81.08,512000,77.11
20110628,81.25,81.27,81.08,81.13,301100,77.16
20110627,81.41,81.43,81.29,81.31,447700,77.33
20110624,81.33,81.43,81.29,81.40,309100,77.42
20110623,81.30,81.37,81.27,81.32,375200,77.34
20110622,81.25,81.31,81.22,81.25,325000,77.27
20110621,81.29,81.29,81.17,81.23,370500,77.25
20110620,81.28,81.30,81.19,81.26,333800,77.28
20110617,81.24,81.30,81.20,81.26,498200,77.28
20110616,81.25,81.28,81.18,81.23,326800,77.25
20110615,81.09,81.23,81.09,81.23,393000,77.25
20110614,81.08,81.09,81.00,81.02,464100,77.05
20110613,81.15,81.21,81.12,81.19,324300,77.22
20110610,81.15,81.25,81.15,81.21,439300,77.24
20110609,81.19,81.25,81.10,81.16,250700,77.19
20110608,81.25,81.27,81.18,81.27,473200,77.29
20110607,81.13,81.18,81.10,81.18,353200,77.21
20110606,81.09,81.13,81.08,81.13,199200,77.16
20110603,81.15,81.17,81.07,81.13,393900,77.16
20110602,81.13,81.13,81.03,81.05,437100,77.08
20110601,81.09,81.15,81.06,81.13,321700,77.16
20110531,81.02,81.18,81.02,81.15,472300,77.05
20110527,81.08,81.16,81.04,81.15,407600,77.05
20110526,80.97,81.07,80.97,81.07,393600,76.97
20110525,80.96,80.99,80.92,80.98,455000,76.89
20110524,80.90,80.93,80.86,80.92,612700,76.83
20110523,80.99,80.99,80.88,80.89,582900,76.80
20110520,80.89,80.93,80.86,80.88,558800,76.79
20110519,80.73,80.88,80.71,80.87,552100,76.78
20110518,80.91,80.95,80.81,80.84,859400,76.76
20110517,80.92,80.95,80.89,80.93,968900,76.84
20110516,80.81,80.90,80.81,80.90,562200,76.81
20110513,80.82,80.90,80.79,80.84,354700,76.76
20110512,80.82,80.82,80.70,80.75,479000,76.67
20110511,80.72,80.83,80.67,80.80,309500,76.72
20110510,80.81,80.81,80.72,80.73,298000,76.65
20110509,80.86,80.87,80.81,80.85,288000,76.76
20110506,80.68,80.82,80.68,80.78,506800,76.70
20110505,80.65,80.75,80.65,80.71,240500,76.63
20110504,80.61,80.71,80.60,80.67,291000,76.59
20110503,80.66,80.68,80.61,80.65,538300,76.57
20110502,80.66,80.68,80.58,80.65,404400,76.57
20110429,80.70,80.78,80.68,80.78,323000,76.57
20110428,80.69,80.74,80.66,80.71,380900,76.51
20110427,80.56,80.63,80.48,80.62,420000,76.42
20110426,80.57,80.60,80.53,80.59,350600,76.39
20110425,80.48,80.56,80.47,80.54,281100,76.35
20110421,80.45,80.54,80.43,80.52,532800,76.33
20110420,80.46,80.49,80.43,80.43,1393400,76.24
20110419,80.45,80.51,80.42,80.51,1501800,76.32
20110418,80.40,80.48,80.39,80.40,436700,76.21
20110415,80.29,80.37,80.28,80.34,464900,76.16
20110414,80.27,80.30,80.20,80.24,423700,76.06
20110413,80.18,80.29,80.15,80.26,702700,76.08
20110412,80.10,80.24,80.08,80.23,384900,76.05
20110411,80.00,80.04,79.96,79.98,298500,75.81
20110408,80.00,80.06,79.95,80.03,257100,75.86
20110407,80.01,80.08,79.97,80.03,264800,75.86
20110406,80.04,80.04,79.93,79.94,639100,75.78
20110405,80.14,80.15,79.97,79.97,636300,75.81
20110404,80.13,80.18,80.10,80.14,285000,75.97
20110401,79.94,80.08,79.88,80.03,1099700,75.86
20110331,80.29,80.30,80.16,80.16,1504100,75.85
20110330,80.22,80.26,80.18,80.21,484700,75.90
20110329,80.25,80.26,80.16,80.21,815700,75.90
20110328,80.23,80.27,80.19,80.25,629700,75.94
20110325,80.40,80.42,80.21,80.27,682200,75.96
20110324,80.43,80.45,80.33,80.33,298400,76.01
20110323,80.51,80.55,80.45,80.48,399200,76.16
20110322,80.49,80.56,80.47,80.52,320300,76.14
20110321,80.56,80.63,80.52,80.54,443300,76.15
20110318,80.73,80.73,80.62,80.71,476300,76.32
20110317,80.71,80.75,80.64,80.73,807000,76.33
20110316,80.65,80.79,80.61,80.68,1132600,76.29
20110315,80.74,80.74,80.59,80.59,366900,76.20
20110314,80.59,80.68,80.56,80.56,321100,76.17
20110311,80.56,80.57,80.48,80.49,284800,76.11
20110310,80.38,80.53,80.38,80.50,250400,76.12
20110309,80.34,80.40,80.30,80.34,525100,75.97
20110308,80.26,80.28,80.19,80.25,382000,75.88
20110307,80.27,80.36,80.22,80.29,316200,75.92
20110304,80.19,80.36,80.19,80.36,564100,75.98
20110303,80.22,80.22,80.09,80.09,1243500,75.73
20110302,80.39,80.44,79.75,80.35,469100,75.97
20110301,80.30,80.40,80.27,80.36,510300,75.98
20110228,80.42,80.48,80.40,80.43,462200,75.93
20110225,80.33,80.42,80.28,80.42,1036000,75.92
20110224,80.31,80.41,80.28,80.28,481900,75.79
20110223,80.38,80.40,80.31,80.33,339100,75.83
20110222,80.21,80.37,80.20,80.35,880600,75.85
20110218,80.10,80.22,80.07,80.22,530500,75.73
20110217,80.09,80.16,80.06,80.13,422700,75.65
20110216,80.00,80.06,79.96,80.00,473500,75.52
20110215,79.93,80.04,79.93,80.03,413600,75.55
20110214,79.96,80.01,79.94,79.95,513300,75.48
20110211,80.01,80.05,79.92,79.95,899700,75.48
20110210,79.99,80.01,79.91,79.94,495200,75.47
20110209,79.93,80.06,79.92,80.04,1283300,75.56
20110208,80.04,80.06,79.90,79.92,678400,75.45
20110207,80.00,80.09,79.94,80.08,877700,75.60
20110204,80.18,80.19,80.05,80.06,645400,75.58
20110203,80.27,80.31,80.22,80.24,571600,75.75
20110202,80.45,80.51,80.35,80.39,472600,75.89
20110201,80.54,80.55,80.45,80.50,554400,76.00
20110131,80.75,80.80,80.71,80.75,397900,76.10
20110128,80.63,80.78,80.60,80.76,694200,76.11
20110127,80.63,80.65,80.55,80.61,447300,75.97
20110126,80.59,80.65,80.50,80.57,614000,75.93
20110125,80.50,80.61,80.47,80.54,349900,75.90
20110124,80.50,80.55,80.46,80.49,478100,75.85
20110121,80.45,80.52,80.43,80.52,359200,75.88
20110120,80.57,80.57,80.45,80.49,683200,75.85
20110119,80.52,80.66,80.52,80.63,578400,75.99
20110118,80.57,80.59,80.47,80.53,330400,75.89
20110114,80.56,80.64,80.51,80.62,423700,75.98
20110113,80.50,80.60,80.44,80.57,392100,75.93
20110112,80.48,80.55,80.35,80.47,486600,75.83
20110111,80.56,80.61,80.50,80.54,606400,75.90
20110110,80.55,80.59,80.51,80.59,273900,75.95
20110107,80.40,80.54,80.36,80.54,1839200,75.90
20110106,80.22,80.31,80.21,80.31,693600,75.68
20110105,80.24,80.29,80.17,80.21,969900,75.59
20110104,80.45,80.49,80.36,80.40,430400,75.77
20110103,80.34,80.42,80.27,80.42,566100,75.79
20101231,80.32,80.48,80.28,80.46,362500,75.83
20101230,80.35,80.37,80.24,80.31,384900,75.68
20101229,80.10,80.36,80.07,80.35,522500,75.72
20101228,80.22,80.30,80.10,80.16,423100,75.54
20101227,80.23,80.34,80.10,80.33,330000,75.70
20101223,80.67,80.73,80.62,80.69,534800,75.62
20101222,80.77,80.82,80.69,80.74,354400,75.66
20101221,80.77,80.84,80.74,80.77,493900,75.69
20101220,80.78,80.87,80.74,80.82,377700,75.74
20101217,80.65,80.80,80.59,80.74,890300,75.66
20101216,80.55,80.58,80.46,80.57,624600,75.50
20101215,80.59,80.67,80.46,80.50,952100,75.44
20101214,80.72,80.75,80.52,80.59,516500,75.52
20101213,80.61,80.75,80.50,80.75,442200,75.67
20101210,80.71,80.74,80.62,80.63,506000,75.56
20101209,80.77,80.79,80.69,80.71,481400,75.64
20101208,80.86,80.86,80.65,80.75,736600,75.67
20101207,81.24,81.25,80.96,80.98,465500,75.89
20101206,81.22,81.33,81.22,81.28,935700,76.17
20101203,81.16,81.26,81.09,81.22,701800,76.11
20101202,81.11,81.11,80.99,81.04,1043800,75.94
20101201,81.18,81.23,81.08,81.08,516600,75.98
20101130,81.44,81.54,81.44,81.51,261400,76.25
20101129,81.37,81.44,81.32,81.44,632400,76.19
20101126,81.35,81.40,81.32,81.39,98400,76.14
20101124,81.46,81.48,81.30,81.35,411800,76.11
20101123,81.59,81.64,81.52,81.53,625000,76.27
20101122,81.38,81.54,81.33,81.53,732800,76.27
20101119,81.34,81.42,81.32,81.35,550000,76.11
20101118,81.30,81.42,81.27,81.41,266200,76.16
20101117,81.41,81.49,81.38,81.38,490200,76.13
20101116,81.34,81.41,81.24,81.41,575200,76.16
20101115,81.45,81.45,81.22,81.22,958800,75.98
20101112,81.65,81.65,81.49,81.51,669400,76.25
20101111,81.77,81.78,81.56,81.66,378700,76.40
20101110,81.68,81.71,81.53,81.66,416200,76.40
20101109,81.90,81.90,81.70,81.71,822400,76.44
20101108,81.88,81.92,81.85,81.89,373400,76.61
20101105,81.97,82.02,81.91,81.94,454800,76.66
20101104,81.95,82.06,81.94,82.01,586400,76.72
20101103,81.90,81.98,81.88,81.97,292400,76.69
20101102,81.88,81.91,81.83,81.90,353100,76.62
20101101,81.83,82.00,81.82,81.82,447500,76.54
20101029,81.87,81.99,81.87,81.98,377000,76.56
20101028,81.84,81.90,81.80,81.90,428500,76.48
20101027,81.79,81.79,81.71,81.72,289000,76.32
20101026,81.86,81.88,81.77,81.82,802500,76.41
20101025,81.99,81.99,81.87,81.93,329100,76.51
20101022,81.90,81.93,81.86,81.90,364500,76.48
20101021,81.95,81.97,81.91,81.94,292100,76.52
20101020,81.96,82.00,81.90,81.97,345500,76.55
20101019,81.92,81.96,81.88,81.94,306400,76.52
20101018,81.87,81.95,81.81,81.93,373400,76.51
20101015,81.88,81.88,81.75,81.76,505900,76.35
20101014,81.79,81.86,81.79,81.81,338900,76.40
20101013,81.89,81.93,81.83,81.91,503500,76.49
20101012,81.94,81.96,81.83,81.84,411100,76.43
20101011,81.97,81.99,81.81,81.98,368800,76.56
20101008,81.95,81.95,81.85,81.85,804500,76.44
20101007,81.83,81.91,81.83,81.91,316800,76.49
20101006,81.77,81.84,81.76,81.81,307700,76.40
20101005,81.74,81.78,81.70,81.73,350700,76.32
20101004,81.72,81.74,81.65,81.72,336700,76.32
20101001,81.60,81.68,81.58,81.68,354400,76.28
20100930,81.81,81.81,81.65,81.75,518300,76.21
20100929,81.79,81.80,81.71,81.71,375100,76.17
20100928,81.73,81.80,81.69,81.79,351100,76.25
20100927,81.67,81.70,81.63,81.70,393700,76.16
20100924,81.65,81.66,81.57,81.60,294400,76.07
20100923,81.71,81.71,81.62,81.67,354100,76.14
20100922,81.68,81.73,81.64,81.69,523500,76.15
20100921,81.53,81.64,81.48,81.63,795800,76.10
20100920,81.50,81.53,81.45,81.49,443600,75.97
20100917,81.53,81.53,81.43,81.43,396100,75.91
20100916,81.47,81.47,81.40,81.46,317700,75.94
20100915,81.47,81.50,81.39,81.39,727500,75.87
20100914,81.37,81.49,81.35,81.46,524500,75.94
20100913,81.25,81.40,81.24,81.37,544600,75.86
20100910,81.23,81.29,81.20,81.27,487800,75.76
20100909,81.40,81.40,81.27,81.30,307700,75.79
20100908,81.43,81.45,81.36,81.42,765900,75.90
20100907,81.46,81.47,81.37,81.38,573800,75.86
20100903,81.35,81.41,81.29,81.41,421600,75.89
20100902,81.40,81.46,81.36,81.45,398000,75.93
20100901,81.57,81.57,81.38,81.38,620800,75.86
20100831,81.66,81.73,81.61,81.67,333800,76.00
20100830,81.52,81.66,81.48,81.63,459600,75.96
20100827,81.62,81.63,81.44,81.48,552000,75.82
20100826,81.62,81.65,81.56,81.63,428800,75.96
20100825,81.71,81.74,81.57,81.61,457000,75.94
20100824,81.73,81.74,81.61,81.69,414400,76.02
20100823,81.59,81.61,81.52,81.61,280400,75.94
20100820,81.57,81.62,81.53,81.58,506600,75.91
20100819,81.57,81.64,81.52,81.62,287700,75.95
20100818,81.59,81.61,81.54,81.57,337000,75.91
20100817,81.55,81.58,81.52,81.57,259500,75.91
20100816,81.58,81.62,81.51,81.59,535400,75.92
20100813,81.38,81.49,81.38,81.48,325000,75.82
20100812,81.53,81.53,81.41,81.44,212900,75.78
20100811,81.55,81.56,81.47,81.50,300300,75.84
20100810,81.37,81.48,81.25,81.41,563100,75.76
20100809,81.42,81.45,81.34,81.37,500900,75.72
20100806,81.47,81.47,81.32,81.45,420700,75.79
20100805,81.31,81.37,81.28,81.36,299500,75.71
20100804,81.34,81.34,81.25,81.28,555500,75.64
20100803,81.37,81.37,81.25,81.31,834300,75.66
20100802,81.29,81.29,81.20,81.26,854900,75.62
20100730,81.45,81.45,81.37,81.43,510500,75.64
20100729,81.27,81.34,81.23,81.34,404700,75.55
20100728,81.13,81.24,81.07,81.24,289400,75.46
20100727,81.06,81.11,81.05,81.05,1241200,75.28
20100726,81.12,81.16,81.06,81.15,656000,75.38
20100723,81.21,81.23,81.12,81.16,455700,75.39
20100722,81.19,81.25,81.14,81.21,621300,75.43
20100721,81.17,81.23,81.08,81.23,656800,75.45
20100720,81.18,81.21,81.15,81.18,380700,75.40
20100719,81.15,81.17,81.12,81.16,369700,75.39
20100716,81.06,81.17,81.04,81.14,635300,75.37
20100715,81.05,81.08,80.95,81.05,719900,75.28
20100714,80.85,81.00,80.85,80.97,392700,75.21
20100713,80.89,80.89,80.82,80.86,349700,75.11
20100712,80.93,80.93,80.86,80.91,281300,75.15
20100709,80.88,80.89,80.80,80.88,879700,75.13
20100708,80.79,80.91,80.78,80.90,522200,75.14
20100707,80.94,80.97,80.87,80.89,718700,75.13
20100706,80.75,80.95,80.75,80.87,675100,75.12
20100702,80.74,80.83,80.70,80.83,573000,75.08
20100701,80.85,80.90,80.78,80.78,598600,75.03
20100630,81.02,81.02,80.93,81.02,458100,75.12
20100629,80.93,81.02,80.90,80.96,620800,75.06
20100628,80.83,80.94,80.83,80.89,452600,75.00
20100625,80.77,80.86,80.76,80.86,297600,74.97
20100624,80.82,80.83,80.72,80.78,354300,74.90
20100623,80.70,80.78,80.66,80.78,396200,74.90
20100622,80.61,80.69,80.56,80.67,324200,74.79
20100621,80.47,80.57,80.44,80.57,481200,74.70
20100618,80.53,80.58,80.48,80.54,372900,74.67
20100617,80.52,80.62,80.48,80.60,476800,74.73
20100616,80.46,80.46,80.37,80.46,377900,74.60
20100615,80.47,80.47,80.36,80.40,766100,74.54
20100614,80.42,80.46,80.34,80.46,333400,74.60
20100611,80.32,80.47,80.32,80.45,329000,74.59
20100610,80.42,80.43,80.33,80.35,828000,74.50
20100609,80.42,80.49,80.40,80.49,722500,74.63
20100608,80.52,80.54,80.44,80.50,958000,74.64
20100607,80.53,80.54,80.42,80.54,721500,74.67
20100604,80.38,80.49,80.32,80.49,346900,74.63
20100603,80.28,80.31,80.19,80.19,572900,74.35
20100602,80.29,80.37,80.27,80.32,317900,74.47
20100601,80.33,80.37,80.25,80.37,300600,74.52
20100528,80.32,80.56,80.32,80.37,381600,74.37
20100527,80.25,80.32,80.21,80.30,574600,74.31
20100526,80.46,80.47,80.30,80.44,403700,74.44
20100525,80.55,80.64,80.50,80.53,582600,74.52
20100524,80.61,80.62,80.51,80.58,477900,74.57
20100521,80.71,80.71,80.48,80.59,654900,74.58
20100520,80.69,80.69,80.48,80.48,563200,74.47
20100519,80.46,80.60,80.46,80.57,431000,74.56
20100518,80.42,80.55,80.37,80.55,689900,74.54
20100517,80.42,80.49,80.30,80.39,454000,74.39
20100514,80.35,80.41,80.32,80.40,280100,74.40
20100513,80.27,80.30,80.15,80.30,499500,74.31
20100512,80.26,80.27,80.19,80.24,262300,74.25
20100511,80.29,80.32,80.17,80.26,595200,74.27
20100510,80.36,80.50,80.16,80.19,432800,74.20
20100507,80.21,80.45,80.17,80.34,643200,74.34
20100506,80.25,81.00,80.16,80.42,491100,74.42
20100505,80.14,80.29,80.14,80.14,338900,74.16
20100504,80.13,80.13,80.05,80.10,431500,74.12
20100503,80.06,80.13,79.95,80.02,341800,74.05
20100430,80.19,80.24,80.12,80.20,303600,74.07
20100429,80.10,80.14,79.97,80.14,587000,74.02
20100428,80.10,80.14,79.96,80.07,404800,73.95
20100427,80.03,80.17,79.95,80.15,475700,74.02
20100426,79.96,79.99,79.89,79.94,273900,73.83
20100423,79.88,79.97,79.88,79.94,355700,73.83
20100422,80.07,80.13,79.96,80.00,358800,73.89
20100421,80.01,80.08,79.98,80.07,521400,73.95
20100420,80.03,80.04,79.98,80.03,615600,73.91
20100419,80.11,80.11,80.00,80.04,448100,73.92
20100416,80.00,80.14,79.93,80.11,369900,73.99
20100415,79.84,79.93,79.81,79.87,360400,73.77
20100414,79.80,79.90,79.79,79.84,324600,73.74
20100413,79.85,79.88,79.77,79.85,426400,73.75
20100412,79.70,79.83,79.70,79.80,352600,73.70
20100409,79.73,79.76,79.64,79.76,360600,73.66
20100408,79.75,79.79,79.67,79.71,379100,73.62
20100407,79.55,79.71,79.54,79.64,843100,73.55
20100406,79.51,79.55,79.45,79.50,729600,73.42
20100405,79.63,79.67,79.45,79.47,1683000,73.40
20100401,79.86,79.86,79.77,79.79,434500,73.69
20100331,80.00,80.06,79.93,80.00,440100,73.69
20100330,79.98,79.99,79.87,79.96,402700,73.65
20100329,79.99,79.99,79.87,79.92,453400,73.62
20100326,79.91,79.97,79.85,79.97,714600,73.66
20100325,79.93,79.93,79.81,79.91,518600,73.61
20100324,80.05,80.06,79.89,79.93,870300,73.63
20100323,80.19,80.20,80.11,80.17,464900,73.85
20100322,80.13,80.14,80.08,80.14,445900,73.82
20100319,80.08,80.15,80.05,80.08,516600,73.76
20100318,80.24,80.24,80.13,80.18,386000,73.86
20100317,80.24,80.24,80.17,80.24,344800,73.91
20100316,80.18,80.22,80.07,80.21,514000,73.88
20100315,80.11,80.12,80.04,80.11,416200,73.79
20100312,80.06,80.11,80.01,80.11,567000,73.79
20100311,80.11,80.14,80.03,80.11,417300,73.79
20100310,80.20,80.20,80.11,80.17,672800,73.85
20100309,80.20,80.24,80.15,80.20,429900,73.87
20100308,80.14,80.24,80.12,80.22,721200,73.89
20100305,80.20,80.20,80.11,80.19,554100,73.87
20100304,80.27,80.28,80.20,80.27,586500,73.94
20100303,80.31,80.32,80.22,80.27,470800,73.94
20100302,80.26,80.35,80.23,80.35,612200,74.01
20100301,80.30,80.33,80.21,80.29,401600,73.96
20100226,80.36,80.44,80.30,80.40,441000,73.93
20100225,80.35,80.40,80.31,80.36,481000,73.89
20100224,80.26,80.29,80.20,80.28,462900,73.81
20100223,80.16,80.24,80.09,80.24,363700,73.78
20100222,80.05,80.12,80.05,80.11,452400,73.66
20100219,80.07,80.07,79.96,80.06,517400,73.61
20100218,80.24,80.24,80.05,80.12,830800,73.67
20100217,80.22,80.26,80.15,80.16,469800,73.70
20100216,80.20,80.26,80.15,80.25,430700,73.79
20100212,80.20,80.30,80.14,80.23,457100,73.77
20100211,80.12,80.14,80.06,80.12,637500,73.67
20100210,80.22,80.24,80.09,80.12,352200,73.67
20100209,80.32,80.32,80.16,80.21,471100,73.75
20100208,80.33,80.33,80.15,80.27,694800,73.81
20100205,80.26,80.39,80.21,80.35,842600,73.88
20100204,80.13,80.24,80.10,80.22,393000,73.76
20100203,80.15,80.15,80.01,80.05,1317300,73.60
20100202,80.16,80.17,80.09,80.16,486400,73.70
20100201,80.17,80.18,80.06,80.13,670500,73.68
20100129,80.17,80.34,80.13,80.34,665900,73.72
20100128,80.19,80.25,80.11,80.25,480500,73.64
20100127,80.31,80.33,80.14,80.19,353900,73.58
20100126,80.29,80.31,80.17,80.26,465900,73.65
20100125,80.26,80.31,80.20,80.26,413900,73.65
20100122,80.26,80.28,80.15,80.27,423800,73.66
20100121,80.13,80.26,80.07,80.26,396400,73.65
20100120,80.13,80.20,80.11,80.15,585900,73.55
20100119,80.12,80.15,80.03,80.12,440400,73.52
20100115,80.18,80.23,80.13,80.19,563300,73.58
20100114,80.08,80.10,80.00,80.07,294600,73.47
20100113,79.97,80.11,79.92,79.94,331700,73.35
20100112,80.00,80.09,79.97,80.05,409300,73.45
20100111,80.00,80.00,79.81,79.96,419100,73.37
20100108,79.82,79.95,79.75,79.75,360100,73.18
20100107,79.89,79.89,79.69,79.77,414500,73.20
20100106,79.88,79.90,79.69,79.75,349600,73.18
20100105,79.69,79.83,79.65,79.81,471500,73.23
20100104,79.67,79.67,79.51,79.61,613000,73.05
20091231,79.55,79.62,79.36,79.54,391500,72.99
20091230,79.67,79.71,79.61,79.67,664000,73.11
20091229,79.61,79.68,79.51,79.67,667500,73.11
20091228,79.69,79.69,79.58,79.60,529900,73.04
20091224,79.83,79.85,79.64,79.68,305600,72.96
20091223,80.00,80.04,79.88,80.00,987000,73.25
20091222,80.04,80.13,79.88,79.99,624400,73.24
20091221,80.18,80.22,80.05,80.11,374500,73.35
20091218,80.30,80.32,80.21,80.29,424900,73.51
20091217,80.25,80.40,80.21,80.39,623500,73.60
20091216,80.21,80.24,80.08,80.17,711200,73.40
20091215,80.12,80.15,80.03,80.14,300000,73.38
20091214,80.27,80.28,80.14,80.19,315800,73.42
20091211,80.20,80.28,80.14,80.25,470100,73.48
20091210,80.31,80.35,80.20,80.30,507000,73.52
20091209,80.42,80.45,80.26,80.34,341400,73.56
20091208,80.29,80.41,80.29,80.38,398700,73.60
20091207,80.18,80.29,80.05,80.29,451000,73.51
20091204,80.21,80.21,79.98,80.13,478300,73.37
20091203,80.27,80.32,80.21,80.31,365400,73.53
20091202,80.45,80.49,80.27,80.33,367800,73.55
20091201,80.55,80.55,80.41,80.44,658300,73.65
20091130,80.60,80.68,80.56,80.56,533800,73.61
20091127,80.65,80.65,80.33,80.61,86300,73.66
20091125,80.50,80.52,80.37,80.51,399000,73.57
20091124,80.39,80.48,80.33,80.46,563900,73.52
20091123,80.35,80.35,80.11,80.32,882900,73.39
20091120,80.44,80.44,80.30,80.33,374700,73.40
20091119,80.34,80.41,80.31,80.38,591800,73.45
20091118,80.32,80.32,80.21,80.30,343200,73.38
20091117,80.29,80.29,80.15,80.21,446800,73.29
20091116,80.21,80.26,80.10,80.25,314800,73.33
20091113,80.12,80.17,80.06,80.06,325700,73.16
20091112,80.18,80.18,80.02,80.12,500900,73.21
20091111,80.16,80.22,79.96,80.20,355400,73.29
20091110,80.11,80.14,79.95,79.95,620700,73.06
20091109,80.00,80.00,79.90,79.99,290200,73.09
20091106,79.91,79.99,79.79,79.98,415400,73.08
20091105,79.89,79.92,79.75,79.87,445900,72.98
20091104,79.89,80.03,79.77,79.85,580100,72.97
20091103,79.92,79.93,79.85,79.89,439600,73.00
20091102,79.94,79.96,79.79,79.89,423000,73.00
20091030,80.01,80.10,79.95,80.06,498000,73.00
20091029,79.94,80.05,79.85,79.93,545500,72.89
20091028,79.91,79.99,79.82,79.95,486700,72.90
20091027,79.74,79.91,79.64,79.91,220900,72.87
20091026,79.78,79.78,79.64,79.69,374300,72.67
20091023,79.89,79.91,79.75,79.81,579600,72.78
20091022,79.96,79.96,79.81,79.95,480300,72.90
20091021,79.94,79.96,79.85,79.87,253300,72.83
20091020,79.99,80.00,79.81,80.00,577300,72.95
20091019,79.81,79.87,79.69,79.87,435200,72.83
20091016,79.86,79.91,79.72,79.87,268400,72.83
20091015,79.85,79.94,79.78,79.87,1443700,72.83
20091014,79.82,79.96,79.81,79.89,433100,72.85
20091013,80.03,80.03,79.85,79.92,324800,72.88
20091012,79.96,80.09,79.83,79.95,225400,72.90
20091009,79.96,79.99,79.82,79.90,211200,72.86
20091008,80.07,80.14,79.88,79.95,243300,72.90
20091007,80.07,80.13,79.93,80.08,245800,73.02
20091006,80.04,80.05,79.86,79.90,285700,72.86
20091005,80.19,80.32,80.02,80.18,418600,73.11
20091002,80.26,80.29,79.93,80.15,351500,73.09
20091001,80.10,80.10,79.92,79.98,309500,72.93
20090930,79.98,80.14,79.77,80.05,389300,72.84
20090929,79.98,80.02,79.88,80.00,390300,72.80
20090928,80.00,80.08,79.81,79.96,312100,72.76
20090925,80.07,80.07,79.84,79.97,328400,72.77
20090924,80.04,80.11,79.83,80.02,455800,72.82
20090923,79.67,79.95,79.67,79.92,350900,72.73
20090922,79.72,79.86,79.70,79.74,439400,72.56
20090921,79.87,79.89,79.71,79.84,404200,72.65
20090918,79.87,79.94,79.75,79.86,357500,72.67
20090917,79.85,79.86,79.68,79.84,379800,72.65
20090916,79.84,79.84,79.62,79.68,417400,72.51
20090915,79.88,79.99,79.62,79.67,540100,72.50
20090914,79.93,79.93,79.76,79.86,442100,72.67
20090911,80.06,80.07,79.81,79.85,419400,72.66
20090910,79.92,80.02,79.70,79.95,683000,72.75
20090909,79.68,79.86,79.61,79.75,740100,72.57
20090908,79.89,79.89,79.55,79.55,457200,72.39
20090904,79.87,79.93,79.85,79.87,312900,72.68
20090903,79.82,79.94,79.77,79.90,262600,72.71
20090902,79.96,80.00,79.76,79.93,368700,72.73
20090901,79.81,79.94,79.66,79.73,424800,72.55
20090831,79.86,79.88,79.76,79.85,333200,72.50
20090828,79.65,79.79,79.61,79.76,350500,72.42
20090827,79.68,79.74,79.59,79.65,317600,72.32
20090826,79.71,79.76,79.54,79.65,379000,72.32
20090825,79.39,79.81,79.39,79.69,483700,72.36
20090824,79.51,79.67,79.40,79.65,343800,72.32
20090821,79.65,79.65,79.36,79.47,336300,72.16
20090820,79.59,79.68,79.53,79.68,413200,72.35
20090819,79.65,79.73,79.41,79.46,410200,72.15
20090818,79.65,79.65,79.54,79.62,262000,72.29
20090817,79.61,79.74,79.54,79.56,221200,72.24
20090814,79.54,79.63,79.37,79.52,217200,72.20
20090813,79.36,79.55,79.25,79.47,391600,72.16
20090812,79.25,79.34,79.00,79.15,306100,71.87
20090811,79.25,79.27,79.02,79.07,241800,71.79
20090810,79.12,79.21,78.90,79.21,262100,71.92
20090807,78.97,79.09,78.83,78.92,340400,71.66
20090806,79.20,79.48,79.04,79.10,274100,71.82
20090805,79.11,79.34,79.00,79.16,484300,71.87
20090804,79.29,79.29,78.95,79.15,349200,71.87
20090803,79.35,79.36,78.96,79.17,197400,71.88
20090731,79.49,79.62,79.30,79.57,231600,72.08
20090730,79.30,79.48,79.14,79.48,315100,72.00
20090729,79.34,79.42,79.15,79.15,287200,71.70
20090728,79.35,79.39,79.15,79.29,271300,71.83
20090727,79.12,79.34,79.12,79.24,293900,71.78
20090724,79.28,79.39,79.16,79.24,275200,71.78
20090723,79.55,79.61,79.30,79.41,240200,71.94
20090722,79.66,79.66,79.45,79.50,248800,72.02
20090721,79.36,79.62,79.27,79.55,220400,72.06
20090720,79.25,79.44,79.11,79.41,192000,71.94
20090717,79.06,79.27,79.06,79.26,261400,71.80
20090716,79.22,79.24,79.06,79.20,333800,71.75
20090715,79.26,79.27,79.10,79.11,212800,71.66
20090714,79.29,79.29,79.12,79.26,310000,71.80
20090713,79.52,79.56,79.31,79.46,213300,71.98
20090710,79.46,79.64,79.28,79.50,255400,72.02
20090709,79.32,79.42,79.11,79.40,216200,71.93
20090708,79.18,79.29,79.07,79.16,173000,71.71
20090707,79.23,79.32,79.14,79.18,212600,71.73
20090706,79.21,79.21,79.05,79.13,163600,71.68
20090702,79.11,79.25,78.97,79.19,238700,71.74
20090701,78.82,79.01,78.70,78.88,595800,71.46
20090630,79.04,79.19,78.88,79.07,263100,71.47
20090629,79.17,79.22,78.94,78.94,349500,71.35
20090626,79.05,79.14,78.90,78.93,191100,71.34
20090625,78.97,79.11,78.67,79.07,272200,71.47
20090624,78.87,79.02,78.75,78.92,171200,71.33
20090623,78.81,79.03,78.77,78.84,372000,71.26
20090622,78.71,78.94,78.69,78.90,317000,71.31
20090619,78.69,78.79,78.41,78.74,274700,71.17
20090618,78.69,78.80,78.50,78.69,223600,71.12
20090617,78.88,78.90,78.69,78.78,253700,71.20
20090616,78.74,78.81,78.61,78.65,473600,71.09
20090615,78.75,78.76,78.53,78.72,169000,71.15
20090612,78.25,78.68,78.25,78.66,154000,71.10
20090611,78.32,78.53,78.16,78.29,287700,70.76
20090610,78.26,78.43,78.26,78.36,182700,70.82
20090609,78.23,78.53,78.12,78.46,221000,70.92
20090608,78.32,78.45,78.11,78.17,156700,70.65
20090605,78.53,78.61,78.25,78.40,288000,70.86
20090604,79.10,79.10,78.92,78.92,175200,71.33
20090603,79.07,79.20,78.86,79.10,268000,71.49
20090602,78.94,79.01,78.70,78.88,178800,71.29
20090601,79.05,79.05,78.77,79.00,188400,71.40
20090529,79.19,79.29,79.00,79.27,228400,71.47
20090528,78.98,79.10,78.91,79.03,134300,71.26
20090527,79.00,79.12,78.85,78.97,185800,71.20
20090526,79.11,79.16,78.95,79.06,162400,71.28
20090522,79.15,79.20,79.03,79.16,171000,71.37
20090521,79.25,79.33,78.90,79.20,256000,71.41
20090520,79.16,79.40,79.03,79.31,280100,71.51
20090519,79.13,79.20,78.95,79.11,336600,71.33
20090518,79.25,79.25,79.00,79.15,174100,71.37
20090515,79.02,79.24,79.01,79.10,286900,71.32
20090514,79.21,79.40,79.14,79.25,259900,71.46
20090513,79.10,79.60,79.09,79.38,224000,71.57
20090512,79.04,79.26,78.96,79.11,185200,71.33
20090511,79.05,79.11,78.89,78.96,123600,71.19
20090508,79.00,81.59,78.80,78.85,269700,71.09
20090507,78.96,78.99,78.80,78.80,147300,71.05
20090506,78.86,79.02,78.80,78.95,189800,71.19
20090505,78.88,78.95,78.80,78.94,175700,71.18
20090504,78.71,78.90,78.67,78.90,156100,71.14
20090501,78.76,78.82,78.50,78.82,186300,71.07
20090430,78.93,79.05,78.81,78.94,144000,71.00
20090429,79.00,79.46,78.80,78.92,168100,70.98
20090428,79.10,79.10,78.82,78.98,215100,71.04
20090427,78.73,79.05,78.65,78.98,212900,71.04
20090424,78.84,79.10,78.65,78.81,171100,70.89
20090423,78.58,78.93,78.58,78.93,178600,70.99
20090422,78.80,78.82,78.56,78.58,222900,70.68
20090421,78.86,78.88,78.60,78.72,178100,70.80
20090420,78.54,78.86,78.54,78.86,139600,70.93
20090417,78.60,78.80,78.40,78.49,173400,70.60
20090416,78.75,78.85,78.63,78.75,141400,70.83
20090415,78.84,78.87,78.67,78.83,155400,70.90
20090414,78.73,78.82,78.48,78.80,166100,70.88
20090413,78.61,78.75,78.45,78.67,260300,70.76
20090409,78.54,78.62,78.41,78.50,198700,70.61
20090408,78.48,78.54,78.27,78.48,276700,70.59
20090407,78.35,78.36,78.26,78.28,153800,70.41
20090406,78.34,78.40,78.10,78.15,130200,70.29
20090403,78.48,78.52,78.15,78.32,177600,70.44
20090402,78.61,78.61,78.40,78.45,237100,70.56
20090401,78.63,78.67,78.50,78.55,250700,70.65
20090331,78.70,78.82,78.62,78.80,228300,70.70
20090330,78.53,79.66,78.46,78.61,251800,70.53
20090327,78.43,78.51,78.30,78.30,212600,70.25
20090326,78.32,78.44,78.15,78.27,430200,70.22
20090325,78.52,78.52,78.25,78.30,185900,70.25
20090324,78.55,78.55,78.21,78.37,167200,70.31
20090323,78.50,78.70,78.45,78.60,140200,70.52
20090320,78.67,78.77,78.36,78.63,186900,70.54
20090319,79.22,79.22,78.45,78.86,138900,70.75
20090318,78.02,79.66,77.83,78.92,166500,70.80
20090317,78.09,78.20,77.80,77.96,165400,69.94
20090316,78.09,78.15,77.87,78.06,160000,70.03
20090313,78.30,78.30,77.80,78.18,178200,70.14
20090312,78.05,78.05,77.81,77.94,181900,69.92
20090311,78.19,78.19,77.91,78.02,257700,70.00
20090310,77.95,78.32,77.93,77.94,267400,69.92
20090309,78.16,78.20,77.85,78.07,238400,70.04
20090306,78.86,78.86,78.20,78.21,250800,70.17
20090305,78.28,78.40,78.06,78.30,346200,70.25
20090304,78.37,78.37,77.85,78.33,295700,70.27
20090303,78.65,78.65,78.26,78.50,247200,70.43
20090302,78.56,78.84,78.42,78.54,226600,70.46
20090227,78.70,78.85,78.42,78.67,184600,70.41
20090226,78.63,78.63,78.30,78.47,179600,70.23
20090225,78.57,78.96,78.19,78.56,330100,70.31
20090224,78.65,79.20,78.51,78.72,193800,70.45
20090223,79.10,79.18,78.71,78.71,208100,70.44
20090220,78.62,79.15,78.62,79.15,267500,70.84
20090219,78.92,79.04,78.39,78.90,203200,70.61
20090218,78.96,79.34,78.84,78.84,190400,70.56
20090217,79.23,79.43,78.80,79.23,226800,70.91
20090213,79.62,79.62,78.40,79.26,220600,70.94
20090212,79.58,79.58,79.06,79.34,192300,71.01
20090211,79.08,79.57,78.80,79.55,173400,71.19
20090210,79.05,79.39,78.70,78.77,301200,70.50
20090209,79.00,79.48,79.00,79.40,149500,71.06
20090206,79.45,79.49,79.01,79.42,250800,71.08
20090205,79.20,79.36,78.60,79.01,316200,70.71
20090204,79.45,79.46,79.00,79.23,236600,70.91
20090203,79.49,79.49,79.12,79.28,167000,70.95
20090202,79.54,79.54,79.00,79.19,138500,70.87
20090130,79.74,79.80,79.49,79.67,172600,71.10
20090129,79.90,79.91,79.52,79.68,107800,71.11
20090128,80.14,80.14,79.47,79.74,140100,71.17
20090127,78.92,79.94,78.65,79.87,162700,71.28
20090126,79.66,79.69,78.50,78.66,238800,70.20
20090123,79.70,79.70,79.03,79.20,165700,70.69
20090122,79.57,79.73,78.80,79.56,152000,71.01
20090121,80.27,80.27,78.81,79.03,227000,70.53
20090120,80.27,80.33,79.60,79.61,151800,71.05
20090116,80.43,80.49,80.02,80.34,125800,71.70
20090115,80.61,80.64,80.26,80.56,137800,71.90
20090114,80.20,80.56,79.55,80.56,158200,71.90
20090113,80.21,80.21,79.57,79.98,98500,71.38
20090112,79.70,79.97,79.30,79.94,127300,71.35
20090109,79.69,79.75,79.14,79.31,123200,70.78
20090108,80.22,80.22,79.21,79.28,118800,70.76
20090107,80.08,80.44,79.25,79.30,153400,70.77
20090106,79.80,80.30,79.50,80.28,143900,71.65
20090105,79.94,79.97,79.08,79.20,150300,70.69
20090102,80.24,80.26,79.25,79.25,82200,70.73
20081231,80.22,80.96,79.20,80.55,167700,71.89
20081230,79.43,80.27,79.10,80.23,189700,71.60
20081229,79.45,80.37,79.40,80.22,145100,71.60
20081226,79.20,80.09,79.20,80.07,118700,71.46
20081224,79.24,80.23,79.01,80.01,199600,71.41
20081223,79.48,80.00,78.90,79.99,131800,71.19
20081222,79.44,79.90,78.53,79.90,220900,71.11
20081219,79.46,79.91,78.59,79.87,120700,71.09
20081218,79.47,79.64,79.22,79.59,114700,70.84
20081217,79.35,79.40,78.92,79.23,113400,70.52
20081216,78.80,79.30,78.22,79.02,128100,70.33
20081215,78.74,78.85,78.45,78.54,81200,69.90
20081212,78.70,78.98,78.11,78.85,103800,70.18
20081211,78.84,79.06,78.01,78.12,132200,69.53
20081210,78.42,78.89,78.07,78.88,156400,70.20
20081209,78.61,78.98,77.96,78.11,141700,69.52
20081208,78.41,78.68,77.78,78.63,157600,69.98
20081205,78.63,78.82,78.33,78.54,102800,69.90
20081204,78.73,78.85,78.21,78.81,140300,70.14
20081203,78.58,78.81,78.14,78.81,123500,70.14
20081202,78.55,78.67,78.20,78.62,109300,69.97
20081201,78.45,78.66,78.11,78.40,109000,69.78
20081128,78.29,78.35,78.01,78.35,29000,69.53
20081126,78.50,78.53,78.00,78.46,101600,69.63
20081125,77.94,78.34,77.50,78.33,109200,69.51
20081124,77.98,78.04,77.50,77.80,154700,69.04
20081121,78.00,78.19,77.10,77.89,249900,69.12
20081120,77.59,78.24,77.06,78.24,190000,69.43
20081119,77.00,77.40,76.90,77.30,68000,68.60
20081118,77.10,77.23,76.82,77.00,55500,68.33
20081117,76.76,77.26,76.54,76.70,62900,68.07
20081114,77.45,77.45,76.75,77.34,63800,68.63
20081113,77.46,77.74,77.02,77.69,101500,68.94
20081112,77.00,77.48,76.22,77.32,104700,68.62
20081111,76.98,76.98,76.30,76.91,78400,68.25
20081110,75.93,76.74,75.90,76.32,106700,67.73
20081107,75.94,76.50,75.78,76.50,115300,67.89
20081106,76.00,76.39,75.54,75.96,86200,67.41
20081105,75.48,76.00,75.21,76.00,128400,67.44
20081104,75.70,75.89,74.72,74.72,310900,66.31
20081103,75.84,75.85,74.93,75.00,190400,66.56
20081031,75.43,75.99,75.12,75.38,85900,66.68
20081030,76.00,76.00,75.42,75.74,64000,67.00
20081029,75.58,75.88,75.34,75.60,82400,66.87
20081028,75.08,76.06,75.08,75.25,95700,66.56
20081027,75.01,75.88,74.97,75.33,83400,66.63
20081024,76.20,76.35,74.73,74.75,130800,66.12
20081023,76.29,76.29,75.59,75.94,128300,67.17
20081022,75.98,76.00,75.23,75.97,97200,67.20
20081021,75.39,76.07,75.38,75.45,79500,66.74
20081020,74.02,74.60,73.87,74.60,105700,65.99
20081017,75.49,75.49,73.51,74.22,99800,65.65
20081016,75.50,75.50,74.26,74.93,70800,66.28
20081015,73.48,75.71,71.70,74.43,161300,65.84
20081014,71.52,75.00,71.28,74.45,362100,65.86
20081013,74.00,76.43,68.29,72.55,544300,64.18
20081010,76.50,76.96,74.75,75.04,243000,66.38
20081009,76.00,77.50,75.50,76.71,133200,67.86
20081008,77.77,77.97,75.22,76.20,156600,67.40
20081007,77.33,78.04,77.25,77.52,183800,68.57
20081006,77.52,77.87,76.42,76.95,149000,68.07
20081003,76.95,77.41,76.18,76.44,86000,67.62
20081002,76.34,76.55,75.73,76.38,115300,67.56
20081001,78.10,78.11,73.90,74.90,216200,66.25
20080930,78.35,78.35,76.76,77.15,204200,68.05
20080929,78.17,79.40,76.85,77.63,243200,68.47
20080926,78.68,78.68,77.19,77.52,178000,68.38
20080925,78.63,78.63,77.20,77.84,104000,68.66
20080924,77.49,77.97,77.08,77.89,121100,68.70
20080923,76.91,78.16,76.91,77.29,183900,68.17
20080922,76.71,77.67,76.55,77.38,180200,68.25
20080919,77.50,78.78,76.70,77.39,215400,68.26
20080918,77.44,77.97,77.02,77.73,200300,68.56
20080917,77.56,79.39,77.32,77.86,223500,68.68
20080916,78.39,78.83,77.50,77.73,234400,68.56
20080915,78.06,78.35,77.79,78.25,161800,69.02
20080912,77.87,77.87,77.57,77.71,93200,68.54
20080911,77.95,77.96,77.72,77.78,109700,68.61
20080910,77.73,77.89,77.62,77.88,93100,68.69
20080909,77.61,77.82,77.50,77.74,89900,68.57
20080908,77.62,77.77,77.46,77.74,66700,68.57
20080905,77.88,77.88,77.64,77.65,79200,68.49
20080904,77.73,77.80,77.63,77.77,106200,68.60
20080903,77.57,77.63,77.44,77.59,60400,68.44
20080902,77.26,77.57,77.25,77.55,73000,68.40
20080829,77.84,77.85,77.44,77.56,92500,68.20
20080828,77.55,77.64,77.51,77.61,74600,68.25
20080827,77.51,77.73,77.41,77.73,62400,68.35
20080826,77.50,77.62,77.45,77.62,129900,68.26
20080825,77.59,77.60,77.47,77.60,93700,68.24
20080822,77.48,77.52,77.37,77.48,114300,68.13
20080821,77.63,77.63,77.49,77.55,45800,68.20
20080820,77.55,77.69,77.40,77.67,83900,68.30
20080819,77.58,77.59,77.46,77.54,75000,68.19
20080818,77.46,77.56,77.46,77.54,81000,68.19
20080815,77.56,77.61,77.37,77.51,128900,68.16
20080814,77.40,77.47,76.95,77.43,204400,68.09
20080813,77.48,77.48,77.20,77.36,132900,68.03
20080812,77.36,77.46,77.30,77.45,82700,68.11
20080811,77.22,77.32,76.95,77.32,303300,67.99
20080808,77.35,77.37,77.15,77.27,127500,67.95
20080807,77.25,77.41,77.16,77.41,58300,68.07
20080806,77.13,77.13,76.96,77.10,82000,67.80
20080805,77.17,77.21,77.04,77.13,60200,67.83
20080804,77.15,77.29,77.06,77.16,51400,67.85
20080801,78.90,78.90,77.14,77.21,102900,67.90
20080731,77.32,77.52,77.31,77.46,66600,67.90
20080730,77.14,77.28,77.04,77.24,89100,67.71
20080729,77.25,77.29,77.08,77.13,73900,67.62
20080728,77.20,77.32,77.18,77.29,71800,67.76
20080725,77.17,77.21,77.00,77.17,59700,67.65
20080724,77.03,77.30,77.02,77.30,109600,67.76
20080723,76.88,76.96,76.61,76.95,94100,67.46
20080722,76.90,76.99,76.82,76.85,88400,67.37
20080721,76.91,77.05,76.81,77.04,78100,67.54
20080718,77.14,77.22,76.85,76.99,99100,67.49
20080717,77.18,77.29,76.98,77.05,119000,67.55
20080716,77.39,77.46,77.22,77.28,121000,67.75
20080715,77.44,77.57,77.36,77.47,69700,67.91
20080714,77.41,77.52,77.18,77.45,53200,67.90
20080711,77.49,77.60,77.16,77.24,66700,67.71
20080710,77.51,77.55,77.39,77.50,83900,67.94
20080709,77.33,77.52,77.06,77.48,125600,67.92
20080708,77.20,77.50,77.20,77.40,84400,67.85
20080707,77.28,77.47,77.11,77.36,77000,67.82
20080703,77.21,77.32,77.01,77.28,53700,67.75
20080702,77.18,77.26,77.03,77.20,71500,67.68
20080701,76.99,77.45,76.99,77.13,91700,67.62
20080630,77.08,77.39,77.08,77.37,93100,67.62
20080627,77.36,79.25,76.80,77.20,247500,67.47
20080626,76.77,77.34,76.77,77.17,100900,67.45
20080625,77.03,77.13,76.78,77.12,99600,67.40
20080624,76.92,76.98,76.77,76.94,134100,67.24
20080623,76.97,77.00,76.75,76.82,51600,67.14
20080620,77.00,77.03,76.83,76.93,73300,67.24
20080619,76.88,76.98,76.73,76.81,80000,67.13
20080618,76.90,77.02,76.79,76.98,98100,67.28
20080617,76.82,76.93,76.71,76.90,89000,67.21
20080616,76.76,76.79,76.64,76.69,37300,67.03
20080613,76.51,76.88,76.51,76.64,80600,66.98
20080612,76.89,76.97,76.67,76.71,92800,67.04
20080611,76.89,77.19,76.89,77.08,78300,67.37
20080610,77.04,77.11,76.83,76.88,113100,67.19
20080609,77.35,77.44,77.14,77.17,65600,67.45
20080606,77.37,77.90,77.37,77.62,90000,67.84
20080605,77.44,77.51,77.33,77.40,119600,67.65
20080604,77.53,77.72,77.50,77.52,75800,67.75
20080603,77.31,77.69,77.25,77.63,81200,67.85
20080602,77.37,77.50,77.31,77.44,48500,67.68
20080530,77.53,77.56,77.40,77.49,67300,67.51
20080529,77.38,77.45,77.25,77.42,95400,67.45
20080528,77.60,77.66,77.43,77.51,83900,67.53
20080527,77.80,77.86,77.63,77.68,98600,67.68
20080523,77.77,77.89,77.75,77.87,54700,67.84
20080522,77.83,77.83,77.54,77.68,92700,67.68
20080521,78.02,78.09,77.89,78.00,105900,67.95
20080520,78.10,78.15,78.01,78.04,142400,67.99
20080519,77.84,78.05,77.84,78.03,66600,67.98
20080516,77.95,78.09,77.84,77.95,120000,67.91
20080515,77.81,77.99,77.80,77.98,66800,67.94
20080514,77.89,77.89,77.58,77.73,103600,67.72
20080513,77.95,77.96,77.74,77.78,89400,67.76
20080512,78.14,78.14,77.75,77.97,57200,67.93
20080509,78.20,78.26,78.12,78.18,62800,68.11
20080508,77.96,78.12,77.87,78.10,51800,68.04
20080507,77.60,77.94,77.60,77.87,53600,67.84
20080506,77.94,77.97,77.71,77.77,67800,67.75
20080505,77.61,77.82,77.61,77.81,44400,67.79
20080502,77.61,77.80,77.51,77.70,108800,67.69
20080501,78.20,78.20,77.75,77.81,321900,67.79
20080430,78.10,78.32,77.97,78.32,73100,68.03
20080429,78.09,78.16,78.00,78.03,59000,67.77
20080428,77.78,78.04,77.78,77.98,45200,67.73
20080425,77.71,78.00,77.71,77.92,142000,67.68
20080424,77.92,78.15,77.79,77.92,75400,67.68
20080423,78.12,78.22,78.10,78.19,153600,67.91
20080422,77.93,78.18,77.93,78.18,186600,67.90
20080421,78.19,78.23,78.02,78.06,69900,67.80
20080418,78.11,78.17,77.83,78.16,58900,67.89
20080417,78.32,78.33,77.98,78.16,70300,67.89
20080416,78.53,78.56,78.23,78.30,85700,68.01
20080415,78.60,78.68,78.45,78.50,74200,68.18
20080414,78.73,78.80,78.56,78.62,48900,68.29
20080411,78.36,78.75,78.36,78.70,55600,68.36
20080410,78.44,78.73,78.44,78.49,42400,68.17
20080409,78.30,78.76,78.30,78.73,50100,68.38
20080408,78.25,78.56,78.25,78.48,90100,68.17
20080407,78.44,78.47,78.20,78.39,96900,68.09
20080404,78.33,78.67,78.33,78.55,43800,68.23
20080403,78.67,78.67,78.21,78.21,49800,67.93
20080402,78.71,78.71,77.92,78.36,80700,68.06
20080401,78.60,80.00,78.37,78.48,231600,68.17
20080331,79.02,79.12,78.93,79.03,55400,68.42
20080328,78.75,78.87,78.69,78.87,58300,68.28
20080327,78.77,78.82,78.68,78.74,48100,68.17
20080326,78.91,78.91,78.59,78.80,75700,68.22
20080325,78.83,78.83,78.50,78.58,58500,68.03
20080324,78.67,78.71,78.52,78.67,167200,68.10
20080320,79.27,79.27,78.88,79.03,82400,68.42
20080319,79.19,79.19,78.85,79.17,67000,68.54
20080318,79.04,79.20,78.74,78.74,84400,68.17
20080317,78.89,79.20,78.89,79.09,59100,68.47
20080314,78.78,79.10,78.71,79.00,48700,68.39
20080313,78.94,78.98,78.59,78.75,37500,68.17
20080312,78.64,78.87,78.44,78.87,77100,68.28
20080311,78.65,78.68,78.42,78.56,32300,68.01
20080310,78.89,79.06,78.72,78.89,65000,68.30
20080307,79.03,79.03,78.59,78.60,69400,68.04
20080306,78.85,78.92,78.70,78.76,109200,68.18
20080305,78.87,78.87,78.62,78.69,67200,68.12
20080304,78.96,79.08,78.78,78.80,53600,68.22
20080303,78.98,78.98,78.75,78.86,133600,68.27
20080229,79.08,79.18,78.93,79.14,110200,68.30
20080228,78.74,78.86,78.70,78.85,136400,68.05
20080227,78.63,78.70,78.43,78.54,65500,67.78
20080226,78.43,78.47,78.34,78.46,73400,67.71
20080225,78.46,78.49,78.22,78.30,62600,67.57
20080222,78.51,78.63,78.42,78.42,61100,67.68
20080221,78.24,78.58,78.23,78.57,60400,67.81
20080220,78.35,78.39,78.12,78.21,129400,67.50
20080219,78.49,78.59,78.22,78.23,72600,67.51
20080215,78.68,78.70,78.57,78.62,51400,67.85
20080214,78.67,78.70,78.54,78.59,76700,67.82
20080213,78.59,78.80,78.59,78.67,42400,67.89
20080212,79.39,79.39,78.46,78.68,99000,67.90
20080211,78.75,78.83,78.62,78.72,94000,67.94
20080208,78.61,78.71,78.54,78.66,87600,67.88
20080207,78.77,78.82,78.43,78.46,179700,67.71
20080206,78.86,78.86,78.59,78.69,108600,67.91
20080205,78.78,78.81,78.66,78.78,206000,67.99
20080204,78.58,78.59,78.39,78.54,185600,67.78
20080201,79.43,79.43,78.53,78.63,113500,67.86
20080131,78.86,78.87,78.61,78.80,46600,67.77
20080130,78.63,78.66,78.31,78.64,133400,67.63
20080129,78.53,78.57,78.37,78.56,118400,67.56
20080128,78.16,78.59,78.16,78.53,94400,67.54
20080125,78.40,78.68,78.01,78.68,103600,67.67
20080124,78.59,78.76,78.20,78.46,332600,67.48
20080123,79.14,79.14,78.65,78.77,188800,67.74
20080122,78.78,78.78,78.43,78.72,105200,67.70
20080118,78.27,78.35,78.08,78.35,46000,67.38
20080117,78.04,78.29,78.03,78.22,87200,67.27
20080116,78.12,78.12,77.96,78.06,56600,67.13
20080115,78.18,78.18,77.90,78.07,31000,67.14
20080114,77.92,77.96,77.85,77.93,31100,67.02
20080111,77.92,77.92,77.72,77.89,20700,66.99
20080110,77.64,77.75,77.53,77.63,25700,66.76
20080109,77.41,77.78,77.41,77.61,57600,66.75
20080108,77.54,77.68,77.45,77.68,68600,66.81
20080107,77.75,77.75,77.44,77.62,37600,66.76
20080104,77.79,77.79,77.47,77.57,47800,66.71
20080103,77.97,77.97,77.33,77.49,39300,66.64
20080102,77.15,77.40,77.12,77.39,24200,66.56
20071231,76.89,77.09,76.88,77.05,12600,66.27
20071228,76.86,76.99,76.75,76.83,42800,66.08
20071227,76.72,76.74,76.54,76.67,28200,65.94
20071226,76.41,76.69,76.41,76.53,23600,65.82
20071224,76.50,76.75,76.50,76.65,26300,65.92
20071221,77.16,77.17,76.90,76.96,96200,65.95
20071220,77.25,77.37,77.16,77.25,74600,66.20
20071219,77.19,77.26,76.97,77.13,39400,66.10
20071218,76.92,77.10,76.92,77.08,61300,66.05
20071217,76.78,76.98,76.78,76.98,90900,65.97
20071214,76.97,76.98,76.70,76.84,61600,65.85
20071213,77.09,77.09,76.87,77.00,72000,65.98
20071212,77.01,77.09,76.82,77.06,102900,66.04
20071211,76.87,77.75,76.87,77.36,94200,66.29
20071210,76.98,77.04,76.87,76.96,109100,65.95
20071207,77.03,77.10,76.89,76.95,61900,65.94
20071206,77.42,77.42,77.14,77.16,24800,66.12
20071205,77.23,77.43,77.19,77.40,48100,66.33
20071204,77.52,77.53,77.31,77.36,53300,66.29
20071203,77.40,77.40,77.25,77.39,24100,66.32
20071130,77.23,77.42,77.20,77.40,43000,66.10
20071129,77.41,77.44,77.21,77.21,38900,65.93
20071128,77.34,77.34,77.06,77.17,87000,65.90
20071127,77.75,77.75,77.21,77.39,92300,66.09
20071126,77.75,77.75,76.89,77.60,81300,66.27
20071123,77.34,77.34,77.27,77.33,19300,66.04
20071121,77.14,78.32,77.14,77.40,61400,66.10
20071120,77.10,77.16,76.97,76.97,31600,65.73
20071119,76.90,77.19,76.86,77.18,44700,65.91
20071116,76.89,76.91,76.79,76.86,46400,65.64
20071115,76.74,76.87,76.71,76.79,31000,65.58
20071114,76.43,76.57,76.43,76.53,24500,65.35
20071113,76.71,76.71,76.50,76.50,42600,65.33
20071112,76.69,76.80,76.69,76.70,22000,65.50
20071109,76.79,76.79,76.60,76.71,38500,65.51
20071108,76.58,76.74,76.50,76.60,30900,65.41
20071107,76.35,76.56,76.35,76.54,54200,65.36
20071106,76.27,76.43,76.25,76.33,39800,65.18
20071105,76.49,76.49,76.35,76.37,26200,65.22
20071102,76.18,76.49,76.11,76.39,64600,65.23
20071101,76.06,76.24,76.06,76.22,34200,65.09
20071031,76.36,76.44,76.23,76.26,31900,64.89
20071030,76.41,76.44,76.37,76.41,59200,65.01
20071029,76.39,76.43,76.35,76.38,37300,64.99
20071026,76.36,76.50,76.33,76.44,24700,65.04
20071025,76.53,76.57,76.46,76.46,35900,65.06
20071024,76.48,76.65,76.43,76.54,61200,65.12
20071023,76.29,76.38,76.22,76.30,60500,64.92
20071022,76.42,76.42,76.28,76.30,23800,64.92
20071019,76.27,76.41,76.23,76.37,26900,64.98
20071018,76.19,76.21,76.11,76.16,58500,64.80
20071017,75.81,76.11,75.81,76.09,61900,64.74
20071016,75.65,75.85,75.65,75.84,30700,64.53
20071015,75.61,75.75,75.54,75.68,50500,64.39
20071012,75.68,75.75,75.64,75.69,26000,64.40
20071011,75.54,75.77,75.54,75.76,58100,64.46
20071010,75.62,75.79,75.61,75.79,28000,64.49
20071009,75.80,75.85,75.70,75.72,74200,64.43
20071008,75.62,75.90,75.62,75.84,21700,64.53
20071005,75.76,75.79,75.70,75.78,55500,64.48
20071004,75.89,75.94,75.87,75.91,20300,64.59
20071003,75.91,75.94,75.85,75.90,18700,64.58
20071002,75.79,75.96,75.79,75.89,17400,64.57
20071001,76.03,76.03,75.76,75.84,76800,64.53
20070928,76.20,76.25,76.10,76.13,164300,64.55
20070927,76.03,76.17,76.03,76.12,75900,64.55
20070926,75.96,76.09,75.90,76.05,55600,64.49
20070925,76.12,76.16,75.96,75.96,93200,64.41
20070924,75.91,75.98,75.88,75.97,14100,64.42
20070921,75.83,75.97,75.78,75.96,33500,64.41
20070920,75.95,75.97,75.80,75.85,31700,64.32
20070919,76.01,76.02,75.92,76.01,41400,64.45
20070918,75.80,75.99,75.69,75.99,63000,64.44
20070917,75.82,75.82,75.75,75.79,13700,64.27
20070914,75.96,75.97,75.78,75.89,27200,64.35
20070913,75.90,75.92,75.79,75.82,17300,64.29
20070912,76.02,76.02,75.93,75.97,52200,64.42
20070911,76.05,76.08,75.97,75.97,33300,64.42
20070910,76.05,76.17,76.00,76.10,13400,64.53
20070907,75.87,76.07,75.87,76.01,38000,64.45
20070906,75.76,75.82,75.70,75.79,49700,64.27
20070905,75.73,75.87,75.73,75.85,29100,64.32
20070904,75.65,75.66,75.56,75.62,28100,64.12
20070831,75.80,76.21,74.94,75.93,43300,64.14
20070830,75.96,75.99,75.88,75.96,67100,64.17
20070829,75.90,75.96,75.75,75.83,73500,64.06
20070828,75.70,75.94,75.70,75.94,23700,64.15
20070827,75.55,75.71,75.41,75.71,103500,63.95
20070824,75.64,75.67,75.51,75.62,31500,63.88
20070823,75.62,75.71,75.57,75.57,54000,63.84
20070822,75.71,75.80,75.71,75.74,40900,63.98
20070821,75.93,76.02,75.76,75.97,72300,64.17
20070820,75.74,75.84,75.71,75.79,35600,64.02
20070817,75.75,75.77,75.63,75.72,38500,63.96
20070816,75.60,75.84,75.56,75.64,104800,63.90
20070815,75.46,75.55,75.40,75.55,22500,63.82
20070814,75.22,75.37,75.21,75.31,11200,63.62
20070813,75.16,75.31,75.14,75.24,31100,63.56
20070810,75.32,75.36,75.17,75.21,45700,63.53
20070809,75.22,75.26,75.17,75.25,92300,63.57
20070808,75.08,75.09,74.90,75.04,65100,63.39
20070807,75.14,75.23,75.07,75.12,42700,63.46
20070806,75.19,75.35,75.13,75.15,30900,63.48
20070803,75.18,75.32,75.18,75.32,31400,63.63
20070802,75.06,75.15,74.95,75.14,79800,63.47
20070801,75.13,75.19,75.06,75.10,30100,63.44
20070731,75.26,75.36,75.22,75.36,30200,63.44
20070730,75.38,75.44,75.30,75.35,41100,63.43
20070727,75.32,75.43,75.02,75.41,43200,63.48
20070726,75.35,75.43,75.16,75.35,51100,63.43
20070725,75.07,75.18,75.06,75.11,35400,63.23
20070724,75.05,75.12,75.02,75.12,132400,63.23
20070723,74.99,75.01,74.94,75.00,11100,63.13
20070720,74.93,75.04,74.93,74.96,99400,63.10
20070719,74.87,74.88,74.78,74.86,19200,63.02
20070718,74.83,74.97,74.81,74.94,41900,63.08
20070717,74.82,74.85,74.78,74.85,31100,63.01
20070716,74.72,74.83,74.69,74.83,53900,62.99
20070713,74.80,74.80,74.70,74.72,16300,62.90
20070712,74.84,74.84,74.70,74.74,395600,62.91
20070711,74.89,74.89,74.78,74.81,44600,62.97
20070710,74.65,74.81,74.65,74.81,33900,62.97
20070709,74.53,74.64,74.53,74.63,47700,62.82
20070706,74.65,74.65,74.54,74.54,70700,62.75
20070705,74.72,74.72,74.55,74.60,32000,62.80
20070703,74.89,74.90,74.75,74.80,38700,62.96
20070702,74.76,74.82,74.73,74.82,15200,62.98
20070629,74.92,74.98,74.90,74.97,28000,62.88
20070628,74.90,74.94,74.85,74.88,54800,62.80
20070627,74.99,75.02,74.88,74.92,37900,62.84
20070626,74.90,74.93,74.87,74.92,36200,62.84
20070625,74.83,74.93,74.83,74.91,45900,62.83
20070622,74.69,74.80,74.68,74.80,41900,62.74
20070621,74.75,74.78,74.71,74.76,15100,62.70
20070620,74.73,74.77,74.67,74.75,17000,62.70
20070619,74.50,74.74,74.50,74.74,104600,62.69
20070618,74.65,74.65,74.61,74.65,10900,62.61
20070615,74.47,74.62,74.47,74.62,34300,62.59
20070614,74.53,74.53,74.44,74.52,82000,62.50
20070613,74.46,74.55,74.46,74.52,21900,62.50
20070612,74.58,74.60,74.46,74.47,77000,62.46
20070611,74.58,74.64,74.52,74.59,64300,62.56
20070608,74.44,74.56,74.44,74.54,13200,62.52
20070607,74.65,74.75,74.53,74.55,109200,62.53
20070606,74.63,74.72,74.63,74.69,26700,62.64
20070605,74.69,74.69,74.58,74.63,33100,62.59
20070604,74.67,74.70,74.64,74.69,27000,62.64
20070601,74.70,74.74,74.65,74.65,52800,62.61
20070531,75.05,75.05,74.96,75.05,42200,62.73
20070530,75.10,75.10,75.07,75.07,23300,62.75
20070529,75.08,75.12,75.02,75.03,51500,62.72
20070525,75.12,75.14,75.08,75.12,74700,62.79
20070524,75.09,75.10,75.03,75.08,14300,62.76
20070523,75.08,75.10,75.03,75.05,75100,62.73
20070522,75.14,75.17,75.07,75.07,79000,62.75
20070521,75.10,75.11,75.06,75.11,45600,62.78
20070518,75.15,75.20,73.68,75.06,71900,62.74
20070517,75.20,75.20,75.14,75.14,29800,62.81
20070516,75.22,75.24,75.18,75.20,80300,62.86
20070515,75.24,75.24,75.14,75.19,65400,62.85
20070514,75.21,75.24,75.20,75.22,23400,62.87
20070511,75.31,75.32,75.22,75.23,8800,62.88
20070510,75.26,75.26,75.21,75.22,16000,62.87
20070509,75.31,75.31,75.19,75.27,47800,62.92
20070508,75.28,75.32,75.23,75.26,26600,62.91
20070507,75.23,75.25,75.22,75.24,18800,62.89
20070504,75.24,75.27,75.20,75.24,33000,62.89
20070503,75.19,75.21,75.17,75.17,35700,62.83
20070502,75.27,75.28,75.20,75.21,45200,62.87
20070501,75.38,75.38,75.21,75.26,50400,62.91
20070430,75.29,75.37,75.29,75.35,57600,62.91
20070427,75.28,75.29,75.19,75.21,22400,62.79
20070426,75.30,75.30,75.22,75.22,16400,62.80
20070425,75.36,75.38,75.30,75.31,30000,62.88
20070424,75.32,75.38,75.24,75.33,90400,62.89
20070423,75.24,75.36,75.24,75.29,1049800,62.86
20070420,75.22,75.25,75.22,75.25,28800,62.83
20070419,75.23,75.23,75.19,75.21,39000,62.79
20070418,75.14,75.23,75.12,75.19,52200,62.78
20070417,75.01,75.12,75.01,75.09,83700,62.69
20070416,74.96,75.00,74.95,75.00,52900,62.62
20070413,74.99,74.99,74.88,74.91,33800,62.54
20070412,75.10,75.12,75.08,75.12,41800,62.72
20070411,74.96,75.05,74.95,74.95,18500,62.58
20070410,74.96,74.99,74.96,74.99,15800,62.61
