20140814,108.88,109.80,108.14,109.51,28000,109.51
20140813,107.47,108.15,107.32,108.13,12700,108.13
20140812,108.23,108.29,107.27,107.37,59400,107.37
20140811,108.53,108.81,108.01,108.40,36400,108.40
20140808,109.02,109.53,108.13,108.33,45800,108.33
20140807,107.34,108.48,107.34,108.44,21400,108.44
20140806,108.20,108.20,107.00,107.13,56800,107.13
20140805,106.28,107.46,105.58,107.00,17000,107.00
20140804,106.66,107.18,106.32,106.35,18700,106.35
20140801,105.73,107.64,105.05,106.89,110000,106.89
20140731,105.29,106.96,105.29,106.29,126200,106.29
20140730,107.92,108.23,106.28,106.46,76100,106.46
20140729,108.75,109.07,108.22,108.88,45800,108.88
20140728,108.47,108.86,107.64,108.21,42000,108.21
20140725,107.68,108.48,107.52,108.46,87700,108.46
20140724,106.63,106.70,106.03,106.33,24000,106.33
20140723,107.74,107.94,107.46,107.52,13700,107.52
20140722,107.42,107.84,106.77,107.59,22000,107.59
20140721,107.18,108.07,107.18,107.54,45900,107.54
20140718,107.10,107.10,105.83,106.55,30800,106.55
20140717,105.87,107.00,105.46,106.98,75500,106.98
20140716,104.47,104.94,104.37,104.76,58100,104.76
20140715,103.92,104.76,103.48,104.17,14500,104.17
20140714,104.54,104.82,104.07,104.43,30700,104.43
20140711,104.57,105.08,104.51,104.84,15300,104.84
20140710,104.83,105.20,103.82,103.82,40800,103.82
20140709,103.61,104.39,103.46,103.87,28800,103.87
20140708,103.06,104.07,103.06,103.82,74300,103.82
20140707,100.32,102.50,100.00,102.04,203400,102.04
20140703,101.13,101.38,100.69,101.31,124400,101.31
20140702,102.52,102.81,101.51,101.88,71100,101.88
20140701,103.66,104.05,103.12,103.35,44300,103.35
20140630,104.60,105.13,104.27,104.74,76600,104.74
20140627,105.06,105.19,104.28,104.56,69300,104.56
20140626,104.32,105.32,104.32,104.70,32200,104.70
20140625,104.23,104.50,103.68,103.71,18200,103.71
20140624,102.83,103.45,102.42,103.45,19900,103.45
20140623,102.97,103.08,101.78,101.82,33300,101.82
20140620,102.26,103.28,102.06,103.24,28000,102.36
20140619,104.46,104.54,102.10,102.46,24100,101.59
20140618,103.62,104.44,103.32,104.18,15000,103.29
20140617,104.12,104.12,103.11,103.39,55800,102.51
20140616,104.22,104.65,103.74,104.41,72100,103.52
20140613,103.33,104.84,103.33,104.05,36100,103.17
20140612,102.84,104.30,102.23,103.96,34500,103.08
20140611,102.90,103.00,101.91,102.75,93300,101.88
20140610,102.29,102.73,102.12,102.32,18300,101.45
20140609,103.00,103.20,102.59,102.85,25700,101.98
20140606,103.93,104.30,103.02,103.19,38500,102.31
20140605,102.35,103.56,102.04,103.03,50300,102.15
20140604,103.16,103.39,102.64,102.95,26300,102.07
20140603,104.19,104.48,103.00,103.01,39200,102.13
20140602,104.85,105.89,104.35,104.88,80600,103.99
20140530,105.73,106.50,105.61,105.91,136600,105.01
20140529,107.05,107.50,106.24,106.27,26700,105.37
20140528,106.19,107.09,106.10,107.00,72100,106.09
20140527,104.50,105.06,103.72,105.06,78700,104.17
20140523,103.93,104.48,103.65,104.12,47000,103.23
20140522,103.48,103.62,102.50,103.15,55200,102.27
20140521,103.47,103.67,102.75,103.37,83500,102.49
20140520,103.82,105.17,103.76,104.39,39300,103.50
20140519,106.07,106.10,103.94,104.00,28000,103.12
20140516,105.55,106.14,105.18,105.23,54600,104.34
20140515,105.69,106.50,105.35,105.77,77300,104.87
20140514,104.02,104.93,104.01,104.44,41600,103.55
20140513,102.18,102.64,102.12,102.64,47800,101.77
20140512,101.67,101.99,101.07,101.41,34200,100.55
20140509,102.57,102.89,101.80,102.17,29300,101.30
20140508,103.91,104.35,102.44,102.53,54100,101.66
20140507,104.04,104.37,103.40,103.49,60300,102.61
20140506,103.63,104.63,103.58,104.34,28100,103.45
20140505,104.77,104.88,103.50,103.58,41400,102.70
20140502,103.41,105.15,102.59,104.51,290600,103.62
20140501,101.72,103.57,101.71,103.19,102300,102.31
20140430,101.26,102.07,101.01,101.74,172000,100.87
20140429,100.64,101.44,100.57,101.33,132600,100.47
20140428,102.17,102.45,101.47,101.60,34900,100.74
20140425,102.73,103.35,102.56,102.56,32700,101.69
20140424,101.24,102.28,101.21,102.21,32000,101.34
20140423,101.63,102.18,101.43,101.80,26000,100.93
20140422,100.27,101.32,100.05,101.32,67200,100.46
20140421,101.13,101.43,100.50,100.67,25500,99.81
20140417,102.56,102.63,100.12,100.44,64300,99.59
20140416,101.06,102.33,101.00,102.33,64600,101.46
20140415,101.13,102.48,100.81,101.95,91400,101.08
20140414,101.00,102.00,100.75,100.92,114800,100.06
20140411,100.90,101.31,100.21,101.21,70900,100.35
20140410,98.87,100.22,98.83,99.97,47800,99.12
20140409,98.76,99.44,98.40,98.58,59600,97.74
20140408,98.80,99.45,98.50,99.37,45900,98.52
20140407,98.26,99.11,98.12,98.95,51400,98.11
20140404,97.46,98.34,97.46,98.05,21400,97.22
20140403,97.12,97.61,97.01,97.17,91200,96.34
20140402,96.86,97.06,96.44,96.50,41500,95.68
20140401,98.02,98.20,97.50,97.50,109300,96.67
20140331,98.51,99.01,97.69,98.83,102200,97.99
20140328,99.91,99.92,98.63,99.20,25600,98.36
20140327,99.59,100.57,99.24,99.96,32100,99.11
20140326,98.03,99.18,98.03,99.03,28800,98.19
20140325,97.89,98.41,97.59,98.19,56800,97.35
20140324,97.32,98.68,97.11,98.68,17700,97.84
20140321,97.10,98.26,97.10,98.18,10700,96.58
20140320,96.44,97.13,96.44,96.51,14300,94.94
20140319,97.20,97.25,95.52,96.70,49800,95.13
20140318,96.87,97.57,96.87,97.57,19600,95.98
20140317,97.82,97.89,97.00,97.00,25600,95.42
20140314,98.64,98.84,97.74,98.22,247200,96.62
20140313,95.54,98.05,95.54,97.95,43200,96.36
20140312,96.08,96.30,95.88,95.97,37900,94.41
20140311,94.70,95.17,94.46,95.13,20100,93.58
20140310,94.62,94.84,94.40,94.61,93200,93.07
20140307,94.14,94.91,94.07,94.61,59900,93.07
20140306,95.63,95.98,95.45,95.50,32800,93.95
20140305,96.43,97.16,96.41,96.82,129100,95.24
20140304,97.90,97.90,96.49,96.49,61900,94.92
20140303,98.83,98.94,98.21,98.93,95000,97.32
20140228,97.42,97.91,96.65,97.73,48600,96.14
20140227,97.39,97.76,97.00,97.54,14500,95.95
20140226,96.07,96.79,96.01,96.79,28200,95.22
20140225,95.37,96.05,95.37,96.05,61000,94.49
20140224,95.12,95.12,94.68,94.89,10000,93.35
20140221,94.36,95.14,94.36,95.14,9100,93.59
20140220,94.71,94.85,93.82,94.21,40600,92.68
20140219,95.71,95.71,94.57,94.67,66600,93.13
20140218,95.04,95.69,94.95,95.23,78800,93.68
20140214,94.91,95.07,94.63,94.87,331500,93.33
20140213,95.10,95.23,94.73,94.92,35800,93.38
20140212,94.72,94.72,93.95,94.21,21700,92.68
20140211,95.25,95.47,94.58,95.10,20200,93.55
20140210,94.95,95.89,94.95,95.66,16600,94.10
20140207,94.73,96.00,94.67,95.34,47900,93.79
20140206,95.65,95.86,95.08,95.44,31000,93.89
20140205,96.81,96.87,95.81,96.10,117000,94.54
20140204,98.06,98.16,97.28,97.54,125400,95.95
20140203,97.19,99.13,96.84,99.12,164400,97.51
20140131,97.20,97.43,96.81,97.39,84500,95.81
20140130,96.38,96.56,95.81,96.36,29500,94.79
20140129,95.91,97.00,95.60,96.75,78200,95.18
20140128,95.48,95.57,95.09,95.57,66700,94.02
20140127,96.12,96.63,95.35,95.43,76300,93.88
20140124,96.21,96.42,95.72,96.35,137000,94.78
20140123,94.26,95.76,94.26,95.44,20300,93.89
20140122,93.76,94.08,93.50,93.58,109200,92.06
20140121,94.00,94.23,93.72,93.95,241900,92.42
20140117,92.87,93.95,92.70,93.66,244300,92.14
20140116,92.84,93.10,92.67,93.03,6700,91.52
20140115,91.87,92.30,91.73,92.30,133300,90.80
20140114,92.46,92.78,92.11,92.11,7500,90.61
20140113,92.39,93.20,92.37,93.03,26400,91.52
20140110,91.15,92.43,91.15,92.31,52700,90.81
20140109,90.55,90.62,89.90,90.61,21300,89.14
20140108,89.62,90.14,89.30,90.04,92900,88.58
20140107,89.91,90.27,89.70,90.04,10000,88.58
20140106,89.50,90.30,89.50,89.79,32000,88.33
20140103,88.86,89.49,88.80,89.09,11300,87.64
20140102,88.59,89.49,88.59,89.24,12800,87.79
20131231,89.50,89.82,88.14,88.77,41500,87.33
20131230,89.18,89.87,89.18,89.62,27900,88.16
20131227,89.06,89.32,88.67,88.89,200300,87.44
20131226,89.63,89.65,89.16,89.28,8100,87.83
20131224,90.54,90.54,89.93,90.03,16500,88.57
20131223,91.25,91.50,90.79,90.79,8400,89.31
20131220,91.06,91.45,90.20,91.45,13400,89.96
20131219,91.87,91.87,91.26,91.32,10200,87.64
20131218,91.46,92.71,90.47,91.41,59000,87.72
20131217,91.19,92.00,91.16,91.74,10600,88.04
20131216,92.38,92.68,91.32,91.57,61000,87.88
20131213,91.60,91.75,91.57,91.75,7600,88.05
20131212,91.65,91.86,91.15,91.32,39100,87.64
20131211,92.21,92.33,91.66,91.67,9800,87.97
20131210,92.61,92.80,92.32,92.76,11400,89.02
20131209,91.34,91.89,91.34,91.50,6300,87.81
20131206,90.96,91.30,90.75,91.28,14200,87.60
20131205,90.94,91.40,90.70,90.74,88300,87.08
20131204,91.38,91.50,90.84,91.14,20000,87.47
20131203,92.11,92.67,92.11,92.59,3200,88.86
20131202,92.40,92.60,91.93,91.98,6900,88.27
20131129,92.50,92.86,92.48,92.86,4400,89.12
20131127,93.06,93.06,92.29,92.50,5500,88.77
20131126,92.86,93.29,92.86,93.12,9000,89.37
20131125,91.86,92.81,91.86,92.34,5900,88.62
20131122,91.42,92.30,91.42,92.05,19100,88.34
20131121,90.21,91.00,89.64,90.64,13900,86.99
20131120,92.92,93.00,90.43,90.49,14200,86.84
20131119,93.56,93.71,92.86,93.14,19900,89.39
20131118,92.84,94.12,92.84,94.12,3700,90.33
20131115,92.78,93.06,92.59,93.06,15100,89.31
20131114,92.50,93.76,92.36,92.91,55900,89.16
20131113,92.08,92.18,91.85,91.96,29300,88.25
20131112,91.38,91.60,91.18,91.47,3700,87.78
20131111,91.18,91.49,91.00,91.05,8900,87.38
20131108,92.55,92.55,91.30,91.30,266000,87.62
20131107,93.42,94.86,93.42,94.85,6800,91.03
20131106,93.50,93.51,93.11,93.50,5800,89.73
20131105,95.00,95.00,93.80,93.94,13700,90.15
20131104,95.74,96.03,95.31,95.38,36400,91.53
20131101,96.41,96.46,95.50,95.50,59700,91.65
20131031,97.16,97.39,96.32,97.10,51200,93.19
20131030,97.50,97.65,97.03,97.03,2500,93.12
20131029,97.00,97.46,97.00,97.37,7200,93.44
20131028,97.80,97.96,97.55,97.67,4900,93.73
20131025,97.88,98.26,97.78,97.86,7300,93.91
20131024,98.44,98.44,97.54,97.63,11300,93.69
20131023,97.78,98.80,97.78,98.00,6400,94.05
20131022,97.00,97.81,96.98,97.47,8800,93.54
20131021,96.49,96.49,95.72,95.81,12500,91.95
20131018,96.65,97.04,96.47,96.83,3900,92.93
20131017,95.59,96.49,95.38,96.36,24900,92.48
20131016,93.34,94.79,92.89,94.79,15200,90.97
20131015,93.67,93.97,92.96,92.96,75100,89.21
20131014,94.40,94.45,92.96,93.50,9000,89.73
20131011,95.54,95.68,94.30,94.60,250300,90.79
20131010,93.18,94.25,92.79,94.22,6500,90.42
20131009,95.09,95.09,93.82,93.82,11000,90.04
20131008,94.85,95.73,94.85,95.21,7400,91.37
20131007,94.77,95.25,94.77,94.95,4200,91.12
20131004,94.16,94.42,93.87,94.41,32500,90.60
20131003,94.83,95.16,94.50,94.54,145600,90.73
20131002,94.64,95.32,94.64,94.72,5400,90.90
20131001,94.97,94.97,94.26,94.63,7500,90.82
20130930,95.50,95.99,94.97,95.30,36100,91.46
20130927,94.87,95.80,94.87,95.27,16600,91.43
20130926,95.75,95.75,95.19,95.30,4700,91.46
20130925,95.93,96.50,95.73,96.35,7800,92.47
20130924,95.00,96.42,94.92,96.42,42100,92.53
20130923,93.89,94.59,93.73,94.24,23100,90.44
20130920,94.04,94.42,94.04,94.28,13300,89.92
20130919,94.00,94.00,92.74,93.04,13500,88.73
20130918,92.48,95.24,91.72,93.74,36400,89.40
20130917,91.71,92.56,91.54,92.56,10900,88.28
20130916,92.87,93.10,91.30,91.35,21000,87.12
20130913,92.86,93.00,91.93,92.17,241300,87.90
20130912,93.12,93.30,92.09,92.09,13800,87.83
20130911,91.61,92.25,90.99,91.96,14500,87.70
20130910,92.00,92.63,91.24,91.30,29100,87.07
20130909,93.35,93.35,92.23,92.23,17000,87.96
20130906,93.00,93.13,92.18,92.18,6300,87.91
20130905,93.25,93.25,91.80,91.87,14800,87.62
20130904,94.50,94.50,93.76,94.06,10200,89.71
20130903,94.79,94.79,93.15,94.04,15100,89.69
20130830,95.89,96.97,95.56,96.29,297400,91.83
20130829,93.89,96.11,93.89,96.05,21900,91.60
20130828,94.97,95.09,93.98,94.81,75200,90.42
20130827,94.17,96.00,94.17,95.92,102700,91.48
20130826,93.47,93.99,93.18,93.82,24900,89.48
20130823,91.10,93.25,91.10,93.11,23000,88.80
20130822,90.26,91.40,90.10,91.40,17900,87.17
20130821,90.50,91.16,89.95,90.01,24000,85.84
20130820,90.63,91.46,90.63,91.20,24500,86.98
20130819,90.90,91.09,90.15,90.50,24400,86.31
20130816,91.44,92.20,90.80,92.00,38600,87.74
20130815,92.65,93.20,92.05,92.05,45100,87.79
20130814,94.00,94.35,93.74,94.08,28600,89.73
20130813,93.97,94.12,93.70,93.76,6200,89.42
20130812,97.12,97.16,95.84,95.84,6600,91.40
20130809,95.88,96.37,95.87,96.18,1400,91.73
20130808,96.50,97.22,96.34,96.34,5100,91.88
20130807,95.30,96.36,95.30,96.19,7600,91.74
20130806,94.28,95.18,94.16,94.97,6900,90.57
20130805,95.30,95.40,94.56,94.63,7500,90.25
20130802,93.57,95.85,93.51,95.74,20700,91.31
20130801,94.89,95.85,94.00,94.46,51700,90.09
20130731,95.01,97.40,94.89,97.40,28200,92.89
20130730,97.16,97.19,96.36,96.53,13600,92.06
20130729,97.56,97.56,96.51,96.82,3600,92.34
20130726,97.61,98.00,97.14,98.00,8400,93.46
20130725,96.20,96.92,96.20,96.89,7600,92.41
20130724,97.66,97.66,96.65,97.24,61100,92.74
20130723,98.83,99.15,98.31,98.85,12100,94.28
20130722,99.63,100.18,99.25,99.43,7100,94.83
20130719,97.86,99.14,97.86,99.14,7600,94.55
20130718,98.31,98.40,96.81,96.81,11000,92.33
20130717,99.42,99.62,98.58,99.20,13600,94.61
20130716,98.45,98.72,98.26,98.72,24000,94.15
20130715,97.40,98.07,97.40,98.07,4100,93.53
20130712,98.20,98.67,96.91,97.91,19000,93.38
20130711,97.25,97.52,96.56,97.40,9800,92.89
20130710,97.00,97.00,95.70,95.98,16300,91.54
20130709,97.50,97.70,96.75,97.21,13600,92.71
20130708,96.94,97.67,96.85,97.17,23700,92.67
20130705,98.16,98.16,95.98,95.98,22400,91.54
20130703,101.45,101.71,101.03,101.03,5400,96.35
20130702,101.58,102.29,101.38,101.39,6300,96.70
20130701,100.87,101.74,100.15,101.58,82100,96.88
20130628,99.20,101.16,99.02,101.05,11500,96.37
20130627,99.56,100.04,99.00,99.64,14600,95.03
20130626,98.85,99.08,97.84,98.17,7200,93.63
20130625,98.74,98.93,97.75,97.75,22100,93.23
20130624,97.48,99.45,97.29,98.85,38100,94.28
20130621,100.71,101.50,99.00,99.00,56600,93.58
20130620,102.28,102.78,100.11,101.25,64000,95.71
20130619,105.91,105.91,103.02,104.61,13800,98.88
20130618,105.06,105.42,104.75,105.37,8900,99.60
20130617,106.80,106.80,105.04,105.04,28800,99.29
20130614,106.75,107.14,106.22,106.43,9500,100.61
20130613,105.35,106.43,105.00,106.25,23100,100.44
20130612,105.80,106.00,103.93,103.99,20700,98.30
20130611,104.13,106.29,103.91,106.18,20500,100.37
20130610,103.93,105.09,103.93,104.38,34400,98.67
20130607,106.76,107.31,105.42,105.50,23000,99.73
20130606,107.66,110.03,107.14,108.11,32100,102.19
20130605,106.77,108.06,106.73,107.97,20800,102.06
20130604,106.47,106.89,106.00,106.11,12700,100.30
20130603,105.66,108.46,105.66,107.70,34600,101.81
20130531,106.70,107.00,104.82,106.83,51400,100.98
20130530,107.86,107.98,106.83,107.26,9600,101.39
20130529,106.94,107.68,106.85,107.66,34300,101.77
20130528,108.82,109.01,105.98,105.98,82000,100.18
20130524,109.97,110.75,109.75,109.96,12200,103.94
20130523,110.31,110.63,108.63,109.53,46800,103.54
20130522,111.42,111.84,108.50,108.91,70700,102.95
20130521,109.65,110.97,109.08,110.95,25200,104.88
20130520,110.79,110.82,109.71,109.74,26500,103.73
20130517,111.10,111.34,110.00,110.19,17200,104.16
20130516,111.20,112.45,111.16,111.90,14800,105.78
20130515,110.67,110.77,109.06,110.23,19200,104.20
20130514,111.88,111.92,109.27,109.40,29800,103.41
20130513,111.13,111.56,110.86,111.20,32300,105.11
20130510,114.01,114.01,111.28,112.45,31100,106.30
20130509,115.15,116.14,114.20,114.20,15100,107.95
20130508,114.58,115.39,114.57,114.64,11900,108.37
20130507,114.54,114.91,114.30,114.50,58900,108.23
20130506,115.88,116.02,114.76,115.14,47300,108.84
20130503,117.41,117.43,115.63,115.70,51700,109.37
20130502,119.38,120.00,119.38,119.93,96500,113.37
20130501,119.24,120.51,119.24,120.00,32200,113.43
20130430,118.84,119.26,117.98,118.40,16800,111.92
20130429,119.40,119.41,118.25,118.25,21100,111.78
20130426,118.53,119.07,118.40,119.03,14700,112.52
20130425,117.50,117.51,117.27,117.29,42500,110.87
20130424,117.75,118.13,117.67,118.10,9800,111.64
20130423,119.03,119.20,117.69,117.70,46700,111.26
20130422,118.12,118.86,118.12,118.46,26400,111.98
20130419,118.54,118.57,118.01,118.23,15500,111.76
20130418,118.24,118.93,118.01,118.73,26300,112.23
20130417,118.07,119.22,117.94,118.31,34700,111.84
20130416,117.05,117.86,116.90,117.00,27800,110.60
20130415,117.24,118.57,116.96,118.31,29400,111.84
20130412,116.07,116.96,115.48,116.96,10500,110.56
20130411,114.47,114.70,113.95,114.28,14400,108.03
20130410,115.06,115.06,114.05,114.05,24700,107.81
20130409,117.15,117.38,116.22,116.37,18900,110.00
20130408,118.21,118.34,116.83,117.09,26600,110.68
20130405,118.23,119.00,117.77,118.17,33400,111.70
20130404,113.33,114.42,113.09,114.39,39200,108.13
20130403,111.45,112.77,111.45,112.53,24000,106.37
20130402,111.15,111.18,110.75,110.99,15500,104.92
20130401,110.29,111.99,110.27,111.30,8000,105.21
20130328,111.00,111.42,110.32,110.32,31400,104.28
20130327,111.02,111.78,111.02,111.29,78100,105.20
20130326,109.37,110.16,109.09,110.00,8200,103.98
20130325,108.88,110.24,108.88,109.81,39500,103.80
20130322,109.86,110.18,109.34,109.74,22600,103.73
20130321,109.76,110.58,109.49,110.57,99300,103.79
20130320,109.71,110.01,108.82,108.98,9400,102.30
20130319,109.56,111.28,109.56,110.75,29600,103.96
20130318,109.94,109.97,109.14,109.66,17900,102.93
20130315,108.00,108.60,107.93,108.33,39800,101.69
20130314,107.45,108.25,107.45,107.60,7800,101.00
20130313,107.65,108.57,107.63,108.08,40700,101.45
20130312,107.69,108.50,107.68,108.33,14800,101.69
20130311,107.52,107.70,107.25,107.25,10900,100.67
20130308,107.43,108.00,107.00,107.29,37100,100.71
20130307,109.28,109.56,108.55,108.98,19900,102.30
20130306,110.59,110.79,109.90,109.95,19700,103.21
20130305,111.95,111.95,111.29,111.62,4200,104.77
20130304,112.91,112.99,112.00,112.19,14400,105.31
20130301,112.60,113.31,112.43,112.74,67600,105.83
20130228,111.93,112.27,111.51,111.88,7100,105.02
20130227,113.52,113.52,111.46,111.89,5100,105.03
20130226,112.54,113.67,112.18,112.18,10500,105.30
20130225,109.02,113.35,109.00,113.35,21100,106.40
20130222,109.96,110.59,109.94,110.38,10400,103.61
20130221,110.10,110.40,109.65,110.02,27500,103.27
20130220,108.37,109.28,108.00,109.20,7400,102.50
20130219,109.96,110.02,108.82,108.83,7700,102.16
20130215,109.41,109.68,109.25,109.68,7200,102.95
20130214,109.28,110.16,108.99,109.90,10200,103.16
20130213,108.50,109.15,108.50,108.85,16700,102.17
20130212,109.93,110.33,109.38,109.87,23200,103.13
20130211,110.20,110.76,110.17,110.45,16100,103.68
20130208,109.25,110.19,109.25,110.11,4400,103.36
20130207,110.00,110.69,109.84,109.84,28800,103.10
20130206,109.17,109.97,108.67,109.73,29000,103.00
20130205,109.37,109.40,108.57,108.70,33300,102.03
20130204,109.58,110.50,109.42,110.12,14200,103.37
20130201,111.48,111.48,108.36,108.44,17300,101.79
20130131,109.91,110.35,109.67,110.17,16500,103.41
20130130,109.69,109.86,108.95,109.85,26200,103.11
20130129,111.02,111.60,110.00,110.10,21300,103.35
20130128,110.00,111.17,110.00,111.13,16100,104.31
20130125,112.38,112.39,111.24,111.46,55100,104.62
20130124,114.24,114.24,113.20,113.83,78200,106.85
20130123,114.64,115.00,114.20,114.63,9700,107.60
20130122,113.43,114.66,113.42,114.45,5200,107.43
20130118,113.66,114.41,113.63,114.40,13400,107.38
20130117,113.54,113.55,112.55,113.01,26300,106.08
20130116,115.31,115.32,114.47,114.58,10700,107.55
20130115,115.07,115.32,114.56,114.56,23200,107.53
20130114,114.50,114.75,113.70,113.93,26800,106.94
20130111,112.44,114.27,112.25,114.27,12200,107.26
20130110,112.52,113.10,111.90,112.77,16700,105.85
20130109,112.84,113.55,112.73,113.26,95900,106.31
20130108,112.55,113.16,112.51,112.69,76400,105.78
20130107,111.57,112.29,111.45,111.89,14100,105.03
20130104,110.65,111.91,110.26,111.56,37600,104.72
20130103,113.00,113.23,110.89,111.08,39300,104.27
20130102,113.78,113.89,113.08,113.31,99900,106.36
20121231,118.54,118.54,115.56,116.00,79500,108.89
20121228,118.98,119.28,118.35,118.94,16200,111.65
20121227,117.80,119.18,117.15,118.27,69000,111.02
20121226,116.96,117.74,116.96,117.62,37900,110.41
20121224,116.94,117.16,116.61,117.15,17500,109.97
20121221,117.45,117.59,116.66,117.39,20200,110.19
20121220,116.57,116.57,114.69,115.51,21600,108.43
20121219,121.37,122.34,121.17,121.37,27800,108.17
20121218,122.25,122.42,119.83,120.60,35800,107.48
20121217,125.28,125.28,122.74,122.78,34500,109.43
20121214,124.75,125.41,124.71,125.34,9500,111.71
20121213,123.14,124.51,123.14,124.00,15700,110.51
20121212,125.67,126.38,123.97,124.06,29100,110.57
20121211,126.36,126.50,125.83,126.04,13000,112.33
20121210,127.56,127.72,126.99,127.56,20500,113.69
20121207,126.81,127.59,126.68,126.81,29100,113.02
20121206,128.70,129.11,128.26,128.47,13200,114.50
20121205,128.29,128.29,127.88,128.07,5900,114.14
20121204,127.60,128.19,127.21,128.19,28100,114.25
20121203,125.88,127.34,125.38,127.03,72400,113.21
20121130,128.07,128.07,126.63,126.73,5400,112.95
20121129,126.86,127.56,126.61,127.50,4500,113.63
20121128,128.74,129.18,127.51,127.73,23600,113.84
20121127,128.30,128.30,127.16,127.71,42800,113.82
20121126,128.01,128.05,127.05,127.31,14700,113.46
20121123,126.55,126.70,126.10,126.10,10000,112.38
20121121,126.34,126.63,125.89,126.56,8900,112.79
20121120,127.88,128.27,126.39,126.39,34800,112.64
20121119,128.15,128.63,127.57,128.51,25500,114.53
20121116,129.25,130.66,129.25,129.26,15200,115.20
20121115,128.99,130.27,128.73,129.88,17100,115.75
20121114,128.70,130.00,128.44,130.00,28200,115.86
20121113,129.25,129.95,129.06,129.94,62700,115.81
20121112,128.73,129.62,128.70,128.93,20600,114.91
20121109,128.34,128.89,127.53,128.65,33600,114.66
20121108,125.11,128.50,124.79,128.44,44800,114.47
20121107,125.62,126.27,125.26,125.50,34100,111.85
20121106,123.53,124.03,122.51,122.51,13600,109.18
20121105,124.33,124.65,123.99,124.06,24000,110.57
20121102,121.62,123.21,121.62,123.09,17700,109.70
20121101,123.88,124.28,123.07,123.33,54700,109.92
20121031,123.24,124.89,123.10,124.51,19900,110.97
20121026,121.53,123.31,121.49,123.31,23100,109.90
20121025,120.53,121.85,120.22,120.87,26200,107.72
20121024,122.53,123.05,121.87,121.87,28700,108.61
20121023,122.56,123.79,122.56,123.67,61200,110.22
20121022,121.58,122.41,121.27,121.27,13200,108.08
20121019,119.66,122.20,119.66,121.69,7900,108.45
20121018,121.04,121.57,119.00,119.52,12800,106.52
20121017,121.01,121.01,120.10,120.56,17300,107.45
20121016,123.43,123.54,122.17,122.31,9100,109.01
20121015,124.90,125.32,124.55,124.57,7900,111.02
20121012,125.30,126.15,124.85,125.23,9600,111.61
20121011,122.18,124.76,122.05,124.76,18100,111.19
20121010,121.20,123.52,121.20,123.52,13600,110.08
20121009,121.36,122.30,121.21,121.82,45300,108.57
20121008,122.01,122.28,121.67,122.17,13700,108.88
20121005,121.30,121.39,120.50,120.70,24400,107.57
20121004,124.74,125.25,123.08,123.36,14300,109.94
20121003,125.08,125.65,124.64,125.51,13600,111.86
20121002,125.13,125.87,125.13,125.48,10700,111.83
20121001,125.33,125.96,124.41,125.89,28900,112.20
20120928,125.82,126.57,124.50,125.00,15200,111.40
20120927,125.81,125.87,124.53,124.98,17000,111.39
20120926,125.94,126.54,125.67,126.54,31100,112.78
20120925,122.96,124.39,122.06,124.38,18300,110.85
20120924,122.11,122.89,122.11,122.60,11100,109.27
20120921,121.00,122.12,120.82,122.12,7000,108.01
20120920,123.19,123.19,121.64,121.98,18100,107.88
20120919,121.58,121.61,120.71,121.56,46300,107.51
20120918,120.99,120.99,119.65,119.98,28200,106.11
20120917,117.90,119.40,117.90,119.07,69300,105.31
20120914,119.22,119.64,117.06,117.30,163500,103.74
20120913,123.42,124.34,120.95,122.00,78900,107.90
20120912,123.59,123.66,122.67,123.27,20300,109.02
20120911,126.31,126.31,125.08,125.38,61600,110.89
20120910,125.35,126.40,125.30,126.40,21000,111.79
20120907,129.15,129.15,125.97,126.37,32800,111.77
20120906,128.32,128.60,127.15,127.19,21000,112.49
20120905,131.01,131.11,130.09,130.35,29700,115.29
20120904,130.55,131.83,130.54,131.55,47000,116.35
20120831,128.90,131.52,128.25,131.25,9100,116.08
20120830,129.31,129.59,128.59,128.84,15500,113.95
20120829,128.49,128.49,127.49,127.90,9200,113.12
20120828,128.60,129.33,128.34,128.64,44900,113.77
20120827,127.74,128.68,127.74,128.15,37800,113.34
20120824,128.29,128.40,126.97,127.05,32800,112.37
20120823,127.19,127.72,126.84,127.30,44100,112.59
20120822,125.48,126.65,125.00,126.65,74400,112.01
20120821,122.16,123.63,120.84,123.51,124500,109.24
20120820,122.17,123.17,122.17,122.59,32000,108.42
20120817,121.96,123.15,121.96,122.39,17000,108.25
20120816,123.22,123.80,120.80,121.40,59300,107.37
20120815,124.78,124.99,122.79,123.03,96100,108.81
20120814,126.22,126.75,125.72,125.81,56900,111.27
20120813,129.60,129.80,128.53,128.53,17400,113.68
20120810,129.66,129.71,128.66,128.68,20200,113.81
20120809,127.21,128.04,126.49,127.75,21000,112.99
20120808,129.76,130.00,128.00,128.28,27300,113.45
20120807,129.45,129.54,128.54,129.20,23700,114.27
20120806,131.85,132.55,131.41,131.48,16100,116.28
20120803,132.33,132.33,130.43,131.52,32000,116.32
20120802,134.97,136.44,134.18,134.76,51300,119.19
20120801,133.80,135.00,132.48,133.63,37000,118.19
20120731,134.68,134.85,133.10,134.67,21300,119.11
20120730,132.46,133.95,132.37,133.79,14600,118.33
20120727,134.76,134.86,130.03,132.85,51000,117.50
20120726,137.21,137.51,136.51,136.58,15600,120.80
20120725,137.73,138.52,137.42,137.96,18400,122.02
20120724,135.68,138.24,135.60,138.04,30300,122.09
20120723,137.19,137.34,135.90,136.18,39900,120.44
20120720,134.10,135.03,134.10,134.58,17000,119.03
20120719,136.29,136.29,132.01,132.51,28700,117.20
20120718,134.04,134.04,133.00,133.30,18300,117.89
20120717,134.01,134.89,133.00,133.47,26000,118.04
20120716,135.97,136.00,134.63,134.83,40800,119.25
20120713,133.87,133.96,132.91,133.86,18200,118.39
20120712,133.72,134.43,133.40,134.25,14900,118.73
20120711,132.91,133.64,132.01,132.75,23600,117.41
20120710,131.44,132.90,131.44,132.76,19900,117.42
20120709,130.84,132.16,130.42,131.92,40600,116.67
20120706,129.28,130.45,129.28,130.08,12800,115.05
20120705,127.52,129.30,127.52,128.36,33600,113.53
20120703,128.86,128.86,127.37,127.43,69500,112.70
20120702,127.65,130.38,127.63,129.15,47600,114.22
20120629,126.81,127.88,126.58,127.27,66300,112.56
20120628,130.56,130.72,129.89,129.95,25000,114.93
20120627,129.35,129.68,129.01,129.51,9800,114.54
20120626,128.68,130.00,128.59,129.42,37900,114.46
20120625,128.79,130.08,128.79,130.00,46100,114.98
20120622,129.40,130.13,128.01,128.13,29400,112.55
20120621,129.35,131.20,129.13,130.50,34500,114.63
20120620,126.87,129.45,125.87,128.89,62200,113.22
20120619,129.73,129.73,128.00,128.35,27300,112.74
20120618,130.80,131.05,129.62,130.46,43700,114.60
20120615,130.00,130.32,129.13,129.71,43800,113.94
20120614,129.09,129.28,128.20,128.70,23200,113.05
20120613,127.08,129.50,126.53,128.92,24300,113.24
20120612,127.52,128.35,126.97,127.16,17400,111.70
20120611,126.94,129.00,126.93,128.66,29500,113.02
20120608,130.25,130.54,126.51,127.48,21000,111.98
20120607,127.19,128.31,126.63,127.84,44500,112.30
20120606,131.80,131.80,127.65,127.87,112700,112.32
20120605,133.18,133.18,131.61,131.66,52700,115.65
20120604,134.41,135.76,133.82,134.82,50800,118.43
20120601,133.50,135.76,133.26,135.62,86300,119.13
20120531,130.00,133.68,130.00,131.06,124600,115.12
20120530,128.10,129.57,128.00,129.04,27900,113.35
20120529,125.23,125.25,124.13,124.13,14100,109.04
20120525,125.00,125.51,124.54,124.64,23200,109.48
20120524,124.56,125.07,123.97,124.17,44000,109.07
20120523,125.01,126.53,125.01,125.12,38000,109.91
20120522,124.04,124.24,122.80,123.69,91400,108.65
20120521,126.00,126.60,125.49,125.79,46200,110.49
20120518,124.37,126.65,124.24,126.46,26200,111.08
20120517,123.00,126.00,122.77,125.99,43400,110.67
20120516,121.00,122.81,120.40,122.51,76700,107.61
20120515,120.97,122.42,120.40,122.33,140000,107.46
20120514,120.29,121.47,120.29,120.74,62000,106.06
20120511,118.50,118.85,118.00,118.51,13000,104.10
20120510,116.22,117.25,115.55,117.13,26900,102.89
20120509,118.79,118.79,117.00,117.88,21500,103.55
20120508,117.50,118.52,117.30,117.30,39000,103.04
20120507,116.81,117.22,116.53,116.84,143000,102.63
20120504,115.66,116.25,115.56,116.09,31900,101.97
20120503,114.93,115.29,114.91,115.29,19000,101.27
20120502,114.68,115.28,114.18,115.07,6900,101.08
20120501,115.36,115.36,113.24,113.96,11800,100.10
20120430,115.44,115.63,114.76,114.88,5400,100.91
20120427,114.70,114.87,114.27,114.71,8800,100.76
20120426,114.84,115.17,113.72,114.71,28400,100.76
20120425,113.23,114.59,112.91,113.59,15400,99.78
20120424,115.56,115.65,114.59,114.89,31600,100.92
20120423,116.16,116.64,115.73,116.04,19000,101.93
20120420,114.00,114.70,113.64,114.70,10000,100.75
20120419,115.00,115.27,114.63,114.63,6000,100.69
20120418,114.74,114.78,114.29,114.66,2900,100.72
20120417,113.68,114.53,113.48,114.28,7000,100.38
20120416,114.48,115.50,114.33,114.46,11500,100.54
20120413,113.28,114.41,113.28,114.08,12200,100.21
20120412,112.62,112.74,111.41,111.53,15000,97.97
20120411,112.62,113.00,112.08,112.79,16600,99.08
20120410,112.80,114.76,112.80,114.33,19400,100.43
20120409,112.09,112.95,112.01,112.64,46800,98.94
20120405,108.70,108.85,107.97,108.55,59500,95.35
20120404,107.70,107.70,106.33,107.24,10200,94.20
20120403,109.22,109.22,105.46,105.58,13900,92.74
20120402,108.94,109.26,107.75,107.89,9900,94.77
20120330,110.30,110.30,107.29,107.65,18100,94.56
20120329,110.04,110.04,109.41,109.81,7500,96.46
20120328,108.04,109.43,108.04,108.80,9100,95.57
20120327,108.81,109.31,108.56,109.08,185900,95.82
20120326,108.67,109.05,107.13,108.89,7800,95.65
20120323,109.23,110.37,109.23,110.03,19300,95.94
20120322,108.77,108.94,108.17,108.55,39600,94.65
20120321,106.54,108.45,106.54,108.25,15400,94.39
20120320,105.53,106.52,105.46,106.30,29500,92.69
20120319,107.40,107.44,104.97,105.63,50700,92.11
20120316,106.00,107.35,105.48,107.31,101700,93.57
20120315,106.59,107.74,106.59,106.81,18400,93.14
20120314,109.27,109.35,106.80,107.10,63700,93.39
20120313,112.76,113.23,110.94,111.45,21800,97.18
20120312,114.37,114.93,113.99,114.07,4200,99.47
20120309,113.18,113.78,112.47,113.78,9000,99.21
20120308,114.22,114.74,113.61,113.74,16100,99.18
20120307,116.27,116.27,115.07,115.39,42900,100.62
20120306,115.95,116.94,115.73,116.07,42200,101.21
20120305,115.22,115.53,114.12,114.14,3900,99.53
20120302,114.74,115.88,114.74,115.22,7600,100.47
20120301,114.18,114.50,113.18,113.65,7500,99.10
20120229,116.04,116.61,114.73,116.14,30500,101.27
20120228,117.61,117.78,116.04,116.16,8000,101.29
20120227,116.72,117.49,116.34,117.35,16600,102.33
20120224,114.86,115.74,114.76,115.32,26900,100.56
20120223,113.50,114.53,113.30,114.24,22100,99.62
20120222,112.86,114.34,112.86,114.34,38400,99.70
20120221,112.50,112.80,111.27,111.80,118500,97.49
20120217,112.90,113.71,112.61,113.71,18500,99.15
20120216,115.20,115.20,113.14,113.89,6700,99.31
20120215,115.49,115.96,114.91,114.91,25300,100.20
20120214,115.06,116.00,114.68,115.09,97200,100.36
20120213,113.83,114.93,113.56,114.73,61700,100.04
20120210,114.27,114.88,113.93,114.47,59500,99.82
20120209,113.49,113.49,111.19,112.32,61000,97.94
20120208,113.70,114.54,113.40,114.22,11100,99.60
20120207,114.32,114.41,113.22,113.84,14800,99.27
20120206,114.40,116.00,113.87,115.84,18600,101.01
20120203,113.86,114.40,113.39,114.40,38900,99.76
20120202,117.94,118.28,117.29,117.62,45700,102.56
20120201,119.25,119.25,117.71,118.38,41800,103.23
20120131,118.00,120.50,117.92,120.08,23000,104.71
20120130,118.99,119.54,118.16,118.30,47200,103.16
20120127,115.74,116.62,114.47,116.45,37700,101.54
20120126,113.70,115.64,113.41,115.64,39200,100.84
20120125,113.54,116.23,113.25,113.25,24600,98.75
20120124,114.52,114.52,113.36,113.98,17300,99.39
20120123,113.84,114.33,112.93,114.09,15300,99.48
20120120,116.38,116.44,115.05,115.37,47900,100.60
20120119,118.68,119.00,116.60,117.30,20900,102.28
20120118,121.93,121.97,119.71,119.89,19900,104.54
20120117,121.20,122.04,121.00,121.92,33500,106.31
20120113,121.19,122.09,120.63,121.20,33600,105.68
20120112,119.40,119.69,118.56,119.20,29000,103.94
20120111,119.00,119.83,118.64,119.20,65600,103.94
20120110,116.57,118.35,116.57,117.81,48800,102.73
20120109,117.74,119.18,117.62,118.02,22500,102.91
20120106,116.56,118.48,116.50,118.03,13300,102.92
20120105,117.28,119.25,116.67,117.06,71800,102.07
20120104,119.23,119.23,117.00,117.56,15800,102.51
20120103,119.48,120.22,118.41,119.46,32100,104.17
20111230,121.84,122.88,121.29,121.94,9500,106.33
20111229,120.94,121.61,120.41,121.29,7700,105.76
20111228,117.99,121.58,117.99,120.52,47300,105.09
20111227,116.76,117.58,116.28,117.56,65600,102.51
20111223,117.12,117.60,116.00,116.79,21400,101.84
20111222,119.24,120.02,118.47,118.80,21600,103.59
20111221,120.38,120.55,118.06,118.35,35900,103.20
20111220,127.24,127.27,123.75,124.04,23600,105.01
20111219,127.02,129.40,126.99,128.97,48700,109.18
20111216,125.61,127.47,125.01,126.86,44200,107.39
20111215,124.34,125.24,123.80,124.97,16500,105.79
20111214,123.00,125.60,122.17,124.95,29200,105.78
20111213,118.93,122.35,118.14,121.36,21400,102.74
20111212,119.86,120.36,119.47,119.57,8500,101.22
20111209,121.03,121.48,118.00,118.40,24100,100.23
20111208,119.54,121.68,118.78,121.20,23600,102.60
20111207,119.14,120.06,118.00,119.85,8600,101.46
20111206,120.30,120.65,118.01,118.63,10500,100.43
20111205,121.49,121.49,118.57,120.51,30500,102.02
20111202,117.78,121.20,117.54,121.16,27700,102.57
20111201,117.75,118.49,116.10,118.36,58800,100.20
20111130,120.22,120.62,118.19,119.14,98600,100.86
20111129,123.00,124.67,121.70,123.23,49900,104.32
20111128,121.68,125.00,121.09,124.09,89700,105.05
20111125,126.36,126.36,125.00,125.38,35400,106.14
20111123,125.59,128.59,125.59,127.36,83400,107.82
20111122,124.10,125.45,123.13,125.38,59700,106.14
20111121,124.14,124.70,123.45,123.75,67300,104.76
20111118,121.62,122.74,120.13,122.37,52200,103.59
20111117,119.99,122.63,119.83,121.79,32800,103.10
20111116,119.03,119.95,118.47,119.81,23400,101.42
20111115,119.29,120.24,117.64,118.08,35600,99.96
20111114,116.85,118.91,116.38,118.50,5900,100.32
20111111,116.06,116.52,115.50,116.00,9100,98.20
20111110,117.28,118.69,115.43,117.21,14900,99.22
20111109,119.39,120.95,118.12,119.62,20000,101.26
20111108,117.51,118.69,115.45,115.97,12300,98.17
20111107,117.16,119.62,116.82,117.81,14100,99.73
20111104,115.75,117.53,115.46,116.65,15400,98.75
20111103,116.87,118.04,116.25,116.95,6600,99.00
20111102,117.10,120.13,116.82,119.64,17800,101.28
20111101,120.29,121.10,118.45,121.10,38300,102.52
20111031,112.22,115.20,111.79,115.16,43900,97.49
20111028,107.64,109.00,107.53,108.67,63000,91.99
20111027,110.46,110.75,106.02,107.11,82600,90.67
20111026,114.48,115.87,113.16,113.50,21000,96.08
20111025,111.50,116.27,111.50,115.82,28700,98.05
20111024,112.65,112.75,111.00,111.14,52100,94.08
20111021,112.73,112.82,111.10,111.75,20400,94.60
20111020,113.65,115.29,113.14,113.22,33400,95.85
20111019,114.17,115.56,113.54,115.20,36200,97.52
20111018,116.91,117.98,113.89,115.25,20300,97.56
20111017,113.58,116.77,112.89,116.25,17700,98.41
20111014,113.47,114.39,112.94,113.86,33300,96.39
20111013,115.00,117.55,114.99,115.99,89800,98.19
20111012,114.73,114.90,112.46,114.39,42300,96.84
20111011,119.42,119.44,116.64,117.11,34700,99.14
20111010,118.10,118.45,116.59,118.23,13700,100.09
20111007,119.67,121.49,118.14,120.31,43600,101.85
20111006,123.81,124.48,121.77,121.82,72000,103.13
20111005,125.09,125.96,124.00,124.59,42600,105.47
20111004,130.00,130.98,126.20,126.30,120300,106.92
20111003,126.47,128.68,124.50,128.45,160200,108.74
20110930,122.05,123.89,120.70,123.40,66600,104.46
20110929,117.81,119.96,116.93,118.53,160700,100.34
20110928,115.85,116.56,114.30,116.53,53300,98.65
20110927,115.58,116.32,114.88,116.07,48400,98.26
20110926,121.57,121.80,118.54,118.97,28500,100.71
20110923,128.28,128.28,122.15,122.55,124800,103.74
20110922,124.83,133.73,124.29,127.75,118900,107.36
20110921,112.75,119.98,112.13,119.75,56600,100.63
20110920,112.25,113.05,111.78,113.05,51000,95.00
20110919,111.66,113.32,111.58,112.39,73600,94.45
20110916,108.10,109.95,107.90,108.90,23000,91.51
20110915,108.75,110.00,108.16,108.36,10200,91.06
20110914,108.46,110.59,107.71,110.30,12100,92.69
20110913,111.07,111.21,108.54,109.11,16000,91.69
20110912,111.44,112.00,110.51,111.25,22500,93.49
20110909,109.38,111.58,109.24,111.31,24000,93.54
20110908,108.79,109.64,107.60,109.49,15700,92.01
20110907,109.31,109.65,107.58,107.60,18200,90.42
20110906,112.69,113.27,110.58,110.85,27200,93.15
20110902,107.18,109.64,106.46,109.41,72000,91.94
20110901,101.00,103.11,99.75,102.99,11500,86.55
20110831,103.01,103.01,100.37,100.44,8400,84.41
20110830,102.07,103.59,102.05,103.14,45700,86.67
20110829,99.95,100.40,99.38,100.15,20700,84.16
20110826,102.34,103.32,100.91,102.51,24600,86.14
20110825,99.90,101.20,99.31,100.78,36500,84.69
20110824,103.75,103.75,99.02,99.02,36900,83.21
20110823,104.76,106.12,103.75,103.75,51900,87.19
20110822,105.62,111.00,105.47,106.15,48000,89.20
20110819,105.75,106.95,105.29,106.39,64600,89.41
20110818,104.40,107.38,103.69,104.91,47000,88.16
20110817,98.51,101.34,97.80,101.04,31500,84.91
20110816,96.42,99.20,95.96,98.27,18400,82.58
20110815,96.80,96.80,95.20,95.37,9900,80.14
20110812,95.46,97.05,94.78,96.92,25700,81.45
20110811,101.12,101.12,93.77,93.95,47100,78.95
20110810,101.00,102.37,100.00,102.28,55400,85.95
20110809,97.80,101.34,95.07,98.02,66100,82.37
20110808,94.51,98.17,94.33,98.03,72900,82.38
20110805,95.67,97.80,93.69,93.90,56900,78.91
20110804,93.92,98.00,93.60,97.81,95000,82.20
20110803,92.43,95.48,92.29,93.00,68100,78.15
20110802,88.52,92.05,88.22,91.99,43300,77.30
20110801,85.85,88.39,85.85,87.64,18400,73.65
20110729,84.85,86.86,84.69,86.31,28400,72.53
20110728,83.55,84.08,83.30,84.01,11300,70.60
20110727,82.86,83.23,82.49,83.16,29600,69.88
20110726,82.61,83.28,82.61,82.92,16500,69.68
20110725,82.16,82.70,81.97,82.40,6000,69.25
20110722,83.30,83.69,82.97,83.54,16800,70.20
20110721,82.82,83.22,82.00,82.71,19300,69.51
20110720,85.00,85.00,83.48,84.17,8700,70.73
20110719,82.53,85.01,82.24,84.99,7000,71.42
20110718,83.60,83.85,82.50,82.57,12900,69.39
20110715,82.58,83.86,82.58,83.62,6100,70.27
20110714,85.07,85.39,84.03,84.20,9300,70.76
20110713,84.83,86.16,84.06,86.15,21900,72.40
20110712,86.25,86.25,84.78,85.29,80700,71.67
20110711,84.33,85.15,84.00,84.91,36200,71.35
20110708,83.00,83.77,82.69,83.64,21800,70.29
20110707,81.20,81.90,81.14,81.71,4000,68.67
20110706,81.66,82.20,81.31,81.82,36800,68.76
20110705,81.71,82.20,81.04,81.14,86200,68.19
20110701,82.20,82.30,81.14,81.45,20500,68.45
20110630,81.42,82.20,80.27,81.43,49400,68.43
20110629,82.46,82.94,81.26,81.46,39200,68.46
20110628,82.78,83.21,82.07,82.30,28300,69.16
20110627,84.71,84.99,82.84,83.10,27700,69.83
20110624,86.44,86.44,85.63,85.87,26900,72.16
20110623,86.90,87.52,86.90,87.43,6300,72.73
20110622,86.80,86.80,86.10,86.40,11100,71.87
20110621,86.47,86.52,85.70,86.37,5800,71.84
20110620,87.30,87.30,86.28,86.74,16100,72.15
20110617,86.04,86.82,86.04,86.60,7500,72.03
20110616,86.47,87.57,86.46,86.97,67500,72.34
20110615,84.54,86.40,84.26,86.35,26600,71.83
20110614,86.00,86.01,84.26,84.52,38300,70.30
20110613,86.69,87.26,86.21,86.62,19600,72.05
20110610,86.84,87.45,86.67,86.67,23600,72.09
20110609,86.95,87.24,85.56,86.10,11700,71.62
20110608,85.15,86.10,85.14,86.10,15800,71.62
20110607,83.71,84.84,83.70,84.84,5900,70.57
20110606,84.30,84.77,83.87,84.27,11300,70.10
20110603,85.80,86.23,84.30,85.71,17500,71.29
20110602,86.24,86.54,85.12,85.35,32900,71.00
20110601,86.59,88.00,86.59,88.00,25000,73.20
20110531,85.09,86.20,85.09,86.00,6100,71.54
20110527,85.49,85.96,85.08,85.96,3400,71.50
20110526,85.37,85.85,85.24,85.85,7500,71.41
20110525,85.27,85.27,84.61,84.84,1800,70.57
20110524,84.59,85.72,84.57,85.26,37400,70.92
20110523,84.65,85.63,84.62,85.16,15600,70.84
20110520,84.09,84.59,83.83,84.07,9400,69.93
20110519,83.46,84.45,83.03,84.03,34600,69.90
20110518,85.81,86.17,84.50,84.75,24000,70.50
20110517,85.68,86.45,85.26,86.45,80200,71.91
20110516,83.80,85.25,83.50,85.10,14900,70.79
20110513,83.40,84.33,83.40,84.18,14100,70.02
20110512,83.90,84.00,82.52,83.13,14000,69.15
20110511,82.38,84.00,82.38,83.93,9600,69.81
20110510,82.86,83.61,82.80,83.14,353700,69.16
20110509,83.46,83.88,83.11,83.63,18000,69.56
20110506,83.17,84.24,82.65,83.66,34300,69.59
20110505,83.50,84.50,83.35,84.30,17300,70.12
20110504,82.84,83.41,82.77,83.01,35000,69.05
20110503,82.11,82.25,81.49,82.25,17000,68.42
20110502,81.07,81.58,81.07,81.46,12000,67.76
20110429,80.86,81.42,80.86,81.34,3000,67.66
20110428,80.71,80.93,80.30,80.92,5200,67.31
20110427,81.42,81.42,80.13,80.20,29900,66.71
20110426,80.66,81.57,80.66,81.57,9700,67.85
20110425,80.29,80.60,79.95,80.60,22000,67.04
20110421,80.16,80.92,79.87,80.10,15700,66.63
20110420,80.60,81.05,80.37,80.37,6800,66.85
20110419,80.59,81.00,80.22,80.89,11700,67.29
20110418,79.39,80.49,78.63,80.20,11400,66.71
20110415,79.65,80.42,79.45,80.38,18800,66.86
20110414,78.62,78.81,77.91,78.61,5400,65.39
20110413,77.32,78.45,77.01,78.23,16800,65.07
20110412,77.07,77.95,77.07,77.81,11400,64.72
20110411,76.35,76.75,75.90,76.18,21800,63.37
20110408,76.41,77.00,76.20,76.36,7800,63.52
20110407,77.14,77.22,76.56,76.62,13400,63.73
20110406,79.50,79.50,77.34,77.36,15900,64.35
20110405,79.52,79.93,78.98,79.49,11800,66.12
20110404,79.50,80.21,79.50,79.54,24300,66.16
20110401,78.90,79.72,78.74,79.42,24400,66.06
20110331,79.59,79.65,78.34,78.88,13800,65.61
20110330,78.40,79.06,78.20,78.92,7600,65.65
20110329,78.63,78.81,78.38,78.59,4900,65.37
20110328,78.94,79.56,78.78,79.12,5400,65.81
20110325,79.87,79.91,79.00,79.08,12500,65.78
20110324,80.36,80.60,80.07,80.40,11900,66.21
20110323,81.87,81.95,80.67,81.10,4100,66.79
20110322,80.50,81.12,80.50,81.12,4800,66.81
20110321,81.29,81.29,79.90,80.75,20400,66.50
20110318,80.00,81.28,80.00,81.04,5600,66.74
20110317,81.08,81.43,80.25,80.50,21000,66.29
20110316,80.66,82.50,80.43,81.85,35200,67.41
20110315,79.72,80.00,79.60,80.00,24800,65.88
20110314,78.40,78.75,77.90,78.75,11300,64.85
20110311,79.45,79.46,78.30,78.80,17000,64.89
20110310,77.29,79.39,77.15,79.39,20900,65.38
20110309,76.50,77.28,76.20,76.82,7800,63.26
20110308,76.94,77.23,76.20,76.20,19400,62.75
20110307,76.94,77.91,76.21,77.02,9400,63.43
20110304,76.60,77.86,76.60,77.86,2300,64.12
20110303,77.89,77.90,76.72,77.21,47600,63.59
20110302,79.37,79.74,78.32,78.32,16700,64.50
20110301,79.32,80.46,79.06,80.46,17800,66.26
20110228,79.50,80.09,79.50,79.77,17000,65.69
20110225,78.55,79.40,78.53,79.23,9900,65.25
20110224,78.60,79.11,78.37,78.58,19200,64.71
20110223,77.28,78.36,77.28,77.90,22200,64.15
20110222,76.10,77.54,75.92,77.31,25900,63.67
20110218,75.72,75.72,75.00,75.44,7600,62.13
20110217,76.40,76.40,75.89,76.05,10200,62.63
20110216,76.51,76.89,75.78,76.23,16300,62.78
20110215,76.10,76.58,75.79,76.50,13000,63.00
20110214,75.42,76.69,75.42,76.17,24600,62.73
20110211,74.84,75.67,74.70,75.54,25500,62.21
20110210,75.40,75.40,74.25,74.25,10600,61.15
20110209,74.46,75.95,74.13,75.36,26400,62.06
20110208,75.58,75.88,74.48,74.65,14400,61.48
20110207,74.53,75.55,74.50,75.20,28200,61.93
20110204,75.88,75.90,74.45,74.50,64500,61.35
20110203,76.47,77.03,76.00,76.00,48800,62.59
20110202,77.09,77.25,76.25,76.82,12700,63.26
20110201,76.58,77.15,76.30,76.46,38700,62.97
20110131,78.05,78.22,77.10,77.67,69100,63.96
20110128,76.95,78.63,76.50,78.50,22000,64.65
20110127,77.15,78.06,76.84,77.80,17900,64.07
20110126,79.11,79.11,77.14,77.43,29400,63.77
20110125,78.04,79.70,78.04,79.30,12400,65.31
20110124,78.12,78.50,77.78,77.89,10400,64.15
20110121,76.98,77.77,76.51,77.65,15700,63.95
20110120,77.93,77.93,76.45,77.09,22200,63.49
20110119,77.49,78.49,77.49,78.34,12100,64.52
20110118,77.28,77.83,76.87,77.60,105100,63.91
20110114,79.80,79.80,78.29,78.29,15200,64.47
20110113,78.46,79.40,78.18,79.23,5800,65.25
20110112,78.87,79.33,78.00,78.50,34700,64.65
20110111,79.02,79.80,78.39,79.18,18300,65.21
20110110,79.81,79.84,79.20,79.20,9400,65.22
20110107,78.00,79.55,77.65,79.20,24400,65.22
20110106,78.16,79.00,78.00,78.56,11200,64.70
20110105,80.50,80.50,78.30,78.62,17000,64.75
20110104,80.96,81.76,80.56,80.99,12500,66.70
20110103,81.07,82.56,81.07,81.36,37600,67.00
20101231,81.40,83.40,81.40,82.80,12100,68.19
20101230,80.90,80.91,79.90,80.74,18500,66.49
20101229,78.37,81.43,78.37,80.63,28800,66.40
20101228,81.09,81.09,78.96,79.40,22300,65.39
20101227,79.82,81.75,79.65,81.11,14200,66.80
20101223,80.44,80.69,79.70,80.53,11100,66.32
20101222,81.08,81.15,80.44,80.58,20800,66.36
20101221,81.89,82.13,80.64,82.10,14900,66.57
20101220,82.85,83.02,81.19,81.78,12200,66.31
20101217,79.49,82.50,79.49,82.32,61100,66.75
20101216,80.80,80.80,78.39,78.91,18300,63.98
20101215,80.00,80.60,78.00,78.87,28800,63.95
20101214,80.93,81.22,79.36,80.00,24000,64.87
20101213,81.56,83.13,81.31,82.33,12300,66.75
20101210,81.93,82.65,81.70,82.24,6300,66.68
20101209,82.93,83.15,80.90,82.29,27500,66.72
20101208,82.62,83.32,80.42,81.89,29800,66.40
20101207,82.83,83.39,81.25,82.62,37800,66.99
20101206,83.98,84.81,83.75,84.81,12000,68.77
20101203,85.55,85.55,83.50,83.65,16200,67.82
20101202,84.63,86.00,84.44,84.65,18300,68.64
20101201,86.12,86.72,85.25,85.31,17000,69.17
20101130,89.08,89.25,87.70,87.74,24700,71.14
20101129,86.58,87.15,86.09,86.92,39900,70.48
20101126,84.96,85.79,84.96,85.46,8000,69.29
20101124,85.25,85.75,83.38,83.53,91800,67.73
20101123,86.09,86.48,85.87,85.87,61800,69.62
20101122,85.71,86.20,84.69,84.95,53400,68.88
20101119,84.31,84.73,83.87,84.39,17200,68.42
20101118,82.97,83.54,82.33,83.21,10600,67.47
20101117,83.27,84.40,82.79,82.85,32400,67.18
20101116,81.70,83.81,80.62,83.30,91300,67.54
20101115,82.16,82.55,80.12,80.32,27000,65.12
20101112,82.57,83.66,82.57,82.80,41900,67.14
20101111,82.89,83.00,82.30,82.81,25100,67.14
20101110,83.23,83.30,81.32,82.21,27400,66.66
20101109,85.50,86.30,82.52,82.68,63400,67.04
20101108,86.17,86.74,85.21,85.80,32500,69.57
20101105,86.28,86.80,85.50,85.50,39400,69.32
20101104,87.06,88.03,87.06,87.62,38200,71.04
20101103,92.01,92.87,86.86,87.37,22700,70.84
20101102,90.04,91.00,90.00,90.84,34200,73.65
20101101,90.82,90.82,88.69,88.99,15900,72.15
20101029,88.52,89.52,88.38,89.41,7800,72.49
20101028,88.30,88.91,87.75,88.30,20700,71.59
20101027,88.52,89.32,88.06,88.06,20100,71.40
20101026,90.87,90.91,89.47,89.82,6200,72.83
20101025,92.01,92.61,91.50,91.50,13100,74.19
20101022,89.93,91.11,89.27,90.80,15100,73.62
20101021,91.89,91.89,90.10,90.68,43600,73.52
20101020,90.75,91.96,90.75,91.80,10700,74.43
20101019,89.99,91.87,89.39,91.17,14100,73.92
20101018,90.63,91.00,90.06,90.20,46300,73.14
20101015,90.10,90.31,88.77,89.54,44200,72.60
20101014,93.90,94.49,91.05,91.75,38600,74.39
20101013,92.72,93.63,92.18,93.48,61200,75.79
20101012,95.39,96.49,94.10,94.10,17800,76.30
20101011,95.39,95.90,94.51,95.21,38900,77.20
20101008,96.50,97.87,95.76,95.95,31100,77.80
20101007,97.81,97.81,97.00,97.21,12000,78.82
20101006,96.40,99.00,96.40,98.51,28300,79.87
20101005,97.54,97.54,96.16,96.37,15700,78.14
20101004,97.51,97.80,96.94,97.68,16700,79.20
20101001,97.17,98.12,96.55,97.57,34600,79.11
20100930,97.95,98.40,96.50,98.40,28600,79.78
20100929,99.49,99.49,97.77,98.55,11500,79.91
20100928,98.46,99.24,98.08,98.86,24900,80.16
20100927,96.49,98.00,96.49,97.90,17000,79.38
20100924,96.17,96.34,95.35,95.47,20800,77.41
20100923,99.25,99.25,97.55,98.25,49300,78.93
20100922,97.79,98.22,96.50,97.50,357800,78.33
20100921,94.82,96.83,93.77,95.88,48200,77.03
20100920,94.68,94.68,93.60,94.35,8500,75.80
20100917,93.55,94.39,92.85,93.51,39200,75.13
20100916,93.48,93.55,92.28,93.25,35800,74.92
20100915,95.50,96.10,94.65,94.76,12500,76.13
20100914,96.20,97.27,95.93,97.27,18800,78.15
20100913,94.42,96.12,94.00,95.28,17200,76.55
20100910,95.19,95.73,94.11,95.29,88900,76.56
20100909,97.01,97.82,95.58,96.00,141400,77.13
20100908,99.70,99.70,98.31,99.30,10900,79.78
20100907,99.00,100.20,99.00,99.99,33500,80.33
20100903,95.86,97.60,94.56,97.51,102100,78.34
20100902,99.76,99.77,98.11,98.81,102400,79.38
20100901,102.18,102.57,99.95,100.70,60100,80.90
20100831,103.77,104.15,102.74,103.86,28700,83.44
20100830,100.61,102.75,100.42,102.75,40500,82.55
20100827,103.56,104.28,99.44,99.86,83400,80.23
20100826,102.59,104.20,102.59,104.16,78700,83.68
20100825,104.38,105.32,101.52,102.26,115300,82.16
20100824,102.07,103.53,101.40,103.37,49100,83.05
20100823,100.18,100.77,99.22,100.29,48700,80.57
20100820,100.91,102.40,100.06,100.57,49300,80.80
20100819,98.67,101.49,97.96,100.48,53800,80.73
20100818,98.57,99.55,98.03,98.06,28400,78.78
20100817,98.40,98.40,97.04,97.28,107400,78.16
20100816,96.83,98.29,96.79,98.10,60400,78.81
20100813,93.22,94.29,93.05,93.99,53700,75.51
20100812,92.61,93.54,92.00,92.28,67100,74.14
20100811,90.96,92.61,90.95,92.60,84200,74.40
20100810,91.33,92.22,90.30,90.75,30000,72.91
20100809,90.66,90.91,90.50,90.71,26300,72.88
20100806,90.48,91.16,90.00,91.02,24500,73.13
20100805,90.00,90.49,89.56,89.56,40000,71.95
20100804,90.66,90.66,89.25,89.25,44500,71.70
20100803,90.00,90.92,89.80,90.10,21500,72.39
20100802,94.32,94.32,89.57,90.02,49400,72.32
20100730,91.13,92.01,90.88,92.01,18400,73.92
20100729,88.60,89.80,88.34,89.71,23600,72.07
20100728,89.00,89.86,88.62,89.83,12200,72.17
20100727,90.11,90.17,89.35,89.81,52200,72.15
20100726,91.37,91.41,90.14,90.87,22200,73.01
20100723,92.84,93.17,91.30,91.42,34900,73.45
20100722,94.20,94.20,93.00,93.26,36900,74.93
20100721,92.29,95.02,92.29,94.95,23800,76.28
20100720,92.87,92.91,92.00,92.14,17600,74.03
20100719,97.00,97.00,92.00,92.13,14300,74.02
20100716,92.53,93.60,92.46,93.23,28300,74.90
20100715,91.37,92.77,91.36,92.48,19200,74.30
20100714,89.92,91.33,89.63,91.25,14900,73.31
20100713,90.54,90.54,89.01,89.34,90400,71.78
20100712,91.36,91.78,90.51,90.89,31800,73.02
20100709,91.48,91.48,90.32,91.11,68000,73.20
20100708,92.34,92.85,91.86,92.43,49900,74.26
20100707,94.56,94.67,92.99,93.09,54600,74.79
20100706,93.84,95.11,93.07,94.24,71200,75.71
20100702,94.15,94.59,93.26,93.78,76900,75.34
20100701,94.84,98.50,94.41,94.98,77100,76.31
20100630,94.00,94.12,93.06,94.12,77100,75.62
20100629,92.20,93.57,91.91,93.07,64300,74.77
20100628,91.53,91.84,90.97,91.84,25900,73.78
20100625,89.52,90.81,89.50,90.70,41100,72.87
20100624,91.40,91.40,89.75,90.40,15000,72.63
20100623,90.98,92.17,90.90,91.71,51300,72.96
20100622,89.33,90.88,89.33,90.57,30900,72.05
20100621,88.73,89.45,87.57,89.45,15300,71.16
20100618,90.00,90.00,89.40,89.73,12700,71.38
20100617,89.03,90.25,88.60,89.76,28800,71.41
20100616,88.64,88.73,87.56,88.40,20300,70.33
20100615,88.49,89.00,87.36,87.77,7100,69.82
20100614,87.86,88.71,87.52,88.71,13900,70.57
20100611,89.11,89.85,88.12,89.60,37000,71.28
20100610,89.00,89.19,87.07,87.25,34100,69.41
20100609,89.94,90.46,89.08,89.97,10400,71.57
20100608,90.24,91.05,89.72,90.53,9600,72.02
20100607,89.79,90.75,89.24,90.52,28300,72.01
20100604,88.09,89.97,87.43,89.97,11100,71.57
20100603,86.34,87.10,85.88,86.44,33600,68.77
20100602,88.97,89.00,87.33,87.33,17100,69.47
20100601,89.12,90.00,87.90,88.63,9900,70.51
20100528,87.37,88.09,87.12,87.76,71600,69.82
20100527,88.55,89.16,87.07,87.19,100800,69.36
20100526,90.62,90.75,89.10,90.75,162200,72.20
20100525,92.02,92.60,90.63,90.69,31400,72.15
20100524,91.42,91.51,90.01,90.01,53900,71.61
20100521,91.05,92.64,90.00,91.09,65900,72.47
20100520,88.61,91.00,88.61,90.05,61400,71.64
20100519,87.14,88.45,86.51,87.61,30300,69.70
20100518,85.13,87.01,85.13,86.64,6000,68.93
20100517,85.30,86.29,84.73,84.93,11100,67.56
20100514,83.72,86.29,83.72,85.49,6700,68.01
20100513,82.99,83.08,81.53,82.73,5600,65.81
20100512,82.97,82.99,81.94,82.11,3900,65.32
20100511,83.32,83.39,82.88,83.02,4100,66.05
20100510,84.71,84.82,81.41,83.83,40800,66.69
20100507,86.42,90.00,86.19,86.83,21900,69.08
20100506,83.96,89.34,83.96,87.54,22600,69.64
20100505,84.12,85.34,83.43,83.69,15600,66.58
20100504,82.18,83.29,82.18,83.20,31000,66.19
20100503,80.49,81.00,80.10,81.00,7600,64.44
20100430,79.80,80.95,79.80,80.95,22200,64.40
20100429,79.27,79.68,78.88,79.68,1700,63.39
20100428,79.31,79.61,78.75,78.75,3900,62.65
20100427,79.22,80.63,79.04,80.29,16400,63.87
20100426,78.89,78.89,78.35,78.43,5400,62.39
20100423,78.18,78.50,78.07,78.35,2700,62.33
20100422,79.42,79.54,78.73,78.85,20800,62.73
20100421,78.60,79.20,77.92,79.15,13000,62.97
20100420,77.67,77.80,77.67,77.80,3100,61.89
20100419,77.81,77.92,77.16,77.24,18100,61.45
20100416,77.13,77.80,76.86,77.69,6800,61.81
20100415,76.51,77.24,76.19,76.82,2200,61.11
20100414,77.80,77.80,76.81,76.81,5100,61.11
20100413,77.83,77.95,77.40,77.80,6900,61.89
20100412,76.99,77.54,76.33,77.36,12500,61.54
20100409,76.19,76.70,76.06,76.46,1500,60.83
20100408,76.55,76.67,76.06,76.15,24600,60.58
20100407,74.36,76.45,74.15,76.25,9700,60.66
20100406,74.52,74.85,74.09,74.59,15300,59.34
20100405,75.01,75.10,74.35,74.35,28600,59.15
20100401,75.76,76.42,75.76,76.42,4700,60.79
20100331,76.37,76.81,75.78,76.33,5600,60.72
20100330,75.29,75.80,75.12,75.80,2300,60.30
20100329,75.75,75.75,75.01,75.56,17900,60.11
20100326,75.58,76.15,75.48,76.09,12000,60.53
20100325,76.40,76.50,75.28,75.43,36600,60.01
20100324,78.22,78.65,76.49,77.40,31600,60.93
20100323,79.77,79.93,79.46,79.57,17400,62.64
20100322,80.44,80.44,79.86,79.90,3200,62.90
20100319,80.11,80.44,79.57,80.11,4900,63.07
20100318,79.93,80.10,79.42,79.44,3800,62.54
20100317,79.64,80.00,79.64,79.80,8700,62.82
20100316,79.19,79.83,78.84,79.83,8900,62.85
20100315,78.44,78.93,78.25,78.93,7700,62.14
20100312,77.81,79.10,77.81,78.90,5200,62.12
20100311,77.10,78.28,77.03,78.28,10000,61.63
20100310,77.18,77.47,76.78,77.45,7900,60.97
20100309,77.72,77.72,77.08,77.46,12800,60.98
20100308,77.68,77.96,77.61,77.67,4600,61.15
20100305,79.23,79.23,77.89,78.50,29300,61.80
20100304,79.62,80.50,79.62,79.99,6400,62.97
20100303,79.60,79.75,79.24,79.44,7400,62.54
20100302,79.78,80.10,79.35,79.98,9900,62.97
20100301,80.36,80.40,79.84,80.40,4700,63.30
20100226,80.00,80.95,80.00,80.50,22900,63.38
20100225,79.78,79.93,79.40,79.87,11800,62.88
20100224,79.54,79.54,78.23,78.77,3400,62.01
20100223,77.19,78.72,77.19,78.54,29700,61.83
20100222,76.82,76.97,76.54,76.76,13500,60.43
20100219,76.60,77.15,76.51,77.15,17800,60.74
20100218,76.58,76.94,75.51,76.51,37500,60.23
20100217,77.80,77.80,76.45,76.85,37500,60.50
20100216,77.65,78.47,77.51,78.06,16900,61.45
20100212,77.87,78.41,77.87,78.21,37200,61.57
20100211,78.29,78.35,77.15,77.65,29900,61.13
20100210,80.00,80.00,78.50,78.62,14800,61.90
20100209,80.99,81.46,79.79,79.81,16300,62.83
20100208,81.03,81.15,80.69,81.14,23500,63.88
20100205,80.16,81.69,80.05,80.98,25400,63.75
20100204,79.50,80.96,79.48,80.78,20100,63.60
20100203,79.75,79.75,78.76,78.90,15400,62.12
20100202,79.86,80.45,79.86,80.33,9200,63.24
20100201,80.56,80.56,79.85,80.14,17700,63.09
20100129,79.60,81.15,79.60,81.10,5800,63.85
20100128,79.63,80.12,79.28,79.59,17900,62.66
20100127,80.25,80.90,79.83,80.33,28500,63.24
20100126,80.37,80.37,79.79,80.23,15300,63.16
20100125,80.20,81.63,79.79,79.80,18500,62.82
20100122,81.13,81.50,80.52,80.70,36200,63.53
20100121,80.50,81.40,80.34,81.32,34300,64.02
20100120,79.58,80.56,79.58,80.20,18900,63.14
20100119,78.62,79.71,78.62,79.32,16000,62.45
20100115,79.09,79.78,79.09,79.45,6500,62.55
20100114,77.99,78.55,77.25,78.24,38100,61.60
20100113,77.79,78.11,76.35,76.88,8800,60.53
20100112,78.10,78.79,77.39,78.65,18200,61.92
20100111,76.27,76.94,75.73,76.39,16700,60.14
20100108,76.97,77.25,76.34,76.58,24700,60.29
20100107,76.99,77.74,76.86,76.96,13300,60.59
20100106,78.33,78.77,77.00,77.00,39800,60.62
20100105,78.30,79.19,78.30,78.86,24200,62.08
20100104,78.10,78.79,77.84,78.14,9200,61.52
20091231,78.44,79.30,77.48,78.87,39200,62.09
20091230,78.73,79.29,78.18,79.20,43300,62.35
20091229,77.73,78.75,77.38,78.01,29500,61.42
20091228,77.58,77.58,76.28,76.90,44300,60.54
20091224,78.65,78.83,77.31,77.61,12700,61.10
20091223,79.96,80.00,79.10,79.13,20500,62.30
20091222,80.62,81.75,78.72,79.33,39400,62.45
20091221,93.41,93.90,91.78,91.78,6300,62.59
20091218,95.24,95.43,93.62,93.92,17400,64.05
20091217,93.17,94.60,93.17,94.60,15000,64.51
20091216,92.42,93.39,91.89,92.48,40800,63.06
20091215,93.22,93.22,92.00,92.03,11500,62.76
20091214,93.76,93.76,93.09,93.41,8700,63.70
20091211,92.97,93.23,91.50,92.94,17400,63.38
20091210,94.36,94.36,93.12,93.22,16300,63.57
20091209,96.15,96.16,94.04,95.36,8200,65.03
20091208,96.34,96.96,95.18,95.64,9000,65.22
20091207,95.45,96.07,95.24,95.49,2600,65.12
20091204,96.10,96.10,94.59,95.58,22200,65.18
20091203,97.50,97.79,96.87,97.10,10400,66.22
20091202,98.15,99.72,97.50,98.79,14000,67.37
20091201,99.00,99.43,98.20,98.38,7400,67.09
20091130,99.79,100.22,98.99,99.95,7900,68.16
20091127,99.82,100.57,99.40,100.57,13800,68.58
20091125,98.33,100.02,97.65,99.14,5900,67.61
20091124,98.57,99.05,98.57,98.83,2900,67.40
20091123,96.90,98.41,96.90,98.41,3500,67.11
20091120,98.48,98.76,97.50,98.55,7500,67.20
20091119,98.95,99.42,97.71,98.15,14800,66.93
20091118,99.22,99.22,97.76,98.32,3400,67.05
20091117,98.40,99.36,98.38,99.36,6500,67.76
20091116,97.07,98.90,97.07,98.68,14600,67.29
20091113,95.75,96.73,95.34,96.36,2800,65.71
20091112,96.25,96.25,93.88,95.77,32900,65.31
20091111,96.03,96.61,95.51,96.36,13900,65.71
20091110,96.64,96.84,95.01,95.24,11000,64.95
20091109,96.31,96.31,95.25,95.89,15000,65.39
20091106,94.75,96.50,94.14,95.87,10700,65.38
20091105,94.67,95.98,94.00,95.98,42500,65.45
20091104,97.19,97.19,95.10,95.41,16900,65.06
20091103,99.50,99.71,97.29,97.82,8900,66.71
20091102,99.00,99.94,96.22,98.97,19100,67.49
20091030,98.51,99.95,97.00,99.62,50000,67.93
20091029,99.00,99.00,97.15,97.51,11700,66.49
20091028,98.84,99.85,98.28,99.64,26800,67.95
20091027,96.96,98.73,96.79,98.52,31100,67.18
20091026,98.67,98.67,96.25,97.05,38300,66.18
20091023,99.30,99.67,98.42,98.54,23800,67.20
20091022,100.28,100.33,99.46,99.97,11200,68.17
20091021,101.53,101.53,100.07,100.94,5900,68.83
20091020,101.47,102.93,101.47,102.19,13300,69.69
20091019,99.68,101.02,99.47,101.02,6400,68.89
20091016,98.96,100.12,98.96,99.69,6500,67.98
20091015,98.87,99.71,98.15,98.15,18200,66.93
20091014,100.58,101.48,99.39,99.39,21000,67.78
20091013,101.77,102.86,101.49,101.49,22500,69.21
20091012,100.51,101.19,100.02,101.13,12100,68.96
20091009,104.01,104.01,100.17,100.87,43400,68.79
20091008,107.08,108.11,103.65,104.65,13900,71.36
20091007,105.35,106.95,105.35,106.80,15400,72.83
20091006,106.76,106.76,103.52,104.95,28200,71.57
20091005,107.91,107.91,106.50,106.52,8900,72.64
20091002,109.58,110.22,106.51,107.05,36700,73.00
20091001,106.75,108.60,106.75,107.71,29400,73.45
20090930,106.48,107.00,105.52,106.15,38500,72.39
20090929,105.45,106.95,104.59,106.60,15500,72.69
20090928,103.20,105.80,103.20,105.73,17900,72.10
20090925,103.00,104.00,102.04,103.78,15400,70.77
20090924,102.96,102.96,101.36,102.18,12300,69.68
20090923,103.40,103.53,101.80,103.35,9100,69.88
20090922,101.98,103.25,101.80,103.19,5300,69.77
20090921,103.04,103.04,101.35,101.75,13100,68.80
20090918,103.43,104.37,102.14,102.50,15400,69.30
20090917,101.97,103.75,101.30,103.50,11000,69.98
20090916,100.86,102.54,100.00,101.00,13400,68.29
20090915,102.24,102.46,100.65,100.85,47200,68.19
20090914,101.66,103.20,101.64,101.90,15900,68.90
20090911,103.27,105.34,102.10,103.57,16100,70.03
20090910,99.91,104.99,99.78,103.00,21000,69.64
20090909,99.58,100.24,98.51,99.63,13300,67.36
20090908,100.00,103.00,99.95,100.00,41600,67.61
20090904,103.29,106.96,100.42,101.11,43700,68.36
20090903,106.00,106.00,103.50,104.19,28500,70.45
20090902,103.98,106.56,102.27,105.30,20000,71.20
20090901,102.90,104.99,101.50,102.18,27900,69.09
20090831,102.91,104.97,102.45,103.50,22400,69.98
20090828,102.56,105.00,100.54,102.25,21800,69.14
20090827,102.00,104.00,101.62,103.08,6100,69.70
20090826,102.00,104.00,101.73,102.70,9300,69.44
20090825,101.16,104.00,100.25,101.94,5500,68.93
20090824,97.68,100.50,97.16,100.06,9200,67.65
20090821,101.16,101.57,97.75,98.94,9500,66.90
20090820,100.00,101.82,100.00,100.80,3500,68.16
20090819,100.50,100.50,98.48,99.37,6800,67.19
20090818,99.34,99.50,97.47,97.60,20000,65.99
20090817,97.87,99.00,97.03,98.94,33700,66.90
20090814,97.52,98.90,96.15,98.08,33200,66.32
20090813,93.56,96.84,93.56,96.50,6700,65.25
20090812,96.56,96.56,93.30,94.40,35600,63.83
20090811,95.00,96.44,95.00,96.26,14400,65.09
20090810,92.62,94.44,92.29,93.14,62000,62.98
20090807,92.92,93.36,92.00,92.25,30500,62.37
20090806,93.51,94.67,92.25,93.92,17300,63.50
20090805,95.91,95.94,93.06,93.09,16200,62.94
20090804,97.99,99.32,94.67,95.74,47700,64.73
20090803,98.27,98.27,95.93,96.35,7000,65.15
20090731,96.77,98.93,96.77,98.90,4600,66.87
20090730,93.64,95.77,92.21,95.77,32200,64.75
20090729,94.90,95.17,92.30,94.67,3800,64.01
20090728,91.42,93.14,91.36,92.47,3900,62.52
20090727,91.80,91.80,90.88,91.69,4800,62.00
20090724,92.30,93.15,92.02,93.10,3900,62.95
20090723,94.53,95.00,91.86,92.71,3700,62.69
20090722,94.70,96.11,94.70,94.94,1600,64.19
20090721,94.57,96.73,94.57,96.63,3900,65.34
20090720,92.03,95.25,92.03,94.31,12800,63.77
20090717,95.04,95.04,93.50,93.50,6900,63.22
20090716,94.79,96.23,94.79,95.03,1300,64.25
20090715,95.17,95.98,93.56,94.06,8400,63.60
20090714,99.91,99.91,97.25,98.13,3100,66.35
20090713,101.47,101.94,100.81,100.96,10600,68.26
20090710,101.06,101.51,101.00,101.51,1200,68.64
20090709,100.99,100.99,98.71,100.08,2400,67.67
20090708,99.99,102.97,99.92,101.60,7700,68.70
20090707,98.15,99.45,98.15,99.14,4200,67.03
20090706,98.45,98.96,97.36,98.86,9500,66.84
20090702,99.24,99.78,98.69,98.72,2400,66.75
20090701,98.30,100.10,97.90,97.90,13000,66.19
20090630,98.57,99.80,97.82,99.30,3200,67.14
20090629,100.03,100.03,99.20,99.31,4100,67.15
20090626,99.26,100.01,98.56,99.47,22100,67.26
20090625,97.00,98.90,95.40,98.90,8500,66.87
20090624,97.89,97.89,95.00,95.95,12200,64.88
20090623,96.69,98.89,96.69,98.89,5100,66.09
20090622,94.88,97.00,94.88,96.85,3600,64.73
20090619,92.55,93.91,92.55,93.88,2500,62.74
20090618,93.76,94.12,93.00,93.00,3600,62.15
20090617,96.52,97.85,95.71,95.71,10200,63.96
20090616,93.97,96.29,93.21,96.29,23800,64.35
20090615,92.28,93.75,92.28,93.18,3500,62.27
20090612,91.26,92.90,91.26,91.34,9800,61.04
20090611,88.61,90.78,88.60,90.78,2500,60.67
20090610,91.49,92.44,87.38,89.42,19500,59.76
20090609,92.30,92.30,91.10,91.70,900,61.28
20090608,92.65,92.99,91.72,91.92,2200,61.43
20090605,92.16,93.40,91.20,92.27,2900,61.67
20090604,94.20,94.29,91.09,92.92,11100,62.10
20090603,95.41,95.41,93.40,94.77,4200,63.34
20090602,93.28,98.69,92.96,94.48,17500,63.14
20090601,94.75,96.93,93.03,93.40,7000,62.42
20090529,92.51,97.93,92.28,97.93,9300,65.45
20090528,94.76,94.76,91.20,93.31,4800,62.36
20090527,94.42,95.40,92.00,92.76,6400,61.99
20090526,95.76,95.76,94.50,94.63,4200,63.24
20090522,99.52,99.52,95.64,96.13,14400,64.25
20090521,102.43,102.66,97.70,97.70,7200,65.29
20090520,100.44,101.62,100.18,101.45,1400,67.80
20090519,100.43,101.14,100.10,100.61,12600,67.24
20090518,103.75,103.75,103.75,103.75,100,69.34
20090515,104.29,104.29,102.97,103.46,4600,69.14
20090514,103.04,103.70,103.00,103.70,2000,69.30
20090513,102.63,103.83,102.56,103.59,12500,69.23
20090512,100.96,101.65,100.75,101.60,2200,67.90
20090511,99.75,100.42,99.75,100.42,3500,67.11
20090508,98.64,99.09,98.13,98.75,8300,66.00
20090507,100.00,101.47,97.22,98.63,22300,65.92
20090506,103.34,103.79,102.35,102.99,4900,68.83
20090505,103.34,103.67,102.57,103.31,7700,69.04
20090504,102.28,103.59,102.28,102.83,8400,68.72
20090501,105.17,105.17,101.65,102.10,4400,68.24
20090430,103.00,104.45,102.58,103.36,58100,69.08
20090429,106.22,107.02,103.87,104.50,12200,69.84
20090428,110.58,110.58,105.50,105.81,18000,70.72
20090427,107.91,108.79,107.08,108.79,3700,72.71
20090424,109.00,109.13,107.01,108.25,20200,72.35
20090423,109.69,110.91,109.26,109.93,4800,73.47
20090422,111.76,111.76,109.33,110.66,4300,73.96
20090421,114.75,115.23,112.60,112.86,2100,75.43
20090420,114.02,114.02,112.47,113.86,3700,76.09
20090417,111.70,112.35,110.81,111.39,8600,74.44
20090416,112.92,113.52,112.13,112.78,3800,75.37
20090415,114.81,114.84,113.40,114.79,1000,76.72
20090414,113.77,114.86,113.65,114.86,800,76.76
20090413,114.14,114.14,113.02,113.02,600,75.53
20090409,112.00,113.00,112.00,113.00,2700,75.52
20090408,112.82,114.73,112.82,114.64,1100,76.62
20090407,112.62,113.00,112.53,112.80,1900,75.39
20090406,113.61,113.73,112.50,112.50,4100,75.19
20090403,116.58,116.58,113.50,114.60,5500,76.59
20090402,118.00,118.00,116.30,116.83,2700,78.08
20090401,119.00,119.00,117.46,118.50,7400,79.20
20090331,115.74,117.62,115.74,117.62,12000,78.61
20090330,116.96,116.96,114.88,115.81,1800,77.40
20090327,114.00,114.27,114.00,114.27,2000,76.37
20090326,111.00,112.99,110.94,112.59,1700,75.25
20090325,111.82,112.35,110.58,111.41,6800,74.46
20090324,111.12,114.27,110.33,113.48,34100,75.21
20090323,113.43,114.65,111.79,112.00,14800,74.23
20090320,112.77,115.31,112.77,113.93,6100,75.51
20090319,117.99,118.00,114.69,115.51,9000,76.56
20090318,110.48,122.92,110.47,113.64,41200,75.32
20090317,112.65,113.49,110.00,110.29,7000,73.10
20090316,111.82,112.23,111.05,112.22,6800,74.38
20090313,113.80,115.11,113.67,114.01,8500,75.56
20090312,116.75,116.75,110.89,114.11,9800,75.63
20090311,112.93,114.68,111.48,114.68,5300,76.01
20090310,115.00,115.00,112.81,112.81,3600,74.77
20090309,117.55,117.55,115.64,117.03,3100,77.56
20090306,117.19,119.97,117.19,117.66,12900,77.98
20090305,117.12,118.96,116.94,118.96,11000,78.84
20090304,113.43,114.28,112.43,114.15,5400,75.65
20090303,114.57,116.85,113.93,115.14,9800,76.31
20090302,115.59,116.09,114.60,114.95,5000,76.19
20090227,115.77,115.77,112.89,112.97,12500,74.87
20090226,116.40,116.50,114.01,115.14,9200,76.31
20090225,120.00,120.47,116.65,116.72,4300,77.36
20090224,120.36,121.44,118.73,118.73,23600,78.69
20090223,116.52,118.25,116.31,117.84,16500,78.10
20090220,116.91,118.88,116.09,117.06,16700,77.58
20090219,115.24,117.03,113.99,114.79,10400,76.08
20090218,120.91,121.43,118.49,118.50,5900,78.54
20090217,116.53,119.90,115.66,119.88,26600,79.45
20090213,117.78,117.78,114.00,114.80,6200,76.09
20090212,120.77,121.16,118.58,119.98,7200,79.52
20090211,121.00,122.44,121.00,122.00,15700,80.86
20090210,116.56,119.39,116.17,119.39,28200,79.13
20090209,111.83,113.93,111.60,113.93,7500,75.51
20090206,113.69,115.18,111.26,113.89,15500,75.48
20090205,115.34,115.34,114.20,115.08,2400,76.27
20090204,114.11,116.86,112.30,116.78,11200,77.40
20090203,120.00,120.25,115.03,115.72,16200,76.70
20090202,118.99,119.84,115.99,119.78,6100,79.39
20090130,119.89,119.89,114.07,114.56,23200,75.93
20090129,123.01,123.23,119.10,119.37,6500,79.11
20090128,127.50,129.34,123.47,123.47,5100,81.83
20090127,124.77,128.31,124.77,128.23,5600,84.99
20090126,125.97,125.97,122.50,124.05,2900,82.22
20090123,125.98,125.98,122.50,124.80,2300,82.71
20090122,129.73,129.73,122.02,126.17,14600,83.62
20090121,132.99,134.04,129.52,130.90,8500,86.76
20090120,134.67,138.68,133.00,134.10,6200,88.88
20090116,136.85,140.37,135.66,139.57,6800,92.50
20090115,140.33,141.11,138.00,140.02,7600,92.80
20090114,136.62,141.83,136.62,141.43,11900,93.74
20090113,135.43,135.56,133.94,135.13,3300,89.56
20090112,135.99,136.17,132.48,135.93,9000,90.09
20090109,131.41,137.29,130.27,133.75,11100,88.65
20090108,127.53,132.41,127.53,132.41,7700,87.76
20090107,124.36,134.93,124.15,126.50,8100,83.84
20090106,122.00,128.79,121.07,126.14,30200,83.60
20090105,135.00,139.14,124.34,125.64,65400,83.27
20090102,148.62,149.93,132.39,136.08,34700,90.19
20081231,152.08,152.08,145.88,145.88,14100,96.68
20081230,149.08,151.57,149.08,151.57,7400,100.46
20081229,155.14,155.14,149.95,150.01,4300,99.42
20081226,151.13,155.00,149.47,151.80,9700,100.61
20081224,148.31,149.90,148.23,149.90,8300,99.35
20081223,146.72,149.77,146.72,148.80,18900,98.62
20081222,152.07,152.07,147.53,148.95,9100,98.72
20081219,154.98,167.96,150.71,152.05,37300,99.83
20081218,155.35,155.35,145.35,152.87,12000,100.37
20081217,145.98,151.23,140.00,147.79,13400,97.03
20081216,140.80,142.17,138.02,140.80,7300,92.44
20081215,135.12,140.00,133.71,137.54,6000,90.30
20081212,135.46,140.00,130.88,133.62,13200,87.73
20081211,134.69,134.84,130.88,134.60,7800,88.37
20081210,131.54,135.88,130.69,134.00,54000,87.98
20081209,131.08,132.36,126.00,128.44,41100,84.33
20081208,130.07,133.28,127.86,128.23,38200,84.19
20081205,137.41,143.00,132.92,133.00,31200,87.32
20081204,136.85,138.47,131.90,134.46,16200,88.28
20081203,131.72,139.35,131.72,134.71,13000,88.44
20081202,135.00,139.07,127.67,131.90,20400,86.60
20081201,125.00,130.75,123.00,128.76,16500,84.54
20081128,122.75,122.75,120.50,121.77,9300,79.95
20081126,125.00,125.00,118.66,119.00,4200,78.13
20081125,118.63,118.93,116.00,117.96,7600,77.45
20081124,115.09,115.48,112.32,112.86,44900,74.10
20081121,116.98,117.70,113.25,115.61,31400,75.90
20081120,113.70,117.28,112.00,117.20,57700,76.95
20081119,105.14,108.00,105.14,107.93,4100,70.86
20081118,103.23,103.84,102.84,103.84,3200,68.18
20081117,104.93,104.93,100.36,103.56,31300,67.99
20081114,101.60,105.00,101.60,105.00,1200,68.94
20081113,101.85,102.00,98.82,98.82,9200,64.88
20081112,103.26,103.67,102.77,103.17,50600,67.74
20081111,103.00,103.33,102.67,103.22,2400,67.77
20081110,98.01,102.27,98.01,102.22,1800,67.11
20081107,101.39,104.47,100.94,102.10,4500,67.03
20081106,101.46,102.80,101.00,102.65,6200,67.40
20081105,103.50,104.21,100.84,103.94,10200,68.24
20081104,99.67,102.97,98.25,102.60,23700,67.36
20081103,96.10,100.07,96.10,99.55,39400,65.36
20081031,107.50,107.50,98.89,98.89,26400,64.93
20081030,103.68,105.42,100.30,100.42,6000,65.93
20081029,103.30,109.00,101.83,107.51,12200,70.59
20081028,104.94,109.96,103.30,103.32,4200,67.84
20081027,107.01,110.50,101.25,110.50,5000,72.55
20081024,112.50,112.50,106.09,107.00,5400,70.25
20081023,110.12,112.00,106.82,108.50,47800,71.24
20081022,104.83,107.67,104.81,106.66,9600,70.03
20081021,103.36,104.21,103.04,103.19,1900,67.75
20081020,99.55,102.65,99.25,102.65,9200,67.40
20081017,102.00,102.04,98.00,100.77,13200,66.16
20081016,104.99,104.99,101.69,103.85,9400,68.18
20081015,101.57,103.19,101.32,102.56,9000,67.34
20081014,102.50,103.20,101.97,102.81,8400,67.50
20081013,105.00,105.00,100.08,102.77,11100,67.47
20081010,110.00,110.00,104.92,105.08,15500,68.99
20081009,107.03,112.37,104.92,106.12,11800,69.67
20081008,107.38,109.52,105.69,106.34,13500,69.82
20081007,107.09,109.79,106.50,107.42,10000,70.53
20081006,108.89,110.66,107.49,108.22,35900,71.05
20081003,104.94,109.00,102.43,105.17,17000,69.05
20081002,104.16,104.31,102.98,104.31,6700,68.49
20081001,104.60,104.60,101.00,101.56,8000,66.68
20080930,100.00,101.94,100.00,101.00,6100,66.31
20080929,97.20,102.00,97.20,100.19,48700,65.78
20080926,101.64,101.77,99.80,101.77,41000,66.82
20080925,96.50,100.76,96.50,100.08,19000,65.71
20080924,94.68,98.47,94.67,96.55,10100,63.39
20080923,96.65,99.07,96.50,97.40,8800,63.37
20080922,98.50,100.26,97.92,99.34,17400,64.63
20080919,98.50,100.00,98.50,98.50,39700,64.08
20080918,110.22,111.00,102.00,104.75,19200,68.15
20080917,110.05,111.00,106.50,108.07,37400,70.31
20080916,110.90,110.95,105.00,106.84,12500,69.51
20080915,101.12,107.63,101.12,107.63,23700,70.02
20080912,102.50,103.54,101.00,101.05,42500,65.74
20080911,103.98,104.13,103.39,103.77,5800,67.51
20080910,103.14,104.72,103.01,104.00,13000,67.66
20080909,104.89,105.54,102.66,105.54,27600,68.66
20080908,103.76,103.76,100.00,102.69,19300,66.81
20080905,104.51,104.51,102.19,102.45,12300,66.65
20080904,100.84,102.05,100.57,102.05,6400,66.39
20080903,103.15,103.15,99.85,101.56,9700,66.07
20080902,100.31,102.61,97.49,100.87,57500,65.63
20080829,98.17,98.46,98.07,98.46,1100,64.06
20080828,96.61,99.01,96.61,99.01,3400,64.41
20080827,98.13,98.95,98.13,98.95,1300,64.38
20080826,98.34,98.91,98.34,98.91,1600,64.35
20080825,99.00,99.00,98.65,99.00,500,64.41
20080822,96.69,96.69,96.43,96.50,400,62.78
20080821,96.83,96.88,96.63,96.88,700,63.03
20080820,97.63,97.63,97.39,97.41,1100,63.37
20080819,97.60,97.60,96.74,97.00,3800,63.11
20080818,98.83,98.83,97.05,98.00,2100,63.76
20080815,96.65,96.83,96.65,96.83,1900,63.00
20080814,95.23,95.66,95.23,95.46,400,62.11
20080813,94.75,95.42,94.75,95.00,13700,61.81
20080812,94.93,94.93,94.69,94.89,1900,61.73
20080811,94.70,94.70,92.96,93.58,4600,60.88
20080808,92.32,92.32,92.32,92.32,000,60.06
20080807,92.32,92.32,92.32,92.32,100,60.06
20080806,94.40,94.40,94.40,94.40,000,61.42
20080805,94.40,94.40,94.40,94.40,000,61.42
20080804,94.40,94.40,94.40,94.40,300,61.42
20080801,92.85,92.85,92.85,92.85,000,60.41
20080731,92.85,92.85,92.85,92.85,000,60.41
20080730,92.85,92.85,92.85,92.85,500,60.41
20080729,93.27,93.27,93.27,93.27,000,60.68
20080728,93.29,93.71,93.27,93.27,1500,60.68
20080725,92.62,92.62,91.93,91.93,1400,59.81
20080724,92.82,93.38,92.82,93.38,400,60.75
20080723,91.70,91.72,91.70,91.72,1000,59.67
20080722,92.58,92.58,92.58,92.58,000,60.23
20080721,92.51,92.58,92.51,92.58,200,60.23
20080718,92.72,92.72,92.72,92.72,000,60.32
20080717,93.80,93.80,92.72,92.72,400,60.32
20080716,94.01,94.01,93.48,93.65,900,60.93
20080715,97.20,97.20,96.25,96.25,300,62.62
20080714,96.24,97.21,96.24,97.20,1100,63.24
20080711,98.33,98.33,95.31,95.65,5800,62.23
20080710,97.84,99.00,97.84,97.88,400,63.68
20080709,97.00,97.00,97.00,97.00,000,63.11
20080708,96.39,97.13,96.34,97.00,400,63.11
20080707,95.27,96.79,95.27,96.76,1500,62.95
20080703,96.07,96.07,96.07,96.07,000,62.50
20080702,95.56,96.07,95.56,96.07,1000,62.50
20080701,96.68,96.79,95.30,95.30,15000,62.00
20080630,94.96,95.74,94.96,95.59,2600,62.19
20080627,94.82,94.82,90.20,93.35,18600,60.73
20080626,93.56,93.86,93.43,93.70,1100,60.96
20080625,92.15,92.81,91.75,92.81,2200,60.38
20080624,92.28,92.93,92.28,92.93,400,60.46
20080623,92.77,92.77,92.77,92.77,1000,59.82
20080620,92.68,92.68,92.68,92.68,200,59.76
20080619,91.65,91.65,91.65,91.65,200,59.10
20080618,91.65,91.95,91.54,91.95,900,59.29
20080617,89.35,91.34,89.35,91.09,1200,58.74
20080616,90.70,90.70,90.70,90.70,200,58.49
20080613,91.17,91.69,90.96,90.96,1500,58.65
20080612,91.58,91.85,91.56,91.71,800,59.14
20080611,92.83,93.05,91.44,91.51,2300,59.01
20080610,93.70,93.70,92.05,92.05,1000,59.36
20080609,93.64,93.76,93.60,93.65,3100,60.39
20080606,92.47,93.60,92.47,93.60,10700,60.36
20080605,91.62,91.75,91.17,91.17,1300,58.79
20080604,91.32,91.32,91.32,91.32,200,58.89
20080603,91.40,92.85,91.40,92.82,3200,59.85
20080602,91.77,91.77,89.40,89.40,2900,57.65
20080530,91.72,91.72,91.39,91.39,1300,58.93
20080529,90.46,90.95,89.90,90.66,5800,58.46
20080528,92.20,92.20,89.00,90.49,7700,58.35
20080527,93.43,93.43,92.73,92.75,2200,59.81
20080523,94.38,94.38,94.08,94.08,1100,60.67
20080522,93.55,93.55,93.04,93.04,500,60.00
20080521,94.80,94.95,94.80,94.90,500,61.20
20080520,93.43,93.43,93.43,93.43,000,60.25
20080519,94.50,94.50,93.43,93.43,1100,60.25
20080516,94.70,94.82,94.47,94.82,8100,61.14
20080515,93.19,93.70,93.19,93.70,1400,60.42
20080514,91.19,94.10,91.19,92.47,2700,59.63
20080513,92.72,93.46,92.72,93.40,300,60.23
20080512,95.92,96.17,95.47,95.47,400,61.56
20080509,95.13,95.13,95.13,95.13,300,61.34
20080508,93.62,93.62,93.40,93.46,400,60.27
20080507,94.69,94.69,92.33,93.20,2500,60.10
20080506,92.63,92.63,92.63,92.63,100,59.73
20080505,94.53,94.53,94.53,94.53,000,60.96
20080502,94.53,94.53,94.53,94.53,100,60.96
20080501,96.77,96.77,91.18,95.80,1200,61.78
20080430,95.18,95.18,94.72,95.00,900,61.26
20080429,91.85,95.18,91.85,94.32,2100,60.82
20080428,94.07,94.07,92.97,93.87,1800,60.53
20080425,95.95,95.95,95.95,95.95,000,61.87
20080424,95.95,95.95,95.95,95.95,000,61.87
20080423,95.99,95.99,94.57,95.95,500,61.87
20080422,96.00,96.11,95.89,96.06,1100,61.94
20080421,94.86,96.16,94.86,95.88,700,61.83
20080418,94.04,94.11,94.04,94.11,300,60.69
20080417,95.42,95.42,94.17,94.30,2100,60.81
20080416,96.53,96.62,96.01,96.01,1000,61.91
20080415,98.10,98.10,97.40,97.40,300,62.81
20080414,102.83,102.83,97.05,99.68,2600,64.28
20080411,100.25,100.32,100.25,100.32,1500,64.69
20080410,99.42,99.84,99.09,99.09,700,63.90
20080409,99.74,99.74,99.64,99.64,300,64.25
20080408,98.98,98.98,98.98,98.98,100,63.83
20080407,99.77,99.77,99.77,99.77,000,64.34
20080404,99.77,99.77,99.74,99.77,300,64.34
20080403,98.41,98.88,98.19,98.19,1300,63.32
20080402,97.48,98.45,97.38,98.18,2100,63.31
20080401,98.56,98.56,97.35,97.35,500,62.78
20080331,100.13,100.71,99.93,99.93,1000,64.44
20080328,97.93,97.93,97.93,97.93,000,63.15
20080327,98.88,98.88,97.93,97.93,600,63.15
20080326,100.65,100.65,99.61,99.61,800,64.23
20080325,99.83,99.87,98.54,98.96,2500,63.81
20080324,102.71,102.71,99.50,99.50,4500,63.72
20080320,101.34,102.67,101.15,102.67,1400,65.75
20080319,99.18,101.52,96.79,101.52,2500,65.01
20080318,101.61,101.61,96.66,99.12,1200,63.48
20080317,98.62,99.76,98.33,99.49,2700,63.71
20080314,96.32,96.53,95.75,95.75,3800,61.32
20080313,96.26,96.26,95.91,95.91,2100,61.42
20080312,92.62,94.70,92.62,94.26,3200,60.36
20080311,94.45,94.45,93.81,93.81,1300,60.08
20080310,93.73,94.65,92.50,94.65,6900,60.61
20080307,95.20,95.22,93.71,93.90,5700,60.13
20080306,94.56,94.56,94.56,94.56,000,60.56
20080305,94.56,94.56,94.56,94.56,000,60.56
20080304,96.30,96.30,94.54,94.56,700,60.56
20080303,96.40,96.40,94.25,96.37,700,61.72
20080229,95.40,95.40,94.41,94.57,2100,60.56
20080228,93.66,93.66,93.66,93.66,100,59.98
20080227,92.00,92.00,88.86,90.33,6100,57.85
20080226,91.20,91.55,89.50,90.73,3100,58.10
20080225,93.60,93.60,89.28,89.28,11400,57.18
20080222,93.99,94.60,92.99,92.99,2800,59.55
20080221,93.60,93.73,93.15,93.15,2000,59.65
20080220,89.46,90.96,89.46,90.96,9400,58.25
20080219,90.70,91.15,90.02,90.49,9500,57.95
20080215,90.83,91.90,90.83,91.48,1300,58.58
20080214,92.48,92.48,90.80,90.86,9200,58.19
20080213,93.75,94.11,93.20,94.11,3200,60.27
20080212,95.00,95.00,94.00,94.67,9900,60.63
20080211,96.53,96.53,95.88,95.96,1400,61.45
20080208,94.58,95.57,94.58,95.57,1500,61.20
20080207,99.39,99.39,93.57,93.57,7700,59.92
20080206,97.11,97.11,97.11,97.11,100,62.19
20080205,98.79,98.83,97.83,98.27,7800,62.93
20080204,97.11,97.52,97.11,97.52,200,62.45
20080201,98.02,98.50,98.02,98.40,2600,63.02
20080131,98.09,98.09,97.57,97.99,500,62.75
20080130,97.24,97.24,95.79,95.79,3600,61.34
20080129,98.24,98.24,96.28,97.90,2100,62.70
