20140814,66.86,67.00,66.81,67.00,84400,67.00
20140813,66.51,66.78,66.47,66.72,26400,66.72
20140812,66.32,66.40,66.12,66.30,171000,66.30
20140811,66.45,66.61,66.34,66.37,22400,66.37
20140808,65.53,66.19,65.40,66.16,21900,66.16
20140807,66.07,66.10,65.29,65.42,20400,65.42
20140806,65.46,66.00,65.40,65.76,24600,65.76
20140805,66.18,66.23,65.52,65.79,60800,65.79
20140804,66.09,66.56,65.82,66.41,27100,66.41
20140801,65.92,66.27,65.62,65.94,57900,65.94
20140731,66.97,66.97,66.11,66.13,57900,66.13
20140730,67.70,67.80,67.25,67.51,86400,67.51
20140729,67.85,67.89,67.47,67.49,15300,67.49
20140728,67.72,67.80,67.37,67.70,37600,67.70
20140725,67.87,67.87,67.61,67.68,12600,67.68
20140724,68.08,68.13,67.97,68.03,15900,68.03
20140723,67.92,68.10,67.87,68.05,18600,68.05
20140722,67.85,67.95,67.79,67.86,27800,67.86
20140721,67.41,67.62,67.26,67.55,29200,67.55
20140718,67.26,67.69,67.19,67.67,23700,67.67
20140717,67.58,67.76,66.91,66.97,35900,66.97
20140716,67.84,67.86,67.58,67.77,20500,67.77
20140715,67.66,67.75,67.25,67.50,35300,67.50
20140714,67.51,67.70,67.51,67.59,61300,67.59
20140711,67.05,67.28,67.05,67.24,15000,67.24
20140710,66.79,67.30,66.72,67.15,29000,67.15
20140709,67.29,67.47,67.15,67.37,18800,67.37
20140708,67.47,67.47,66.94,67.11,30300,67.11
20140707,67.70,67.70,67.45,67.53,33900,67.53
20140703,67.67,67.81,67.63,67.80,14400,67.80
20140702,67.45,67.49,67.39,67.45,8400,67.45
20140701,67.16,67.58,67.16,67.41,44400,67.41
20140630,66.96,67.08,66.90,66.94,58800,66.94
20140627,66.74,66.96,66.70,66.96,34400,66.96
20140626,66.97,66.97,66.42,66.83,34800,66.83
20140625,66.45,66.97,66.45,66.95,12400,66.95
20140624,66.94,67.17,66.55,66.55,28800,66.55
20140623,66.98,67.05,66.87,67.03,23600,67.03
20140620,67.35,67.37,67.26,67.31,31600,67.00
20140619,67.24,67.24,67.01,67.20,24800,66.89
20140618,66.58,67.14,66.53,67.14,25400,66.83
20140617,66.29,66.65,66.29,66.62,21200,66.32
20140616,66.34,66.58,66.25,66.46,35800,66.16
20140613,66.36,66.44,66.15,66.37,45200,66.07
20140612,66.62,66.64,66.07,66.19,28000,65.89
20140611,66.72,66.74,66.53,66.65,19800,66.35
20140610,66.70,66.89,66.64,66.89,31800,66.59
20140609,66.73,66.97,66.71,66.82,19900,66.52
20140606,66.65,66.78,66.63,66.75,16800,66.45
20140605,66.08,66.52,65.97,66.47,19600,66.17
20140604,65.85,66.10,65.80,66.08,39200,65.78
20140603,65.72,65.97,65.69,65.92,33900,65.62
20140602,66.08,66.08,65.69,65.98,30600,65.68
20140530,65.74,65.97,65.72,65.95,19600,65.65
20140529,65.68,65.82,65.60,65.82,16000,65.52
20140528,65.56,65.63,65.38,65.50,59200,65.20
20140527,65.41,65.54,65.36,65.50,29200,65.20
20140523,64.96,65.17,64.96,65.14,17500,64.84
20140522,64.75,65.01,64.65,64.90,26400,64.60
20140521,64.37,64.73,64.37,64.72,29100,64.43
20140520,64.55,64.55,64.01,64.19,18000,63.90
20140519,64.20,64.60,64.20,64.55,27400,64.26
20140516,64.00,64.30,63.89,64.30,18900,64.01
20140515,64.47,64.53,63.81,64.08,28100,63.79
20140514,64.87,64.92,64.59,64.66,11800,64.37
20140513,65.02,65.07,64.92,64.97,17400,64.67
20140512,64.61,64.92,64.61,64.92,44200,64.62
20140509,64.22,64.29,63.94,64.29,25500,64.00
20140508,64.21,64.60,63.98,64.13,21300,63.84
20140507,64.10,64.27,63.69,64.24,22600,63.95
20140506,64.26,64.28,63.88,63.89,21200,63.60
20140505,64.00,64.48,63.84,64.47,30800,64.18
20140502,64.54,64.64,64.26,64.32,16700,64.03
20140501,64.39,64.56,64.26,64.39,42100,64.10
20140430,64.11,64.44,64.07,64.39,29700,64.10
20140429,64.16,64.31,64.01,64.25,41200,63.96
20140428,63.92,64.13,63.34,64.00,45000,63.71
20140425,63.96,64.01,63.60,63.74,26700,63.45
20140424,64.46,64.46,64.00,64.22,19600,63.93
20140423,64.14,64.21,64.04,64.13,185800,63.84
20140422,64.09,64.42,64.03,64.21,30600,63.92
20140421,63.81,63.97,63.73,63.97,25000,63.68
20140417,63.55,63.83,63.45,63.73,18800,63.44
20140416,63.36,63.62,63.12,63.62,20500,63.33
20140415,62.59,62.95,62.10,62.95,30600,62.66
20140414,62.52,62.62,62.05,62.52,27400,62.24
20140411,62.16,62.60,61.97,62.04,41900,61.76
20140410,63.83,63.84,62.55,62.59,41000,62.31
20140409,63.44,63.95,63.26,63.95,31600,63.66
20140408,62.97,63.26,62.74,63.20,17300,62.91
20140407,63.48,63.53,62.90,63.00,24600,62.71
20140404,64.81,64.81,63.62,63.63,20400,63.34
20140403,64.62,64.62,64.22,64.43,28000,64.14
20140402,64.45,64.55,64.30,64.55,27500,64.26
20140401,64.01,64.31,64.01,64.31,24600,64.02
20140331,63.79,63.97,63.76,63.88,34200,63.59
20140328,63.32,63.68,63.27,63.34,22400,63.05
20140327,63.26,63.35,62.93,63.12,28800,62.83
20140326,63.86,63.97,63.25,63.26,28000,62.97
20140325,63.73,63.85,63.37,63.68,22200,63.39
20140324,63.91,63.92,63.08,63.32,23000,63.03
20140321,64.47,64.52,63.89,63.91,18900,63.34
20140320,63.65,64.17,63.57,64.14,26500,63.57
20140319,64.13,64.22,63.39,63.72,30900,63.16
20140318,63.85,64.17,63.77,64.13,20400,63.56
20140317,63.41,63.73,63.41,63.64,21500,63.08
20140314,63.10,63.43,63.00,63.00,23400,62.44
20140313,64.12,64.21,63.16,63.27,17000,62.71
20140312,63.61,63.97,63.56,63.97,11200,63.40
20140311,64.43,64.43,63.88,63.93,17500,63.36
20140310,64.23,64.30,63.96,64.27,24400,63.70
20140307,64.49,64.49,64.05,64.25,13400,63.68
20140306,64.23,64.40,64.20,64.25,31500,63.68
20140305,64.13,64.20,64.04,64.10,18200,63.53
20140304,63.83,64.16,63.78,64.09,27800,63.52
20140303,63.00,63.26,62.74,63.13,68600,62.57
20140228,63.57,63.87,63.20,63.57,21900,63.01
20140227,63.05,63.40,62.96,63.40,8900,62.84
20140226,63.25,63.30,62.94,63.06,15800,62.50
20140225,63.22,63.31,62.97,63.07,74200,62.51
20140224,62.92,63.55,62.92,63.11,18500,62.55
20140221,63.04,63.13,62.77,62.77,22100,62.21
20140220,62.65,62.97,62.48,62.88,49000,62.32
20140219,62.84,63.19,62.49,62.53,20900,61.98
20140218,63.03,63.06,62.88,62.98,44100,62.42
20140214,62.59,63.05,62.59,62.94,43600,62.38
20140213,61.88,62.64,61.88,62.61,21100,62.06
20140212,62.36,62.45,62.12,62.22,20700,61.67
20140211,61.59,62.39,61.59,62.22,28900,61.67
20140210,61.49,61.55,61.31,61.55,25700,61.01
20140207,60.99,61.49,60.82,61.43,32800,60.89
20140206,60.11,60.64,60.11,60.63,25600,60.09
20140205,59.82,60.04,59.46,59.90,23300,59.37
20140204,59.90,60.10,59.70,59.98,61900,59.45
20140203,60.91,60.91,59.47,59.55,71700,59.02
20140131,60.57,61.28,60.49,60.87,60300,60.33
20140130,61.10,61.49,60.98,61.29,12900,60.75
20140129,60.73,61.02,60.50,60.63,32100,60.09
20140128,60.90,61.27,60.90,61.19,23500,60.65
20140127,61.25,61.33,60.59,60.87,134400,60.33
20140124,62.15,62.15,61.26,61.26,79300,60.72
20140123,62.71,62.71,62.19,62.44,48500,61.89
20140122,63.16,63.16,62.92,63.03,48400,62.47
20140121,63.23,63.23,62.62,62.98,25700,62.42
20140117,63.04,63.09,62.80,62.81,11900,62.25
20140116,63.03,63.08,62.92,63.07,23500,62.51
20140115,62.96,63.22,62.96,63.14,34400,62.58
20140114,62.26,62.82,62.24,62.80,26700,62.24
20140113,62.85,62.93,62.01,62.09,130700,61.54
20140110,62.94,62.94,62.59,62.92,35200,62.36
20140109,63.02,63.02,62.56,62.80,32800,62.24
20140108,62.82,62.85,62.59,62.76,33400,62.20
20140107,62.71,62.88,62.65,62.79,30000,62.23
20140106,62.83,62.83,62.28,62.45,88300,61.90
20140103,62.73,62.78,62.53,62.57,35600,62.02
20140102,62.99,62.99,62.48,62.59,74300,62.04
20131231,63.01,63.17,62.95,63.16,44600,62.60
20131230,62.93,62.94,62.82,62.88,54200,62.32
20131227,63.09,63.09,62.88,62.94,142900,62.38
20131226,62.76,62.96,62.74,62.93,18900,62.37
20131224,62.50,62.62,62.46,62.59,16200,62.04
20131223,62.46,62.50,62.33,62.44,40900,61.89
20131220,61.92,62.28,61.91,62.15,23500,61.60
20131219,62.06,62.21,61.91,62.20,35800,61.29
20131218,61.28,62.21,60.92,62.21,23600,61.30
20131217,61.45,61.45,61.02,61.14,44000,60.25
20131216,61.30,61.53,61.29,61.35,35300,60.46
20131213,61.07,61.10,60.86,60.96,31900,60.07
20131212,61.17,61.19,60.85,60.97,31400,60.08
20131211,61.91,61.91,61.12,61.18,30300,60.29
20131210,61.95,62.01,61.83,61.83,21200,60.93
20131209,61.99,62.12,61.97,62.01,32500,61.11
20131206,61.76,61.91,61.69,61.86,198200,60.96
20131205,61.39,61.48,61.17,61.22,36200,60.33
20131204,61.31,61.73,61.05,61.52,33000,60.62
20131203,61.57,61.67,61.30,61.54,29400,60.64
20131202,61.91,62.02,61.64,61.70,33000,60.80
20131129,61.99,62.18,61.87,61.91,201700,61.01
20131127,61.90,61.97,61.79,61.93,40800,61.03
20131126,61.76,61.95,61.70,61.79,23700,60.89
20131125,61.96,61.96,61.69,61.74,39400,60.84
20131122,61.58,61.81,61.52,61.80,199700,60.90
20131121,61.21,61.54,61.21,61.52,26200,60.62
20131120,61.39,61.50,60.89,61.07,49100,60.18
20131119,61.28,61.49,61.15,61.27,21300,60.38
20131118,61.72,61.72,61.24,61.35,21000,60.46
20131115,61.42,61.56,61.35,61.56,52700,60.66
20131114,61.00,61.35,60.98,61.33,24200,60.44
20131113,60.26,61.00,60.26,61.00,39600,60.11
20131112,60.53,60.59,60.36,60.49,23000,59.61
20131111,60.55,60.71,60.52,60.62,20700,59.74
20131108,59.86,60.64,59.86,60.64,202100,59.76
20131107,60.73,60.74,59.80,59.84,26100,58.97
20131106,60.60,60.71,60.44,60.59,17700,59.71
20131105,60.25,60.42,60.06,60.30,30100,59.42
20131104,60.50,60.50,60.25,60.45,19400,59.57
20131101,60.15,60.37,59.97,60.30,34800,59.42
20131031,60.32,60.51,60.13,60.13,25900,59.25
20131030,60.73,60.73,60.17,60.32,28900,59.44
20131029,60.47,60.59,60.37,60.59,29000,59.71
20131028,60.22,60.39,60.10,60.28,46900,59.40
20131025,60.12,60.20,59.96,60.20,21400,59.32
20131024,59.80,60.02,59.74,59.97,41300,59.10
20131023,59.86,59.86,59.59,59.71,23800,58.84
20131022,59.88,60.20,59.77,60.01,42400,59.14
20131021,59.74,59.76,59.57,59.66,38400,58.79
20131018,59.53,59.70,59.40,59.63,29400,58.76
20131017,58.68,59.26,58.68,59.24,41200,58.38
20131016,58.42,58.88,58.42,58.86,18900,58.00
20131015,58.38,58.54,58.07,58.07,24600,57.22
20131014,57.78,58.48,57.78,58.45,50000,57.60
20131011,57.70,58.19,57.70,58.13,47500,57.28
20131010,57.23,57.83,57.23,57.83,19300,56.99
20131009,56.73,56.79,56.22,56.60,30200,55.78
20131008,57.27,57.27,56.53,56.54,69000,55.72
20131007,57.26,57.55,57.24,57.24,42600,56.41
20131004,57.30,57.75,57.29,57.73,15700,56.89
20131003,57.73,57.73,57.07,57.29,33800,56.46
20131002,57.53,57.80,57.41,57.71,25100,56.87
20131001,57.43,57.90,57.43,57.88,31500,57.04
20130930,57.24,57.61,57.17,57.43,59400,56.59
20130927,57.79,57.84,57.68,57.80,25300,56.96
20130926,57.96,58.20,57.82,58.02,24500,57.17
20130925,57.97,58.08,57.78,57.83,13700,56.99
20130924,58.08,58.30,57.97,57.97,18900,57.13
20130923,58.34,58.34,58.00,58.10,54400,57.25
20130920,59.18,59.18,58.67,58.69,25200,57.54
20130919,59.29,59.35,59.04,59.07,58000,57.92
20130918,58.49,59.26,58.35,59.15,38900,57.99
20130917,58.20,58.48,58.20,58.45,12500,57.31
20130916,58.57,58.57,58.12,58.19,21300,57.05
20130913,57.90,57.92,57.76,57.91,20000,56.78
20130912,57.86,57.96,57.72,57.78,29600,56.65
20130911,57.64,57.89,57.61,57.89,18200,56.76
20130910,57.55,57.72,57.55,57.72,22500,56.59
20130909,56.87,57.31,56.87,57.31,8900,56.19
20130906,56.97,57.06,56.27,56.73,20800,55.62
20130905,56.74,56.87,56.70,56.74,19400,55.63
20130904,56.21,56.77,56.21,56.68,21700,55.57
20130903,56.47,56.60,56.02,56.18,29700,55.08
20130830,56.29,56.29,55.85,55.94,23700,54.85
20130829,55.95,56.45,55.95,56.17,19500,55.07
20130828,55.83,56.25,55.83,56.06,20700,54.96
20130827,56.20,56.39,55.82,55.85,23700,54.76
20130826,56.97,57.17,56.77,56.77,11100,55.66
20130823,56.87,57.01,56.64,56.97,32600,55.86
20130822,56.34,56.74,56.34,56.71,87800,55.60
20130821,56.40,56.71,56.16,56.34,44800,55.24
20130820,56.45,56.77,56.38,56.58,17900,55.47
20130819,56.64,56.81,56.36,56.36,29400,55.26
20130816,56.82,56.96,56.61,56.72,54600,55.61
20130815,57.24,57.24,56.77,56.90,41600,55.79
20130814,57.95,58.02,57.68,57.69,21900,56.56
20130813,57.91,58.02,57.55,57.96,13300,56.83
20130812,57.59,57.85,57.53,57.79,20000,56.66
20130809,57.95,58.12,57.79,57.84,22200,56.71
20130808,58.09,58.16,57.80,58.05,27000,56.92
20130807,57.87,57.93,57.65,57.85,15100,56.72
20130806,58.33,58.33,57.93,57.99,24800,56.86
20130805,58.30,58.42,58.25,58.34,12700,57.20
20130802,58.25,58.37,58.11,58.37,26600,57.23
20130801,58.06,58.36,58.06,58.32,37100,57.18
20130731,57.83,58.06,57.69,57.69,17800,56.56
20130730,57.82,57.93,57.59,57.67,22700,56.54
20130729,57.69,57.77,57.55,57.63,9900,56.50
20130726,57.58,57.88,57.37,57.87,16700,56.74
20130725,57.56,57.79,57.44,57.79,21500,56.66
20130724,58.06,58.06,57.50,57.67,26400,56.54
20130723,58.02,58.02,57.79,57.79,6000,56.66
20130722,57.79,57.92,57.72,57.89,9100,56.76
20130719,57.57,57.75,57.54,57.75,43500,56.62
20130718,57.47,57.82,57.47,57.71,32100,56.58
20130717,57.48,57.51,57.34,57.41,24000,56.29
20130716,57.47,57.48,57.12,57.25,34800,56.13
20130715,57.37,57.50,57.29,57.46,32400,56.34
20130712,57.19,57.31,57.09,57.29,35300,56.17
20130711,57.19,57.26,56.90,57.22,52600,56.10
20130710,56.39,56.59,56.26,56.43,62600,55.33
20130709,56.29,56.48,56.15,56.44,45100,55.34
20130708,55.94,56.11,55.90,56.01,35300,54.92
20130705,55.46,55.62,55.12,55.62,32100,54.53
20130703,54.83,55.24,54.77,55.12,14300,54.04
20130702,55.02,55.43,54.89,55.12,24300,54.04
20130701,55.11,55.48,55.03,55.07,67500,53.99
20130628,54.87,55.09,54.65,54.65,30600,53.58
20130627,55.11,55.29,55.03,55.03,35400,53.95
20130626,54.61,54.85,54.46,54.77,31200,53.70
20130625,54.20,54.36,53.94,54.23,21900,53.17
20130624,53.77,54.11,53.28,53.80,87800,52.75
20130621,54.95,54.95,54.18,54.65,47700,53.30
20130620,55.34,55.38,54.36,54.51,50400,53.17
20130619,56.64,56.64,55.90,55.90,26700,54.52
20130618,56.26,56.70,56.26,56.59,21000,55.20
20130617,56.21,56.46,55.94,56.20,35000,54.81
20130614,56.01,56.25,55.70,55.78,14500,54.41
20130613,55.23,56.21,55.14,56.14,60500,54.76
20130612,56.16,56.16,55.31,55.33,39500,53.97
20130611,55.70,56.21,55.65,55.76,35200,54.39
20130610,56.50,56.53,56.21,56.33,32200,54.94
20130607,56.03,56.36,55.82,56.36,18700,54.97
20130606,55.10,55.59,54.81,55.59,46900,54.22
20130605,55.74,55.85,55.15,55.19,65900,53.83
20130604,56.17,56.38,55.66,55.96,24900,54.58
20130603,55.97,56.15,55.64,56.15,24500,54.77
20130531,56.52,56.77,55.90,55.90,17800,54.52
20130530,56.48,56.91,56.48,56.69,38400,55.29
20130529,56.52,56.64,56.19,56.51,45200,55.12
20130528,57.05,57.30,56.71,56.84,33700,55.44
20130524,56.20,56.48,56.05,56.41,16300,55.02
20130523,56.04,56.65,56.00,56.52,16700,55.13
20130522,57.16,57.60,56.49,56.67,42400,55.27
20130521,57.06,57.24,56.86,57.09,19800,55.68
20130520,56.95,57.21,56.87,56.97,34100,55.57
20130517,56.69,57.03,56.64,57.03,14600,55.62
20130516,56.59,56.75,56.41,56.47,22900,55.08
20130515,56.35,56.79,56.34,56.72,35100,55.32
20130514,55.91,56.44,55.91,56.41,36000,55.02
20130513,55.74,55.93,55.62,55.87,30700,54.49
20130510,55.66,55.81,55.55,55.81,20200,54.43
20130509,55.80,55.90,55.56,55.58,49100,54.21
20130508,55.50,55.82,55.44,55.80,77200,54.42
20130507,55.42,55.58,55.29,55.57,23800,54.20
20130506,55.25,55.36,55.21,55.29,13600,53.93
20130503,55.05,55.34,55.05,55.19,25600,53.83
20130502,54.26,54.67,54.26,54.63,13200,53.28
20130501,54.52,54.53,54.07,54.14,76700,52.81
20130430,54.44,54.63,54.31,54.63,15100,53.28
20130429,54.22,54.58,54.19,54.48,24000,53.14
20130426,54.13,54.21,53.95,54.15,20800,52.82
20130425,54.06,54.41,54.06,54.16,23800,52.83
20130424,53.91,54.11,53.91,54.01,24500,52.68
20130423,53.66,53.99,53.48,53.98,46300,52.65
20130422,53.28,53.50,52.98,53.39,224000,52.07
20130419,52.86,53.16,52.74,53.15,155400,51.84
20130418,53.13,53.13,52.58,52.72,38100,51.42
20130417,53.50,53.50,52.81,53.10,85300,51.79
20130416,53.54,53.90,53.40,53.88,57500,52.55
20130415,54.04,54.05,53.17,53.24,48500,51.93
20130412,54.27,54.38,54.04,54.30,35400,52.96
20130411,54.26,54.58,54.21,54.45,27900,53.11
20130410,53.80,54.34,53.80,54.26,44900,52.92
20130409,53.51,53.84,53.38,53.64,21900,52.32
20130408,53.14,53.44,53.00,53.44,16100,52.12
20130405,52.73,53.19,52.64,53.14,55900,51.83
20130404,53.19,53.38,53.12,53.38,63400,52.06
20130403,53.73,53.73,53.07,53.18,55100,51.87
20130402,53.55,53.79,53.54,53.67,31500,52.35
20130401,53.53,53.62,53.27,53.39,41000,52.07
20130328,53.40,53.60,53.40,53.54,20700,52.22
20130327,53.11,53.42,53.02,53.39,43500,52.07
20130326,53.19,53.41,53.19,53.40,34800,52.08
20130325,53.37,53.40,52.80,53.01,24700,51.70
20130322,52.88,53.15,52.88,53.15,28800,51.84
20130321,53.14,53.31,52.96,53.02,48400,51.48
20130320,53.37,53.51,53.33,53.43,19900,51.88
20130319,53.35,53.35,52.78,53.11,36500,51.57
20130318,53.00,53.41,52.93,53.21,62400,51.67
20130315,53.49,53.53,53.33,53.50,30400,51.95
20130314,53.38,53.57,53.38,53.54,40700,51.99
20130313,53.25,53.37,53.14,53.28,27700,51.74
20130312,53.35,53.37,53.12,53.25,16200,51.71
20130311,53.14,53.37,53.08,53.36,33500,51.81
20130308,53.14,53.23,52.93,53.15,37900,51.61
20130307,52.89,53.02,52.89,52.99,33100,51.45
20130306,52.94,52.96,52.74,52.86,26400,51.33
20130305,52.56,52.90,52.55,52.74,32600,51.21
20130304,51.93,52.28,51.85,52.28,58600,50.76
20130301,51.66,52.07,51.51,52.04,35900,50.53
20130228,52.05,52.26,51.82,51.82,28000,50.32
20130227,51.34,52.11,51.34,51.98,28900,50.47
20130226,51.23,51.39,50.94,51.35,60000,49.86
20130225,52.20,52.27,51.03,51.03,75300,49.55
20130222,51.71,51.92,51.62,51.92,15500,50.41
20130221,51.69,51.69,51.35,51.50,27500,50.01
20130220,52.35,52.35,51.77,51.80,48400,50.30
20130219,52.09,52.38,52.09,52.37,39200,50.85
20130215,52.14,52.17,51.87,51.96,24400,50.45
20130214,51.93,52.14,51.86,52.10,23000,50.59
20130213,52.13,52.17,51.93,52.05,24500,50.54
20130212,51.97,52.09,51.90,52.00,30700,50.49
20130211,51.96,51.96,51.85,51.94,15700,50.43
20130208,51.80,51.97,51.79,51.93,79000,50.42
20130207,51.81,51.81,51.32,51.67,25700,50.17
20130206,51.54,51.75,51.52,51.72,40300,50.22
20130205,51.49,51.85,51.48,51.73,151600,50.23
20130204,51.45,51.52,51.16,51.19,61400,49.71
20130201,51.60,51.81,51.49,51.78,30800,50.28
20130131,51.30,51.46,51.26,51.26,71000,49.77
20130130,51.62,51.65,51.34,51.39,50400,49.90
20130129,51.28,51.64,51.28,51.61,44500,50.11
20130128,51.44,51.44,51.25,51.34,101200,49.85
20130125,51.34,51.41,51.17,51.35,49600,49.86
20130124,51.08,51.39,51.04,51.18,124700,49.70
20130123,51.08,51.19,51.00,51.16,76800,49.68
20130122,50.82,51.06,50.68,51.06,44100,49.58
20130118,50.64,50.84,50.50,50.82,74400,49.35
20130117,50.57,50.81,50.51,50.67,31800,49.20
20130116,50.30,50.46,50.25,50.40,79200,48.94
20130115,50.16,50.43,50.15,50.43,24700,48.97
20130114,50.31,50.41,50.22,50.30,72400,48.84
20130111,50.41,50.46,50.28,50.42,47100,48.96
20130110,50.31,50.43,50.08,50.42,86600,48.96
20130109,50.01,50.14,49.93,50.01,47500,48.56
20130108,49.94,50.00,49.71,49.89,90300,48.44
20130107,49.98,50.06,49.85,50.01,181900,48.56
20130104,50.03,50.23,49.96,50.16,45600,48.71
20130103,50.04,50.15,49.83,49.95,161300,48.50
20130102,49.88,50.00,49.61,50.00,80400,48.55
20121231,47.91,48.83,47.87,48.83,123900,47.41
20121228,48.22,48.42,47.96,47.97,104100,46.58
20121227,48.58,48.68,47.96,48.57,74700,47.16
20121226,48.92,48.92,48.45,48.58,39700,47.17
20121224,48.82,48.82,48.73,48.79,39900,47.38
20121221,48.66,48.98,48.64,48.87,125100,47.45
20121220,49.12,49.37,49.02,49.37,63500,47.94
20121219,49.95,49.95,49.49,49.50,108100,47.70
20121218,49.47,49.93,49.36,49.88,61400,48.07
20121217,48.90,49.36,48.90,49.36,63700,47.56
20121214,48.84,48.92,48.70,48.77,30500,47.00
20121213,49.25,49.35,48.86,48.99,40700,47.21
20121212,49.42,49.58,49.21,49.22,30500,47.43
20121211,49.11,49.41,49.08,49.23,50300,47.44
20121210,48.81,49.01,48.81,48.92,99300,47.14
20121207,48.91,48.97,48.69,48.90,104100,47.12
20121206,48.55,48.74,48.50,48.73,100400,46.96
20121205,48.55,48.76,48.25,48.53,43000,46.76
20121204,48.56,48.69,48.44,48.51,100300,46.74
20121203,49.04,49.08,48.58,48.60,50000,46.83
20121130,48.85,48.91,48.67,48.83,51500,47.05
20121129,48.80,48.91,48.59,48.80,161200,47.02
20121128,47.96,48.58,47.74,48.56,719300,46.79
20121127,48.35,48.53,48.19,48.19,44800,46.44
20121126,48.28,48.43,48.18,48.43,83400,46.67
20121123,48.22,48.51,48.10,48.51,23500,46.74
20121121,47.84,47.92,47.73,47.89,46000,46.15
20121120,47.70,47.86,47.50,47.77,70200,46.03
20121119,47.34,47.73,47.33,47.73,41700,45.99
20121116,46.64,46.88,46.29,46.81,194800,45.11
20121115,46.61,46.81,46.38,46.57,129300,44.88
20121114,47.45,47.45,46.54,46.63,71100,44.93
20121113,47.23,47.71,47.14,47.25,37800,45.53
20121112,47.54,47.64,47.38,47.48,45700,45.75
20121109,47.25,47.81,47.22,47.47,56600,45.74
20121108,48.04,48.18,47.43,47.43,43700,45.70
20121107,48.64,48.64,47.75,48.00,72500,46.25
20121106,48.87,49.24,48.81,49.06,35100,47.27
20121105,48.56,48.79,48.42,48.73,24900,46.96
20121102,49.37,49.37,48.59,48.63,44800,46.86
20121101,48.71,49.10,48.65,49.06,29600,47.27
20121031,48.79,48.79,48.38,48.59,41900,46.82
20121026,48.56,48.72,48.26,48.53,30600,46.76
20121025,48.86,48.89,48.34,48.60,40700,46.83
20121024,48.82,48.82,48.44,48.50,21400,46.74
20121023,48.74,48.79,48.42,48.62,42400,46.85
20121022,49.23,49.36,48.91,49.32,29500,47.53
20121019,50.06,50.06,49.19,49.32,175400,47.53
20121018,50.16,50.26,49.98,50.16,45200,48.33
20121017,50.02,50.33,50.02,50.27,19500,48.44
20121016,49.82,50.10,49.80,50.06,39800,48.24
20121015,49.29,49.60,49.16,49.58,30200,47.78
20121012,49.30,49.38,49.05,49.15,37700,47.36
20121011,49.66,49.67,49.32,49.33,37100,47.54
20121010,49.61,49.61,49.23,49.29,27600,47.50
20121009,50.01,50.08,49.57,49.58,89100,47.78
20121008,50.13,50.16,49.97,50.09,28900,48.27
20121005,50.55,50.61,50.13,50.23,28700,48.40
20121004,50.12,50.31,50.08,50.28,32300,48.45
20121003,49.80,50.01,49.67,49.93,51100,48.11
20121002,49.87,49.91,49.47,49.69,26400,47.88
20121001,49.73,50.08,49.59,49.64,89300,47.83
20120928,49.58,49.74,49.39,49.55,33600,47.75
20120927,49.51,49.85,49.38,49.77,42700,47.96
20120926,49.55,49.55,49.17,49.28,47900,47.49
20120925,50.16,50.27,49.56,49.59,41400,47.79
20120924,49.90,50.19,49.84,50.10,33500,48.28
20120921,50.72,50.72,50.42,50.45,28400,48.33
20120920,50.21,50.45,50.17,50.45,49200,48.33
20120919,50.49,50.61,50.39,50.44,49700,48.32
20120918,50.32,50.48,50.28,50.42,39700,48.30
20120917,50.45,50.55,50.34,50.43,25300,48.31
20120914,50.50,50.90,50.44,50.57,48400,48.45
20120913,49.62,50.51,49.55,50.39,53100,48.28
20120912,49.64,49.65,49.50,49.59,36000,47.51
20120911,49.47,49.62,49.43,49.46,24800,47.38
20120910,49.58,49.66,49.32,49.33,36600,47.26
20120907,49.48,49.62,49.48,49.61,18900,47.53
20120906,48.73,49.40,48.73,49.40,67900,47.33
20120905,48.53,48.60,48.40,48.45,34000,46.42
20120904,48.53,48.61,48.22,48.46,44000,46.43
20120831,48.61,48.74,48.33,48.62,63200,46.58
20120830,48.45,48.46,48.25,48.33,51500,46.30
20120829,48.68,48.76,48.56,48.68,35500,46.64
20120828,48.54,48.76,48.49,48.64,182100,46.60
20120827,48.77,48.82,48.59,48.64,32100,46.60
20120824,48.23,48.71,48.23,48.63,47800,46.59
20120823,48.61,48.62,48.30,48.34,39400,46.31
20120822,48.62,48.78,48.45,48.71,56600,46.67
20120821,49.00,49.14,48.60,48.71,68800,46.67
20120820,48.83,48.85,48.65,48.81,23000,46.76
20120817,48.84,48.90,48.73,48.82,14200,46.77
20120816,48.54,48.84,48.41,48.77,44000,46.72
20120815,48.36,48.50,48.36,48.44,30300,46.41
20120814,48.58,48.58,48.29,48.36,35900,46.33
20120813,48.33,48.39,48.15,48.37,15500,46.34
20120810,48.14,48.40,48.05,48.37,18700,46.34
20120809,48.14,48.38,48.14,48.29,26500,46.26
20120808,48.05,48.28,47.91,48.19,43300,46.17
20120807,48.19,48.39,48.17,48.20,153600,46.18
20120806,48.03,48.19,47.97,47.99,95200,45.98
20120803,47.83,48.00,47.63,47.90,30200,45.89
20120802,46.97,47.29,46.70,46.99,30900,45.02
20120801,47.68,47.70,47.25,47.34,67100,45.35
20120731,47.54,47.71,47.45,47.46,64200,45.47
20120730,47.59,47.86,47.54,47.62,156300,45.62
20120727,47.06,47.78,46.96,47.64,31200,45.64
20120726,46.67,46.87,46.51,46.78,23300,44.82
20120725,46.16,46.26,45.85,46.02,20600,44.09
20120724,46.49,46.49,45.77,46.06,16800,44.13
20120723,46.24,46.55,46.04,46.48,24000,44.53
20120720,47.08,47.12,46.85,46.89,26900,44.92
20120719,47.32,47.43,47.15,47.33,26600,45.34
20120718,46.76,47.24,46.70,47.18,15000,45.20
20120717,46.68,46.91,46.31,46.88,18500,44.91
20120716,46.55,46.61,46.45,46.54,40200,44.59
20120713,46.02,46.66,46.02,46.64,27400,44.68
20120712,45.85,46.04,45.59,45.88,35200,43.95
20120711,46.15,46.19,45.83,46.12,29300,44.18
20120710,46.75,46.79,45.97,46.09,31000,44.16
20120709,46.50,46.57,46.29,46.48,20700,44.53
20120706,46.52,46.58,46.30,46.52,26600,44.57
20120705,46.99,47.12,46.88,46.93,67500,44.96
20120703,46.89,47.20,46.88,47.15,89900,45.17
20120702,46.87,46.97,46.53,46.84,45600,44.87
20120629,46.48,46.79,46.37,46.79,56400,44.83
20120628,45.47,45.64,45.14,45.62,59100,43.71
20120627,45.46,45.82,45.46,45.74,26400,43.82
20120626,45.29,45.47,45.01,45.35,57500,43.45
20120625,45.39,45.42,44.96,45.14,163400,43.25
20120622,45.95,46.15,45.81,46.08,35200,43.93
20120621,46.84,46.86,45.70,45.74,41300,43.61
20120620,46.78,46.94,46.43,46.69,72700,44.51
20120619,46.58,47.01,46.58,46.81,111100,44.63
20120618,45.93,46.52,45.93,46.37,53100,44.21
20120615,46.03,46.33,46.00,46.31,36700,44.15
20120614,45.46,46.02,45.34,45.87,150300,43.73
20120613,45.53,45.80,45.22,45.34,48400,43.23
20120612,45.29,45.68,45.10,45.65,38600,43.52
20120611,46.09,46.09,45.09,45.15,63500,43.05
20120608,45.24,45.67,45.09,45.67,43400,43.54
20120607,45.85,45.87,45.27,45.35,32700,43.24
20120606,44.64,45.29,44.64,45.29,66600,43.18
20120605,43.92,44.34,43.92,44.29,42100,42.23
20120604,44.10,44.14,43.68,44.03,61200,41.98
20120601,44.37,44.55,44.00,44.04,75900,41.99
20120531,45.21,45.46,44.74,45.12,30100,43.02
20120530,45.48,45.48,45.15,45.23,26700,43.12
20120529,45.69,45.90,45.56,45.84,40000,43.70
20120525,45.49,45.56,45.29,45.34,50300,43.23
20120524,45.54,45.56,45.14,45.46,26700,43.34
20120523,45.07,45.39,44.62,45.38,52000,43.27
20120522,45.39,45.70,45.11,45.35,23200,43.24
20120521,44.72,45.31,44.65,45.30,99600,43.19
20120518,45.16,45.21,44.51,44.61,63100,42.53
20120517,45.62,45.67,44.93,44.93,62000,42.84
20120516,45.98,46.14,45.59,45.60,49300,43.48
20120515,45.98,46.22,45.67,45.76,63000,43.63
20120514,46.08,46.32,45.94,45.98,64100,43.84
20120511,46.33,46.91,46.33,46.50,43000,44.33
20120510,46.90,46.99,46.57,46.66,58700,44.49
20120509,46.37,46.85,46.15,46.53,78400,44.36
20120508,46.76,46.89,46.30,46.83,79700,44.65
20120507,46.83,47.15,46.77,47.03,47000,44.84
20120504,47.50,47.54,46.95,47.01,58100,44.82
20120503,48.15,48.15,47.66,47.77,37000,45.54
20120502,48.01,48.13,47.87,48.11,46000,45.87
20120501,47.98,48.59,47.98,48.23,83600,45.98
20120430,48.10,48.10,47.88,47.98,38000,45.74
20120427,48.27,48.39,48.00,48.18,26100,45.93
20120426,47.69,48.15,47.69,48.11,35000,45.87
20120425,47.63,47.77,47.56,47.76,26300,45.53
20120424,46.99,47.23,46.95,47.12,19700,44.92
20120423,46.86,46.96,46.67,46.94,61000,44.75
20120420,47.47,47.61,47.30,47.30,19100,45.10
20120419,47.61,47.68,47.12,47.27,17300,45.07
20120418,47.53,47.70,47.52,47.55,12400,45.33
20120417,47.31,47.79,47.30,47.75,85200,45.52
20120416,47.31,47.31,46.89,47.02,25900,44.83
20120413,47.47,47.47,47.03,47.03,24200,44.84
20120412,47.10,47.63,47.10,47.60,13300,45.38
20120411,47.14,47.18,46.92,46.99,30600,44.80
20120410,47.37,47.47,46.64,46.67,40900,44.50
20120409,47.37,47.62,47.20,47.44,33500,45.23
20120405,47.84,48.06,47.82,47.94,10300,45.71
20120404,48.05,48.10,47.81,47.97,38800,45.73
20120403,48.56,48.63,48.17,48.41,96000,46.15
20120402,48.17,48.76,48.17,48.60,44700,46.34
20120330,48.31,48.37,48.05,48.25,63200,46.00
20120329,47.87,48.12,47.72,48.09,49500,45.85
20120328,48.41,48.45,47.90,48.14,105500,45.90
20120327,48.62,48.62,48.36,48.39,37200,46.14
20120326,48.23,48.53,48.22,48.53,37500,46.27
20120323,47.93,48.15,47.73,48.11,72100,45.67
20120322,47.92,48.04,47.77,47.92,86200,45.48
20120321,48.42,48.42,48.20,48.27,30200,45.82
20120320,48.22,48.41,48.10,48.34,36100,45.88
20120319,48.23,48.62,48.23,48.47,52400,46.01
20120316,48.28,48.36,48.20,48.30,69800,45.85
20120315,48.07,48.24,47.93,48.22,65200,45.77
20120314,48.02,48.10,47.80,47.96,86800,45.52
20120313,47.38,48.00,47.34,47.98,31200,45.54
20120312,47.15,47.19,46.96,47.14,79700,44.74
20120309,47.06,47.23,47.02,47.09,76500,44.70
20120308,46.83,47.05,46.69,46.95,100400,44.56
20120307,46.28,46.57,46.25,46.51,79600,44.15
20120306,46.41,46.41,46.05,46.18,107800,43.83
20120305,46.93,47.00,46.69,46.87,124700,44.49
20120302,47.16,47.19,46.93,47.06,46200,44.67
20120301,47.06,47.26,46.98,47.21,134000,44.81
20120229,47.18,47.31,46.85,46.88,87600,44.50
20120228,46.98,47.14,46.86,47.13,63400,44.73
20120227,46.57,47.04,46.48,46.95,138500,44.56
20120224,46.86,46.95,46.76,46.82,37200,44.44
20120223,46.55,46.77,46.39,46.72,45800,44.35
20120222,46.58,46.66,46.46,46.55,75000,44.18
20120221,46.76,46.86,46.54,46.65,68200,44.28
20120217,46.66,46.68,46.48,46.63,62800,44.26
20120216,45.99,46.54,45.94,46.54,58000,44.17
20120215,46.42,46.45,45.93,45.97,99900,43.63
20120214,46.19,46.22,45.90,46.22,42000,43.87
20120213,46.41,46.41,46.12,46.27,49000,43.92
20120210,45.90,45.96,45.78,45.91,54900,43.58
20120209,46.31,46.33,46.03,46.29,36200,43.94
20120208,46.15,46.21,45.94,46.21,33500,43.86
20120207,45.90,46.14,45.70,46.06,43400,43.72
20120206,45.83,45.99,45.75,45.99,41100,43.65
20120203,45.78,45.99,45.74,45.98,58800,43.64
20120202,45.34,45.44,45.23,45.36,22000,43.05
20120201,45.22,45.52,45.21,45.25,20300,42.95
20120131,45.20,45.21,44.68,44.89,77200,42.61
20120130,44.66,44.92,44.48,44.89,55200,42.61
20120127,44.93,45.11,44.85,45.04,50800,42.75
20120126,45.50,45.56,44.92,45.09,48000,42.80
20120125,44.86,45.41,44.73,45.31,45300,43.01
20120124,44.78,44.97,44.70,44.95,54400,42.67
20120123,45.03,45.24,44.85,45.05,30200,42.76
20120120,44.91,45.03,44.82,45.03,77000,42.74
20120119,44.91,44.99,44.74,44.95,56800,42.67
20120118,44.29,44.77,44.20,44.74,54200,42.47
20120117,44.55,44.62,44.19,44.28,98000,42.03
20120113,44.04,44.16,43.73,44.16,35200,41.92
20120112,44.31,44.37,44.02,44.34,47400,42.09
20120111,44.08,44.28,44.02,44.26,62300,42.01
20120110,44.32,44.35,44.14,44.19,62400,41.94
20120109,43.83,43.85,43.62,43.82,67900,41.59
20120106,43.81,43.90,43.56,43.73,203700,41.51
20120105,43.46,43.88,43.29,43.82,68600,41.59
20120104,43.55,43.75,43.38,43.71,59000,41.49
20120103,43.67,43.90,43.61,43.67,63500,41.45
20111230,43.06,43.19,43.00,43.01,31500,40.82
20111229,42.87,43.17,42.87,43.11,83500,40.92
20111228,43.24,43.24,42.67,42.73,45400,40.56
20111227,43.20,43.37,43.12,43.26,224300,41.06
20111223,42.94,43.23,42.90,43.23,35600,41.03
20111222,42.63,42.88,42.59,42.82,52800,40.64
20111221,42.36,42.53,42.04,42.48,59300,40.32
20111220,42.14,42.74,42.14,42.65,124000,40.22
20111219,42.07,42.09,41.36,41.45,154400,39.09
20111216,42.09,42.29,41.80,41.91,61900,39.52
20111215,42.08,42.12,41.78,41.81,71200,39.43
20111214,42.00,42.00,41.62,41.71,65200,39.33
20111213,42.73,42.93,42.04,42.13,51100,39.73
20111212,42.70,42.79,42.16,42.48,70000,40.06
20111209,42.80,43.22,42.72,43.09,29800,40.63
20111208,43.10,43.10,42.34,42.34,30300,39.93
20111207,42.86,43.46,42.76,43.32,69900,40.85
20111206,43.14,43.43,43.00,43.22,109700,40.76
20111205,43.30,43.45,42.91,43.13,22600,40.67
20111202,43.13,43.21,42.67,42.68,68000,40.25
20111201,42.65,42.92,42.52,42.66,65000,40.23
20111130,42.19,42.79,42.17,42.79,26700,40.35
20111129,41.03,41.29,40.89,41.00,56400,38.66
20111128,40.91,41.06,40.64,40.88,108600,38.55
20111125,39.74,40.25,39.74,39.82,39000,37.55
20111123,40.37,40.37,39.86,39.86,92400,37.59
20111122,40.78,40.99,40.57,40.76,77700,38.44
20111121,41.12,41.12,40.57,40.91,44600,38.58
20111118,41.94,41.96,41.54,41.71,98100,39.33
20111117,42.35,42.36,41.46,41.72,159000,39.34
20111116,42.74,43.17,42.38,42.41,81400,39.99
20111115,42.81,43.33,42.69,43.11,100800,40.65
20111114,43.18,43.19,42.82,42.92,50100,40.47
20111111,43.07,43.42,43.04,43.32,30200,40.85
20111110,42.66,42.69,42.14,42.48,75700,40.06
20111109,42.68,42.85,42.02,42.15,93700,39.75
20111108,43.33,43.77,43.01,43.67,24400,41.18
20111107,42.91,43.15,42.62,43.15,6900,40.69
20111104,42.79,42.90,42.40,42.82,8200,40.38
20111103,42.75,43.14,42.25,43.14,19300,40.68
20111102,42.37,42.46,42.00,42.34,63600,39.93
20111101,41.66,42.16,41.46,41.68,55100,39.30
20111031,43.38,43.47,42.87,42.87,21400,40.43
20111028,43.70,44.00,43.68,43.94,24100,41.44
20111027,43.71,44.20,43.30,43.95,52000,41.45
20111026,42.56,42.64,41.84,42.51,21900,40.09
20111025,42.63,42.63,42.00,42.04,52600,39.64
20111024,42.49,42.96,42.47,42.91,47600,40.46
20111021,42.16,42.40,42.02,42.40,43000,39.98
20111020,41.54,41.74,41.02,41.62,21700,39.25
20111019,41.97,42.10,41.33,41.45,47500,39.09
20111018,41.12,42.15,40.89,41.94,104200,39.55
20111017,41.71,41.80,41.10,41.12,37600,38.78
20111014,41.81,41.93,41.57,41.93,46400,39.54
20111013,41.15,41.37,40.85,41.25,25500,38.90
20111012,41.36,41.77,41.27,41.42,43300,39.06
20111011,40.76,41.09,40.74,40.96,91200,38.63
20111010,40.27,40.95,40.27,40.95,58900,38.62
20111007,40.12,40.12,39.48,39.63,56300,37.37
20111006,39.19,39.92,38.91,39.92,38000,37.65
20111005,38.59,39.25,38.27,39.19,26300,36.96
20111004,37.20,38.53,36.84,38.47,140900,36.28
20111003,38.57,38.73,37.68,37.72,56100,35.57
20110930,39.23,39.49,38.74,38.78,78300,36.57
20110929,40.12,40.19,39.07,39.72,87000,37.46
20110928,40.29,40.48,39.38,39.43,45900,37.18
20110927,40.56,40.87,40.08,40.19,32300,37.90
20110926,39.23,39.80,38.70,39.80,139500,37.53
20110923,38.47,39.01,38.41,38.87,59000,36.65
20110922,38.95,39.28,38.37,38.88,83200,36.46
20110921,41.35,41.48,40.11,40.11,31600,37.62
20110920,41.60,41.93,41.30,41.36,53300,38.79
20110919,41.14,41.58,40.86,41.42,78400,38.84
20110916,41.71,41.89,41.47,41.76,32600,39.16
20110915,41.24,41.53,40.93,41.52,25700,38.94
20110914,40.48,41.25,40.06,40.80,15800,38.26
20110913,40.17,40.39,39.78,40.25,113400,37.75
20110912,39.11,39.92,39.11,39.92,48700,37.44
20110909,40.34,40.34,39.50,39.64,35300,37.17
20110908,40.84,41.26,40.67,40.73,89500,38.20
20110907,40.67,41.10,40.50,41.10,34200,38.54
20110906,39.26,40.05,39.15,40.02,49100,37.53
20110902,40.55,40.69,40.19,40.28,77700,37.77
20110901,41.82,42.10,41.33,41.37,45100,38.80
20110831,41.90,42.10,41.50,41.78,17400,39.18
20110830,41.32,41.80,41.09,41.58,15800,38.99
20110829,40.98,41.54,40.89,41.51,68400,38.93
20110826,39.51,40.57,39.33,40.36,9500,37.85
20110825,40.63,40.85,39.78,39.78,23000,37.31
20110824,39.82,40.43,39.72,40.43,28500,37.92
20110823,38.82,39.88,38.61,39.88,48900,37.40
20110822,39.45,39.60,38.55,38.62,45700,36.22
20110819,38.75,39.62,38.57,38.57,44200,36.17
20110818,39.92,39.92,38.87,39.25,96500,36.81
20110817,41.11,41.44,40.77,40.97,17800,38.42
20110816,41.02,41.22,40.50,40.98,107200,38.43
20110815,40.84,41.29,40.71,41.29,61400,38.72
20110812,40.64,40.81,40.16,40.45,67100,37.93
20110811,38.78,40.70,38.78,40.18,78800,37.68
20110810,39.43,39.77,38.35,38.41,115400,36.02
20110809,39.09,40.25,37.82,40.25,240600,37.75
20110808,39.96,40.48,38.51,38.56,303300,36.16
20110805,41.74,41.75,40.06,41.17,375200,38.61
20110804,42.56,42.59,41.10,41.13,164400,38.57
20110803,43.01,43.17,42.33,43.16,55800,40.48
20110802,43.75,43.91,42.94,42.95,49300,40.28
20110801,44.75,44.75,43.60,44.04,40200,41.30
20110729,44.05,44.55,43.86,44.18,148500,41.43
20110728,44.57,44.98,44.43,44.49,21900,41.72
20110727,45.15,45.17,44.53,44.62,54700,41.84
20110726,45.67,45.69,45.45,45.50,21400,42.67
20110725,45.41,45.85,45.41,45.65,23800,42.81
20110722,45.95,45.95,45.67,45.90,20700,43.05
20110721,45.45,45.95,45.41,45.89,37200,43.04
20110720,45.36,45.36,45.20,45.22,34100,42.41
20110719,44.84,45.30,44.84,45.21,60400,42.40
20110718,44.65,44.71,44.25,44.49,23500,41.72
20110715,44.95,44.95,44.61,44.89,15000,42.10
20110714,45.12,45.24,44.64,44.67,23600,41.89
20110713,45.07,45.39,44.86,44.94,31500,42.14
20110712,44.92,45.25,44.79,44.80,22000,42.01
20110711,45.27,45.37,44.90,44.98,20200,42.18
20110708,45.61,45.77,45.48,45.77,24900,42.92
20110707,46.01,46.22,45.94,46.08,27500,43.21
20110706,45.49,45.64,45.36,45.61,35400,42.77
20110705,45.60,45.66,45.47,45.57,23100,42.74
20110701,45.02,45.67,44.90,45.62,32800,42.78
20110630,44.71,45.00,44.67,44.97,24400,42.17
20110629,44.34,44.55,44.21,44.53,21000,41.76
20110628,43.70,44.11,43.70,44.11,16400,41.37
20110627,43.20,43.71,43.20,43.60,17200,40.89
20110624,43.72,43.72,43.15,43.18,12400,40.49
20110623,43.51,43.93,43.21,43.93,46500,41.00
20110622,44.17,44.41,44.10,44.10,41900,41.15
20110621,43.96,44.38,43.89,44.31,19900,41.35
20110620,43.32,43.80,43.32,43.73,11800,40.81
20110617,43.87,43.87,43.39,43.51,17600,40.60
20110616,43.25,43.56,43.11,43.35,72700,40.45
20110615,43.77,43.79,43.17,43.30,57900,40.41
20110614,43.96,44.21,43.92,44.03,21300,41.09
20110613,43.54,43.68,43.44,43.56,20500,40.65
20110610,43.92,43.92,43.39,43.47,21800,40.57
20110609,43.85,44.26,43.81,44.11,13700,41.16
20110608,43.87,44.01,43.70,43.77,23300,40.85
20110607,44.14,44.28,43.95,44.01,19000,41.07
20110606,44.31,44.36,43.93,43.97,21800,41.03
20110603,44.37,44.68,44.37,44.43,15200,41.46
20110602,45.02,45.02,44.66,44.91,31500,41.91
20110601,45.77,45.77,44.87,44.92,22700,41.92
20110531,45.89,45.91,45.60,45.91,47300,42.84
20110527,45.47,45.56,45.36,45.42,54700,42.39
20110526,45.08,45.36,44.89,45.27,22900,42.25
20110525,44.78,45.25,44.78,45.09,18900,42.08
20110524,45.07,45.13,44.88,44.95,10200,41.95
20110523,44.95,45.04,44.82,44.98,26200,41.97
20110520,45.78,45.78,45.50,45.50,14200,42.46
20110519,45.93,45.97,45.65,45.86,25600,42.80
20110518,45.36,45.78,45.32,45.76,14000,42.70
20110517,45.13,45.37,45.06,45.37,15600,42.34
20110516,45.51,45.77,45.30,45.36,6400,42.33
20110513,45.95,46.00,45.50,45.66,17200,42.61
20110512,45.62,46.02,45.50,46.02,18000,42.95
20110511,46.28,46.28,45.64,45.82,34400,42.76
20110510,46.05,46.35,46.01,46.27,21800,43.18
20110509,45.80,46.01,45.68,45.90,46000,42.83
20110506,46.04,46.20,45.55,45.72,33100,42.67
20110505,45.66,45.92,45.34,45.55,33800,42.51
20110504,46.29,46.29,45.82,45.99,31000,42.92
20110503,46.30,46.35,46.05,46.26,7700,43.17
20110502,46.77,46.77,46.31,46.40,39000,43.30
20110429,46.36,46.49,46.32,46.45,23000,43.35
20110428,46.12,46.40,46.12,46.36,15600,43.26
20110427,45.95,46.24,45.80,46.14,21900,43.06
20110426,45.63,45.94,45.58,45.84,16000,42.78
20110425,45.51,45.51,45.30,45.44,71400,42.40
20110421,45.58,45.58,45.37,45.53,29300,42.49
20110420,45.27,45.35,45.21,45.26,21500,42.24
20110419,44.53,44.72,44.45,44.69,19800,41.70
20110418,44.41,44.50,44.08,44.47,57800,41.50
20110415,44.91,45.03,44.78,44.97,10600,41.97
20110414,44.55,44.86,44.39,44.79,50300,41.80
20110413,45.02,45.02,44.63,44.76,16500,41.77
20110412,44.88,44.88,44.62,44.78,11700,41.79
20110411,45.30,45.39,45.01,45.09,7800,42.08
20110408,45.59,45.59,45.05,45.21,11300,42.19
20110407,45.42,45.52,45.19,45.35,14400,42.32
20110406,45.57,45.57,45.33,45.46,14400,42.42
20110405,45.28,45.49,45.26,45.32,11800,42.29
20110404,45.47,45.48,45.24,45.33,21200,42.30
20110401,45.37,45.50,45.21,45.30,28900,42.27
20110331,45.15,45.24,45.09,45.09,23400,42.08
20110330,45.12,45.30,45.08,45.21,31900,42.19
20110329,44.54,44.87,44.46,44.87,10300,41.87
20110328,44.80,44.86,44.58,44.59,144500,41.61
20110325,44.72,44.82,44.61,44.65,28900,41.67
20110324,44.58,44.76,44.43,44.73,16700,41.57
20110323,44.07,44.38,43.88,44.29,29600,41.16
20110322,44.35,44.37,44.17,44.17,27800,41.05
20110321,44.27,44.39,44.22,44.33,34000,41.20
20110318,44.10,44.10,43.62,43.70,51300,40.61
20110317,43.57,43.67,43.31,43.46,32300,40.39
20110316,43.63,43.69,42.65,42.95,48300,39.92
20110315,43.22,43.96,43.03,43.82,44600,40.73
20110314,44.31,44.41,44.00,44.34,26900,41.21
20110311,44.16,44.69,44.16,44.60,49000,41.45
20110310,44.66,44.66,44.27,44.29,19400,41.16
20110309,45.04,45.20,44.92,45.11,15900,41.92
20110308,44.84,45.30,44.84,45.18,41300,41.99
20110307,45.26,45.34,44.58,44.76,27800,41.60
20110304,45.48,45.48,44.86,45.15,14700,41.96
20110303,45.13,45.51,45.13,45.47,14700,42.26
20110302,44.59,44.90,44.57,44.73,18000,41.57
20110301,45.58,45.58,44.68,44.71,459900,41.55
20110228,45.21,45.44,45.19,45.38,19500,42.18
20110225,44.89,45.13,44.89,45.12,20000,41.93
20110224,44.69,44.78,44.25,44.66,29900,41.51
20110223,44.89,45.00,44.47,44.75,31600,41.59
20110222,45.38,45.59,44.84,44.93,40200,41.76
20110218,45.83,45.91,45.70,45.87,32900,42.63
20110217,45.52,45.79,45.50,45.78,18400,42.55
20110216,45.53,45.69,45.45,45.67,16500,42.45
20110215,45.42,45.43,45.28,45.38,37600,42.18
20110214,45.35,45.52,45.35,45.52,24100,42.31
20110211,44.97,45.46,44.97,45.40,30200,42.19
20110210,44.87,45.12,44.80,45.12,29600,41.93
20110209,45.15,45.25,44.97,45.11,47600,41.92
20110208,45.06,45.26,45.00,45.23,19200,42.04
20110207,44.88,45.14,44.88,45.05,39800,41.87
20110204,44.66,44.76,44.47,44.76,24100,41.60
20110203,44.61,44.68,44.33,44.68,39000,41.53
20110202,44.69,44.70,44.53,44.58,34500,41.43
20110201,44.26,44.74,44.17,44.69,139100,41.53
20110131,43.86,43.96,43.64,43.96,20400,40.86
20110128,44.42,44.47,43.57,43.63,45400,40.55
20110127,44.41,44.47,44.31,44.43,52400,41.29
20110126,44.33,44.43,44.23,44.37,24200,41.24
20110125,44.07,44.19,43.90,44.19,42500,41.07
20110124,43.94,44.15,43.88,44.14,48600,41.02
20110121,44.11,44.16,43.88,43.92,21800,40.82
20110120,43.76,43.85,43.49,43.76,49400,40.67
20110119,44.28,44.28,43.75,43.82,22100,40.73
20110118,44.22,44.28,44.15,44.26,36400,41.13
20110114,43.77,44.20,43.77,44.20,32400,41.08
20110113,43.89,43.92,43.73,43.83,9600,40.74
20110112,43.91,43.98,43.75,43.94,49800,40.84
20110111,43.60,43.64,43.49,43.57,26100,40.49
20110110,43.24,43.44,43.13,43.41,20800,40.34
20110107,43.62,43.62,43.19,43.43,52400,40.36
20110106,43.71,43.71,43.41,43.55,35500,40.48
20110105,43.20,43.63,43.20,43.62,64600,40.54
20110104,43.61,43.61,43.12,43.34,44400,40.28
20110103,43.32,43.55,43.32,43.39,35200,40.33
20101231,42.87,42.96,42.79,42.92,25700,39.89
20101230,43.01,43.01,42.86,42.92,41600,39.89
20101229,43.07,43.08,42.99,43.05,19000,40.01
20101228,43.02,43.02,42.84,42.95,25500,39.92
20101227,42.77,42.92,42.72,42.91,8900,39.88
20101223,42.88,42.88,42.77,42.83,16900,39.81
20101222,42.93,42.93,42.79,42.93,30200,39.90
20101221,42.82,43.02,42.82,43.00,33100,39.75
20101220,42.87,42.87,42.56,42.74,37300,39.51
20101217,42.70,42.70,42.51,42.66,23400,39.44
20101216,42.36,42.62,42.22,42.60,21800,39.38
20101215,42.53,42.62,42.34,42.36,40800,39.16
20101214,42.61,42.71,42.48,42.56,35500,39.35
20101213,42.70,42.70,42.50,42.52,39800,39.31
20101210,42.29,42.49,42.23,42.49,44900,39.28
20101209,42.25,42.28,42.06,42.18,29100,38.99
20101208,42.01,42.08,41.83,42.08,20100,38.90
20101207,42.30,42.30,41.90,41.90,30700,38.74
20101206,41.79,41.93,41.79,41.88,58700,38.72
20101203,41.70,41.94,41.67,41.94,9900,38.77
20101202,41.35,41.83,41.35,41.83,29000,38.67
20101201,41.07,41.36,41.07,41.32,19500,38.20
20101130,40.25,40.65,40.25,40.45,58900,37.39
20101129,40.48,40.77,40.26,40.71,44900,37.63
20101126,40.78,40.86,40.77,40.77,6500,37.69
20101124,40.77,41.06,40.77,41.06,48700,37.96
20101123,40.62,40.64,40.36,40.49,29800,37.43
20101122,40.96,41.06,40.61,41.06,28600,37.96
20101119,41.03,41.16,40.84,41.16,21800,38.05
20101118,40.87,41.16,40.87,41.05,8300,37.95
20101117,40.49,40.60,40.35,40.43,135400,37.38
20101116,40.88,40.88,40.26,40.49,36500,37.43
20101115,41.29,41.37,41.08,41.08,21700,37.98
20101112,41.34,41.46,40.95,41.13,26700,38.02
20101111,41.37,41.63,41.37,41.61,11900,38.47
20101110,41.58,41.79,41.34,41.72,46000,38.57
20101109,42.04,42.04,41.49,41.61,34100,38.47
20101108,41.85,41.93,41.70,41.89,17500,38.73
20101105,41.89,42.00,41.79,41.97,15200,38.80
20101104,41.47,41.82,41.46,41.82,22600,38.66
20101103,40.97,41.05,40.66,41.05,20500,37.95
20101102,40.83,40.92,40.80,40.86,24400,37.77
20101101,40.78,40.92,40.34,40.56,42900,37.50
20101029,40.50,40.58,40.46,40.53,16700,37.47
20101028,40.76,40.76,40.34,40.55,20000,37.49
20101027,40.34,40.51,40.17,40.51,17400,37.45
20101026,40.38,40.61,40.33,40.58,17800,37.51
20101025,40.72,40.86,40.56,40.57,15800,37.51
20101022,40.48,40.52,40.41,40.47,24200,37.41
20101021,40.53,40.71,40.21,40.37,24000,37.32
20101020,40.05,40.48,40.03,40.30,33700,37.26
20101019,40.06,40.24,39.68,39.90,48800,36.89
20101018,40.27,40.57,40.20,40.46,31700,37.40
20101015,40.45,40.45,40.02,40.21,19800,37.17
20101014,40.27,40.30,39.98,40.17,29800,37.14
20101013,40.25,40.47,40.14,40.32,24100,37.27
20101012,39.75,40.08,39.59,39.99,50000,36.97
20101011,39.90,39.94,39.78,39.81,34800,36.80
20101008,39.63,39.89,39.54,39.85,31600,36.84
20101007,39.62,39.67,39.41,39.59,19800,36.60
20101006,39.69,39.73,39.51,39.64,258900,36.65
20101005,39.25,39.70,39.20,39.64,21100,36.65
20101004,39.07,39.16,38.71,38.85,56000,35.92
20101001,39.26,39.32,38.97,39.20,28500,36.24
20100930,39.34,39.46,38.89,38.99,19900,36.04
20100929,39.08,39.24,38.99,39.07,17300,36.12
20100928,39.15,39.26,38.74,39.22,18200,36.26
20100927,39.28,39.30,39.04,39.06,35500,36.11
20100924,38.93,39.25,38.93,39.24,25600,36.28
20100923,38.73,39.05,38.67,38.71,33300,35.58
20100922,39.11,39.29,38.98,39.06,27400,35.90
20100921,39.32,39.36,39.10,39.17,12600,36.01
20100920,38.80,39.32,38.77,39.22,27500,36.05
20100917,38.89,38.89,38.59,38.68,209300,35.56
20100916,38.53,38.66,38.44,38.64,18500,35.52
20100915,38.33,38.66,38.30,38.64,474500,35.52
20100914,38.43,38.69,38.43,38.50,135500,35.39
20100913,38.46,38.56,38.33,38.51,40400,35.40
20100910,37.98,38.11,37.93,38.09,51000,35.01
20100909,38.05,38.11,37.80,37.90,61800,34.84
20100908,37.54,37.81,37.53,37.72,38100,34.67
20100907,37.67,37.67,37.45,37.45,13700,34.42
20100903,37.76,37.88,37.62,37.87,97600,34.81
20100902,37.15,37.38,37.08,37.38,17400,34.36
20100901,36.51,37.10,36.47,37.08,18100,34.08
20100831,35.87,36.20,35.78,36.01,30600,33.10
20100830,36.48,36.53,36.02,36.02,50000,33.11
20100827,36.24,36.56,36.05,36.54,15600,33.59
20100826,36.41,36.41,35.94,35.97,18500,33.06
20100825,35.91,36.35,35.72,36.24,154900,33.31
20100824,36.27,36.39,36.00,36.11,108000,33.19
20100823,36.98,37.10,36.65,36.65,12100,33.69
20100820,36.75,36.83,36.56,36.78,56500,33.81
20100819,37.39,37.40,36.77,36.96,28000,33.97
20100818,37.45,37.73,37.33,37.58,15000,34.54
20100817,37.40,37.73,37.30,37.58,15700,34.54
20100816,36.89,37.16,36.89,37.07,33100,34.08
20100813,37.14,37.28,37.05,37.05,87800,34.06
20100812,36.92,37.30,36.82,37.29,59100,34.28
20100811,37.84,37.84,37.39,37.43,159400,34.41
20100810,38.30,38.61,38.14,38.44,27500,35.33
20100809,38.58,38.69,38.46,38.67,150200,35.55
20100806,38.23,38.46,38.01,38.46,17400,35.35
20100805,38.40,38.61,38.39,38.60,17800,35.48
20100804,38.52,38.68,38.41,38.64,80700,35.52
20100803,38.48,38.48,38.28,38.36,22800,35.26
20100802,38.23,38.60,38.16,38.55,202900,35.44
20100730,37.34,37.88,37.34,37.75,43100,34.70
20100729,38.17,38.19,37.47,37.72,16700,34.67
20100728,38.08,38.08,37.87,37.88,4600,34.82
20100727,38.32,38.32,37.98,38.11,46900,35.03
20100726,37.79,38.13,37.71,38.09,161200,35.01
20100723,37.30,37.72,37.26,37.72,36500,34.67
20100722,37.14,37.58,37.14,37.42,22000,34.40
20100721,37.34,37.34,36.51,36.65,19000,33.69
20100720,36.24,37.11,36.14,37.09,41800,34.09
20100719,36.62,36.82,36.46,36.66,26300,33.70
20100716,37.27,37.27,36.50,36.52,37900,33.57
20100715,37.55,37.57,37.07,37.54,18600,34.51
20100714,37.42,37.62,37.25,37.47,16500,34.44
20100713,37.35,37.60,37.31,37.50,19200,34.47
20100712,36.78,37.00,36.75,36.93,21300,33.95
20100709,36.66,36.92,36.63,36.91,12800,33.93
20100708,36.63,36.63,36.30,36.60,15600,33.64
20100707,35.35,36.27,35.33,36.27,7800,33.34
20100706,35.41,35.60,34.86,35.17,57400,32.33
20100702,35.27,35.32,34.84,35.01,42200,32.18
20100701,35.19,35.35,34.61,35.12,59400,32.28
20100630,35.56,35.78,35.18,35.25,42100,32.40
20100629,36.23,36.23,35.41,35.61,38000,32.73
20100628,36.76,36.92,36.63,36.73,16100,33.76
20100625,36.79,36.98,36.57,36.85,25200,33.87
20100624,37.18,37.18,36.67,36.69,70100,33.73
20100623,37.71,37.71,37.35,37.53,34000,34.32
20100622,38.30,38.42,37.64,37.65,18800,34.43
20100621,38.88,38.88,38.10,38.24,21800,34.97
20100618,38.31,38.45,38.30,38.38,16900,35.10
20100617,38.38,38.38,37.98,38.32,18200,35.04
20100616,38.07,38.32,37.98,38.26,70100,34.99
20100615,37.71,38.27,37.68,38.27,7200,35.00
20100614,37.63,37.88,37.40,37.40,10400,34.20
20100611,37.03,37.49,37.01,37.49,28300,34.29
20100610,36.87,37.34,36.86,37.34,24000,34.15
20100609,36.76,36.98,36.20,36.26,21100,33.16
20100608,36.29,36.47,35.94,36.47,26900,33.35
20100607,36.74,36.79,36.10,36.11,165600,33.02
20100604,37.16,37.40,36.48,36.57,43800,33.44
20100603,37.86,37.92,37.51,37.85,58700,34.62
20100602,37.05,37.67,36.87,37.67,62700,34.45
20100601,37.13,37.55,36.86,36.89,127100,33.74
20100528,37.86,37.86,37.29,37.39,93000,34.19
20100527,37.38,37.86,37.30,37.86,20300,34.62
20100526,37.19,37.45,36.61,36.65,112500,33.52
20100525,36.00,36.91,35.78,36.86,93200,33.71
20100524,37.22,37.43,36.92,36.92,104600,33.76
20100521,36.16,37.39,36.10,37.34,332600,34.15
20100520,37.51,37.63,36.90,36.90,133900,33.75
20100519,38.30,38.57,37.89,38.29,99100,35.02
20100518,39.35,39.40,38.37,38.52,163300,35.23
20100517,39.11,39.13,38.40,39.03,177700,35.69
20100514,39.20,39.21,38.65,38.95,59900,35.62
20100513,40.11,40.18,39.67,39.74,31400,36.34
20100512,39.84,40.19,39.78,40.18,23300,36.75
20100511,39.43,40.14,39.40,39.64,67700,36.25
20100510,39.99,39.99,39.36,39.74,85000,36.34
20100507,38.79,38.85,37.71,38.17,136500,34.91
20100506,39.84,40.03,36.81,38.76,235100,35.45
20100505,39.89,40.29,39.78,40.01,52100,36.59
20100504,40.73,40.77,40.13,40.27,40100,36.83
20100503,40.85,41.32,40.83,41.17,27600,37.65
20100430,41.40,41.40,40.74,40.74,22700,37.26
20100429,41.16,41.46,41.16,41.35,21500,37.82
20100428,40.80,40.98,40.56,40.88,99900,37.39
20100427,41.27,41.49,40.51,40.58,94500,37.11
20100426,41.68,41.75,41.52,41.52,55900,37.97
20100423,41.35,41.69,41.31,41.69,90300,38.13
20100422,41.10,41.50,40.95,41.50,40800,37.95
20100421,41.45,41.47,41.24,41.40,14500,37.86
20100420,41.39,41.51,41.36,41.44,45900,37.90
20100419,40.84,41.16,40.69,41.16,9500,37.64
20100416,41.45,41.50,40.79,40.97,29600,37.47
20100415,41.53,41.69,41.50,41.60,40300,38.04
20100414,41.27,41.58,41.26,41.58,31400,38.03
20100413,41.08,41.19,40.94,41.12,12700,37.61
20100412,41.11,41.17,41.05,41.10,31700,37.59
20100409,40.85,41.04,40.79,41.01,23000,37.50
20100408,40.43,40.84,40.37,40.78,22000,37.29
20100407,40.74,40.80,40.43,40.62,15900,37.15
20100406,40.72,40.92,40.72,40.84,17900,37.35
20100405,40.65,40.79,40.57,40.74,11100,37.26
20100401,40.50,40.58,40.25,40.42,24000,36.97
20100331,40.19,40.34,40.10,40.21,11600,36.77
20100330,40.44,40.44,40.19,40.32,20000,36.87
20100329,40.23,40.35,40.21,40.27,33100,36.83
20100326,40.14,40.29,39.97,40.11,12200,36.68
20100325,40.44,40.57,40.03,40.07,27600,36.65
20100324,40.36,40.44,40.25,40.30,16100,36.71
20100323,40.28,40.53,40.18,40.49,13500,36.88
20100322,39.82,40.28,39.82,40.18,9900,36.60
20100319,40.00,40.31,39.87,40.00,16300,36.44
20100318,40.24,40.24,40.05,40.21,25600,36.63
20100317,40.14,40.32,40.12,40.19,17700,36.61
20100316,39.77,40.02,39.77,40.02,16200,36.45
20100315,39.61,39.72,39.41,39.68,26600,36.14
20100312,39.85,39.85,39.60,39.65,16900,36.12
20100311,39.42,39.66,39.39,39.66,31000,36.13
20100310,39.34,39.59,39.34,39.47,76300,35.95
20100309,39.16,39.51,39.16,39.32,32400,35.82
20100308,39.28,39.32,39.20,39.29,9900,35.79
20100305,38.96,39.28,38.96,39.26,38400,35.76
20100304,38.63,38.74,38.59,38.74,24400,35.29
20100303,38.63,38.81,38.57,38.61,49600,35.17
20100302,38.66,38.71,38.51,38.55,22500,35.12
20100301,38.28,38.50,38.28,38.50,33000,35.07
20100226,38.11,38.22,38.00,38.08,17700,34.69
20100225,37.67,38.11,37.57,38.10,30100,34.71
20100224,37.98,38.18,37.98,38.18,42500,34.78
20100223,38.20,38.25,37.77,37.82,19900,34.45
20100222,38.44,38.44,38.22,38.22,12600,34.81
20100219,38.14,38.40,38.05,38.30,46000,34.89
20100218,37.97,38.29,37.97,38.28,13600,34.87
20100217,38.02,38.04,37.85,38.00,43600,34.61
20100216,37.52,37.85,37.52,37.83,48400,34.46
20100212,36.75,37.19,36.73,37.19,44700,33.88
20100211,36.89,37.34,36.67,37.26,91400,33.94
20100210,36.94,37.08,36.65,36.94,37100,33.65
20100209,36.97,37.26,36.68,37.00,56600,33.70
20100208,36.89,36.95,36.51,36.51,33500,33.26
20100205,36.80,36.85,36.12,36.85,104000,33.57
20100204,37.61,37.61,36.74,36.79,34800,33.51
20100203,37.91,38.00,37.84,37.91,13400,34.53
20100202,37.60,38.13,37.60,38.10,16300,34.71
20100201,37.35,37.63,37.35,37.63,48300,34.28
20100129,37.61,37.85,37.08,37.14,69600,33.83
20100128,38.00,38.04,37.24,37.47,42900,34.13
20100127,37.65,37.97,37.50,37.91,37400,34.53
20100126,37.75,38.12,37.65,37.78,39700,34.41
20100125,38.06,38.06,37.78,37.86,63500,34.49
20100122,38.40,38.48,37.66,37.68,72600,34.32
20100121,39.28,39.39,38.50,38.54,36500,35.11
20100120,39.37,39.37,38.97,39.27,42000,35.77
20100119,39.16,39.71,39.16,39.71,26400,36.17
20100115,39.57,39.57,39.07,39.24,39200,35.74
20100114,39.50,39.66,39.47,39.61,20700,36.08
20100113,39.33,39.57,39.09,39.55,12000,36.03
20100112,39.29,39.35,39.06,39.19,22900,35.70
20100111,39.67,39.67,39.37,39.53,102000,36.01
20100108,39.24,39.46,39.24,39.45,47900,35.94
20100107,39.15,39.38,39.05,39.37,56800,35.86
20100106,39.19,39.26,39.12,39.22,25000,35.73
20100105,39.04,39.20,39.04,39.20,17000,35.71
20100104,38.80,39.10,38.76,39.08,26100,35.60
20091231,38.94,38.94,38.50,38.50,23600,35.07
20091230,38.70,38.85,38.70,38.85,29700,35.39
20091229,38.98,38.98,38.85,38.85,46800,35.39
20091228,38.92,38.95,38.73,38.86,24800,35.40
20091224,38.72,38.82,38.72,38.82,17900,35.36
20091223,38.55,38.64,38.49,38.63,33700,35.19
20091222,38.56,38.63,38.47,38.56,21400,35.12
20091221,38.55,38.83,38.55,38.71,31800,35.00
20091218,38.24,38.36,38.07,38.36,51800,34.68
20091217,38.34,38.37,38.14,38.14,30700,34.49
20091216,38.71,38.79,38.54,38.57,102600,34.87
20091215,38.60,38.69,38.47,38.53,114000,34.84
20091214,38.77,38.77,38.65,38.73,105800,35.02
20091211,38.54,38.58,38.35,38.50,17800,34.81
20091210,38.40,38.53,38.34,38.38,20900,34.70
20091209,38.00,38.15,37.85,38.15,18200,34.50
20091208,38.18,38.18,37.91,37.99,26100,34.35
20091207,38.46,38.62,38.35,38.40,22500,34.72
20091204,38.82,38.94,38.20,38.48,57000,34.79
20091203,38.72,38.75,38.30,38.33,28800,34.66
20091202,38.60,38.85,38.50,38.63,18700,34.93
20091201,38.51,38.75,38.51,38.65,24400,34.95
20091130,38.05,38.24,37.90,38.18,42200,34.52
20091127,37.66,38.28,37.54,38.06,25200,34.41
20091125,38.54,38.70,38.54,38.69,24100,34.98
20091124,38.56,38.56,38.26,38.51,68300,34.82
20091123,38.43,38.70,38.40,38.48,20300,34.79
20091120,37.96,38.05,37.87,38.00,53700,34.36
20091119,38.29,38.34,37.94,38.14,339200,34.49
20091118,38.60,38.60,38.42,38.59,27100,34.89
20091117,38.41,38.60,38.37,38.60,20400,34.90
20091116,38.22,38.67,38.22,38.54,18000,34.85
20091113,37.92,38.15,37.74,38.03,47600,34.39
20091112,38.03,38.28,37.74,37.81,39000,34.19
20091111,38.25,38.40,38.05,38.17,35600,34.51
20091110,37.91,38.08,37.83,37.94,51200,34.31
20091109,37.45,37.96,37.41,37.94,27400,34.31
20091106,36.86,37.22,36.79,37.12,63800,33.56
20091105,36.66,37.04,36.66,37.02,112500,33.47
20091104,36.59,36.82,36.31,36.37,73200,32.89
20091103,35.97,36.31,35.97,36.24,23100,32.77
20091102,36.10,36.47,35.78,36.18,8700,32.71
20091030,36.83,36.83,35.87,35.97,34700,32.52
20091029,36.46,36.97,36.41,36.97,30100,33.43
20091028,36.75,36.75,36.19,36.25,39700,32.78
20091027,37.05,37.09,36.58,36.88,25700,33.35
20091026,37.41,37.79,36.93,36.94,42800,33.40
20091023,37.99,37.99,37.30,37.39,12700,33.81
20091022,37.44,37.85,37.30,37.83,12800,34.21
20091021,37.73,38.09,37.41,37.45,78000,33.86
20091020,37.94,37.94,37.63,37.76,42800,34.14
20091019,37.73,38.05,37.64,37.94,64500,34.31
20091016,37.59,37.75,37.47,37.65,33900,34.04
20091015,37.59,37.94,37.59,37.94,26200,34.31
20091014,37.56,37.77,37.47,37.77,22400,34.15
20091013,37.14,37.24,36.98,37.19,81800,33.63
20091012,37.30,37.37,37.11,37.23,40900,33.66
20091009,36.90,37.09,36.88,37.09,43000,33.54
20091008,36.88,37.03,36.81,36.89,43300,33.36
20091007,36.43,36.64,36.39,36.64,35400,33.13
20091006,36.26,36.66,36.26,36.51,27200,33.01
20091005,35.65,36.07,35.54,36.00,821400,32.55
20091002,35.31,35.65,35.31,35.50,1573000,32.10
20091001,36.44,36.44,35.65,35.65,17300,32.23
20090930,36.79,36.79,36.22,36.55,10800,33.05
20090929,36.81,36.90,36.58,36.70,17000,33.18
20090928,36.31,36.83,36.31,36.75,60700,33.23
20090925,36.28,36.42,36.05,36.14,74800,32.68
20090924,36.80,36.84,36.21,36.37,77200,32.89
20090923,37.30,37.48,36.88,36.88,32500,33.19
20090922,37.20,37.25,37.04,37.20,24600,33.48
20090921,36.74,37.06,36.74,36.95,10900,33.25
20090918,37.24,37.24,36.99,37.12,44900,33.40
20090917,37.06,37.31,36.94,37.04,26500,33.33
20090916,36.73,37.08,36.63,37.06,78200,33.35
20090915,36.52,36.61,36.36,36.60,9800,32.94
20090914,35.99,36.48,35.96,36.47,14400,32.82
20090911,36.33,36.42,36.19,36.30,13100,32.67
20090910,35.98,36.31,35.93,36.31,30900,32.68
20090909,35.71,36.05,35.70,35.94,30500,32.34
20090908,35.75,35.75,35.56,35.69,19900,32.12
20090904,35.03,35.40,34.97,35.40,19200,31.86
20090903,34.80,34.96,34.64,34.96,15000,31.46
20090902,34.60,34.83,34.57,34.65,70400,31.18
20090901,35.35,35.72,34.68,34.83,18400,31.34
20090831,35.48,35.50,35.33,35.50,22900,31.95
20090828,36.14,36.14,35.56,35.76,25400,32.18
20090827,35.70,35.92,35.39,35.85,42000,32.26
20090826,35.70,35.86,35.60,35.76,22900,32.18
20090825,35.87,36.13,35.71,35.75,40900,32.17
20090824,35.81,36.03,35.58,35.68,37900,32.11
20090821,35.27,35.73,35.27,35.64,53400,32.07
20090820,34.79,35.13,34.79,35.05,32800,31.54
20090819,34.15,34.76,34.15,34.72,9900,31.24
20090818,34.17,34.48,34.17,34.41,15100,30.97
20090817,34.36,34.36,34.04,34.14,32800,30.72
20090814,35.21,35.21,34.60,34.88,8900,31.39
20090813,35.17,35.20,34.83,35.18,52000,31.66
20090812,34.58,35.16,34.58,34.98,10600,31.48
20090811,34.89,34.89,34.55,34.61,27200,31.15
20090810,34.93,35.09,34.83,35.01,7600,31.51
20090807,35.06,35.32,35.06,35.12,26300,31.60
20090806,35.05,35.05,34.57,34.71,17800,31.24
20090805,35.01,35.01,34.65,34.88,36800,31.39
20090804,34.69,35.00,34.69,34.94,21700,31.44
20090803,34.73,34.88,34.58,34.80,22600,31.32
20090731,34.35,34.50,34.29,34.38,22700,30.94
20090730,34.40,34.65,34.33,34.33,10800,30.89
20090729,33.90,33.98,33.73,33.98,40600,30.58
20090728,33.92,34.18,33.78,34.13,15500,30.71
20090727,34.09,34.19,33.85,34.19,49800,30.77
20090724,33.83,34.10,33.69,34.10,23100,30.69
20090723,33.29,34.10,33.29,33.98,42900,30.58
20090722,33.09,33.45,33.09,33.20,35800,29.88
20090721,33.39,33.39,32.92,33.27,24700,29.94
20090720,32.99,33.15,32.80,33.07,162000,29.76
20090717,32.67,32.82,32.64,32.79,7900,29.51
20090716,32.36,32.86,32.36,32.76,26800,29.48
20090715,31.96,32.51,31.96,32.49,27400,29.24
20090714,31.47,31.59,31.31,31.59,61600,28.43
20090713,30.73,31.40,30.63,31.40,18000,28.26
20090710,30.72,30.80,30.50,30.69,20100,27.62
20090709,30.92,30.95,30.69,30.79,27600,27.71
20090708,30.90,30.90,30.43,30.75,67400,27.67
20090707,31.25,31.25,30.72,30.72,12300,27.65
20090706,31.00,31.32,30.93,31.30,17600,28.17
20090702,31.73,31.73,31.30,31.30,15700,28.17
20090701,32.19,32.43,32.08,32.08,29600,28.87
20090630,32.29,32.34,31.84,32.02,27500,28.81
20090629,32.05,32.31,31.98,32.31,33700,29.08
20090626,31.97,32.05,31.81,31.98,52500,28.78
20090625,31.26,32.04,31.26,32.03,37000,28.82
20090624,31.46,31.70,31.24,31.40,186800,28.26
20090623,31.38,31.45,31.19,31.32,51900,28.04
20090622,31.90,31.90,31.31,31.33,14300,28.05
20090619,32.39,32.40,32.07,32.20,10900,28.82
20090618,31.94,32.25,31.94,32.10,16900,28.73
20090617,31.84,32.09,31.69,31.86,19100,28.52
20090616,32.45,32.46,31.85,31.86,73400,28.52
20090615,32.69,32.69,32.13,32.31,25000,28.92
20090612,32.76,33.05,32.76,33.03,24100,29.57
20090611,32.88,33.35,32.88,32.97,38900,29.51
20090610,33.18,33.18,32.46,32.76,17800,29.33
20090609,32.95,32.99,32.71,32.89,46900,29.44
20090608,32.61,33.02,32.39,32.78,63500,29.34
20090605,33.23,33.23,32.68,32.80,51200,29.36
20090604,32.65,32.86,32.44,32.86,37800,29.42
20090603,32.68,32.68,32.25,32.43,36900,29.03
20090602,32.79,33.07,32.79,32.94,23300,29.49
20090601,32.48,33.02,32.45,32.90,117400,29.45
20090529,31.93,32.17,31.61,32.11,63100,28.74
20090528,31.43,31.73,31.11,31.65,31800,28.33
20090527,31.80,31.85,31.14,31.16,32200,27.89
20090526,30.77,31.78,30.77,31.66,25100,28.34
20090522,31.17,31.30,30.89,30.98,58500,27.73
20090521,31.11,31.19,30.74,30.97,62800,27.72
20090520,31.90,32.15,31.44,31.47,84600,28.17
20090519,31.71,31.90,31.61,31.65,78500,28.33
20090518,31.09,31.71,31.09,31.71,51000,28.39
20090515,31.10,31.24,30.69,30.77,450600,27.54
20090514,30.97,31.34,30.87,31.13,46200,27.87
20090513,31.15,31.29,30.81,30.88,49000,27.64
20090512,31.59,31.78,31.23,31.60,65200,28.29
20090511,31.82,31.92,31.58,31.58,72000,28.27
20090508,31.95,32.30,31.76,32.23,71300,28.85
20090507,32.27,32.29,31.39,31.55,450200,28.24
20090506,31.78,31.96,31.45,31.96,127400,28.61
20090505,31.39,31.50,31.18,31.37,30600,28.08
20090504,30.79,31.50,30.69,31.50,60900,28.20
20090501,30.27,30.59,30.07,30.53,51600,27.33
20090430,30.74,30.86,30.23,30.29,54500,27.11
20090429,30.01,30.59,29.99,30.29,61000,27.11
20090428,29.45,29.94,29.45,29.70,48300,26.59
20090427,29.91,30.15,29.71,29.79,35500,26.67
20090424,29.85,30.24,29.75,30.06,103400,26.91
20090423,29.41,29.58,29.04,29.58,83400,26.48
20090422,29.26,29.91,29.22,29.29,94200,26.22
20090421,28.82,29.53,28.77,29.53,109800,26.43
20090420,29.67,29.70,29.00,29.00,62100,25.96
20090417,30.17,30.41,29.94,30.22,99900,27.05
20090416,29.90,30.22,29.49,30.09,76400,26.94
20090415,29.18,29.73,29.13,29.73,107500,26.61
20090414,29.66,29.80,29.29,29.33,80700,26.26
20090413,29.53,30.09,29.53,29.95,48000,26.81
20090409,29.59,29.78,29.39,29.77,661200,26.65
20090408,28.62,28.91,28.45,28.81,97900,25.79
20090407,28.64,28.80,28.44,28.46,97900,25.48
20090406,29.05,29.13,28.74,29.13,107700,26.08
20090403,29.10,29.35,28.86,29.29,252200,26.22
20090402,29.00,29.43,28.87,29.02,298600,25.98
20090401,27.45,28.36,27.37,28.28,238300,25.32
20090331,27.84,28.24,27.62,27.76,117900,24.85
20090330,27.88,27.89,27.26,27.53,62000,24.64
20090327,28.55,28.76,28.40,28.50,48800,25.51
20090326,28.70,29.02,28.46,28.98,60700,25.94
20090325,28.39,28.77,27.73,28.38,41600,25.40
20090324,28.58,28.96,28.33,28.36,38000,25.20
20090323,27.70,28.87,27.66,28.87,73000,25.65
20090320,27.70,27.70,27.00,27.04,41400,24.03
20090319,28.30,28.30,27.50,27.54,73200,24.47
20090318,27.13,28.23,26.94,27.89,109600,24.78
20090317,26.57,27.33,26.47,27.33,60000,24.29
20090316,26.91,27.26,26.56,26.56,58600,23.60
20090313,26.61,26.66,26.23,26.60,39100,23.64
20090312,25.44,26.48,25.26,26.33,63500,23.40
20090311,25.60,25.76,25.16,25.38,74500,22.55
20090310,24.41,25.27,24.41,25.27,36600,22.45
20090309,23.78,24.49,23.74,23.87,124600,21.21
20090306,24.27,24.58,23.52,24.13,190100,21.44
20090305,24.47,24.70,23.89,24.09,157400,21.41
20090304,25.02,25.33,24.71,25.01,30600,22.22
20090303,25.08,25.08,24.36,24.57,55100,21.83
20090302,25.35,25.50,24.62,24.71,170200,21.96
20090227,25.87,26.37,25.82,25.83,46300,22.95
20090226,27.22,27.38,26.44,26.44,57100,23.49
20090225,27.00,27.38,26.45,26.92,103600,23.92
20090224,26.31,27.23,26.18,27.12,102700,24.10
20090223,27.37,27.37,26.08,26.12,104200,23.21
20090220,26.86,27.31,26.50,27.08,149300,24.06
20090219,27.94,27.96,27.28,27.41,164700,24.36
20090218,27.88,27.88,27.37,27.68,91800,24.60
20090217,27.98,28.04,27.64,27.67,71400,24.59
20090213,29.09,29.32,28.93,28.96,38600,25.73
20090212,28.75,29.22,28.28,29.22,321900,25.96
20090211,29.11,29.28,28.78,29.16,233100,25.91
20090210,29.98,30.16,28.75,28.92,233000,25.70
20090209,30.34,30.54,30.10,30.39,75300,27.00
20090206,28.75,30.43,28.69,30.31,310900,26.93
20090205,28.87,29.72,28.67,29.57,210500,26.28
20090204,29.42,29.74,29.03,29.07,112000,25.83
20090203,29.02,29.41,28.72,29.25,221300,25.99
20090202,28.45,29.00,28.42,28.81,403800,25.60
20090130,29.65,29.69,28.69,28.86,389600,25.64
20090129,29.99,30.05,29.45,29.45,285200,26.17
20090128,30.03,30.56,29.97,30.45,360000,27.06
20090127,29.25,29.64,29.13,29.44,435400,26.16
20090126,29.13,29.68,28.86,29.13,566600,25.88
20090123,28.29,29.25,28.26,29.07,653000,25.83
20090122,28.69,29.30,28.37,28.89,531000,25.67
20090121,28.58,29.35,28.09,29.34,384400,26.07
20090120,29.32,29.35,28.08,28.08,658200,24.95
20090116,29.93,29.94,28.96,29.68,530800,26.37
20090115,29.00,29.66,28.52,29.29,463100,26.03
20090114,29.95,29.95,29.24,29.47,373200,26.19
20090113,30.25,30.58,30.12,30.42,322600,27.03
20090112,30.94,30.97,30.18,30.35,245900,26.97
20090109,31.68,31.68,30.98,31.02,219000,27.56
20090108,31.39,31.67,31.22,31.67,160000,28.14
20090107,32.00,32.09,31.44,31.55,107800,28.04
20090106,32.59,32.83,32.26,32.44,218500,28.83
20090105,32.35,32.56,32.01,32.19,331200,28.60
20090102,31.51,32.51,31.34,32.42,62200,28.81
20081231,31.12,31.67,31.02,31.51,127000,28.00
20081230,30.65,31.03,30.38,30.99,145300,27.54
20081229,30.59,30.59,29.88,30.30,67800,26.92
20081226,30.42,30.44,30.20,30.33,33700,26.95
20081224,30.16,30.31,30.12,30.23,72700,26.86
20081223,30.52,30.64,29.95,30.11,126700,26.76
20081222,30.86,30.86,29.84,30.31,409400,26.93
20081219,31.24,31.68,30.87,31.09,316500,27.44
20081218,31.81,31.87,30.70,30.91,159200,27.28
20081217,31.61,32.16,31.45,31.64,87600,27.93
20081216,30.81,32.00,30.72,31.99,276500,28.24
20081215,30.93,31.00,30.12,30.46,114100,26.89
20081212,29.76,30.84,29.76,30.74,170900,27.13
20081211,31.18,31.65,30.49,30.67,119600,27.07
20081210,31.48,31.77,31.02,31.52,132300,27.82
20081209,31.51,32.04,31.01,31.17,397600,27.51
20081208,31.59,32.17,31.38,31.83,373800,28.10
20081205,29.20,30.78,28.80,30.75,213400,27.14
20081204,30.10,30.63,29.29,29.69,44500,26.21
20081203,29.11,30.63,28.98,30.63,121300,27.04
20081202,29.12,29.78,28.79,29.78,96000,26.29
20081201,30.46,30.46,28.63,28.66,143700,25.30
20081128,30.86,31.31,30.86,31.29,26800,27.62
20081126,29.37,31.00,29.37,31.00,55600,27.36
20081125,30.48,30.48,29.34,30.03,150600,26.51
20081124,28.73,30.72,28.47,29.72,202800,26.23
20081121,27.25,28.12,26.00,28.12,132100,24.82
20081120,28.11,28.82,26.27,26.48,112800,23.37
20081119,30.15,30.22,28.32,28.32,193300,25.00
20081118,29.76,30.28,28.99,30.13,218000,26.60
20081117,30.11,30.84,29.79,29.79,116600,26.30
20081114,31.18,32.00,30.51,30.61,53700,27.02
20081113,30.20,31.74,28.77,31.73,302100,28.01
20081112,30.78,31.01,29.82,29.89,200200,26.38
20081111,31.67,31.92,30.91,31.41,159500,27.73
20081110,33.06,33.21,31.74,32.14,78700,28.37
20081107,31.92,32.51,31.75,32.51,246300,28.70
20081106,32.96,33.19,31.40,31.54,231900,27.84
20081105,34.69,34.84,33.08,33.19,232800,29.30
20081104,34.61,35.02,34.21,34.99,243100,30.89
20081103,33.72,34.00,33.42,33.66,400800,29.71
20081031,33.16,34.26,32.97,33.86,325000,29.89
20081030,33.59,33.59,32.60,33.30,237300,29.39
20081029,32.65,33.86,32.16,32.33,114700,28.54
20081028,30.57,33.01,29.62,33.01,143300,29.14
20081027,30.06,30.96,29.57,29.58,118600,26.11
20081024,29.50,31.32,29.50,31.19,79000,27.53
20081023,31.55,32.14,30.00,31.44,238200,27.75
20081022,32.36,32.78,30.54,31.22,93500,27.56
20081021,33.94,34.24,33.25,33.34,142200,29.43
20081020,33.29,34.32,32.87,34.32,157600,30.29
20081017,32.61,34.23,31.74,32.77,97000,28.93
20081016,32.21,33.08,30.07,32.98,135700,29.11
20081015,34.13,34.13,31.63,31.65,124200,27.94
20081014,36.74,38.00,33.73,34.68,141600,30.61
20081013,32.65,35.05,32.44,35.05,101100,30.94
20081010,29.58,32.49,29.13,31.45,139000,27.76
20081009,34.85,34.86,31.64,31.96,147600,28.21
20081008,33.99,35.42,33.85,34.10,114300,30.10
20081007,36.88,37.06,34.62,34.62,71700,30.56
20081006,37.26,37.26,35.10,36.83,80100,32.51
20081003,39.26,40.02,38.01,38.24,54400,33.75
20081002,39.95,39.98,38.48,38.62,108000,34.09
20081001,40.37,41.58,39.50,40.11,265300,35.41
20080930,40.01,40.34,39.16,40.19,87300,35.48
20080929,41.38,41.38,38.47,38.96,47200,34.39
20080926,41.00,41.79,40.93,41.79,102100,36.89
20080925,41.64,42.06,41.20,41.72,55500,36.83
20080924,42.33,42.33,40.76,40.99,33900,36.18
20080923,41.74,42.05,41.00,41.10,43000,36.14
20080922,44.64,44.64,41.68,41.76,21100,36.72
20080919,43.13,43.13,41.31,43.13,16700,37.93
20080918,40.55,41.84,39.21,41.31,129300,36.33
20080917,41.18,41.35,39.93,39.93,47500,35.11
20080916,40.29,42.00,40.29,41.77,1545700,36.73
20080915,41.90,42.66,41.36,41.36,2987700,36.37
20080912,42.78,43.20,42.68,43.20,28400,37.99
20080911,42.32,42.91,42.21,42.90,19000,37.73
20080910,42.51,42.90,42.42,42.58,19400,37.44
20080909,43.66,43.72,42.31,42.31,37900,37.21
20080908,44.00,44.06,43.28,43.70,14200,38.43
20080905,42.42,42.88,42.01,42.88,11000,37.71
20080904,43.60,43.65,42.70,42.85,24500,37.68
20080903,43.93,44.06,43.65,44.01,39200,38.70
20080902,44.74,44.80,43.97,44.05,24900,38.74
20080829,44.61,44.70,44.24,44.24,25200,38.90
20080828,44.47,44.68,44.43,44.68,12000,39.29
20080827,43.85,44.27,43.77,44.14,73000,38.82
20080826,43.72,43.97,43.59,43.84,465100,38.55
20080825,44.21,44.24,43.60,43.69,28500,38.42
20080822,44.31,44.46,44.28,44.43,9500,39.07
20080821,43.61,44.13,43.61,44.03,115500,38.72
20080820,43.66,43.97,43.52,43.86,38000,38.57
20080819,43.89,43.89,43.57,43.66,20600,38.39
20080818,44.83,44.83,43.94,44.05,34800,38.74
20080815,44.65,44.71,44.45,44.67,21500,39.28
20080814,43.98,44.61,43.98,44.46,25000,39.10
20080813,44.10,44.31,43.96,44.31,13600,38.97
20080812,44.81,44.81,44.35,44.42,21000,39.06
20080811,44.56,45.09,44.48,44.96,16300,39.54
20080808,43.61,44.60,43.61,44.58,48700,39.20
20080807,43.96,44.14,43.62,43.64,144500,38.38
20080806,44.08,44.39,44.07,44.39,22100,39.04
20080805,43.38,44.16,43.34,44.16,27000,38.83
20080804,43.29,43.35,42.98,42.98,57500,37.80
20080801,43.50,43.50,43.14,43.37,120700,38.14
20080731,43.82,44.17,43.57,43.59,85900,38.33
20080730,43.63,44.11,43.56,44.08,56900,38.76
20080729,42.73,43.26,42.60,43.26,39400,38.04
20080728,43.14,43.25,42.61,42.61,7700,37.47
20080725,43.32,43.40,43.01,43.25,48600,38.03
20080724,44.13,44.13,43.08,43.08,24100,37.88
20080723,43.98,44.17,43.78,44.03,95800,38.72
20080722,43.02,43.65,43.02,43.65,50500,38.38
20080721,43.46,43.50,43.16,43.17,116000,37.96
20080718,43.39,43.39,43.01,43.27,91000,38.05
20080717,42.98,43.33,42.71,43.22,117300,38.01
20080716,41.82,42.71,41.65,42.71,93700,37.56
20080715,41.82,42.39,41.29,41.95,128400,36.89
20080714,42.88,42.88,42.19,42.38,108300,37.27
20080711,42.57,42.90,42.20,42.85,61400,37.68
20080710,42.90,43.17,42.54,42.90,83300,37.73
20080709,43.79,43.82,42.83,42.84,57900,37.67
20080708,42.90,43.70,42.78,43.70,186000,38.43
20080707,43.49,43.63,42.58,43.00,160800,37.81
20080703,43.61,43.61,42.91,43.29,131000,38.07
20080702,44.16,44.22,43.33,43.33,78300,38.10
20080701,43.39,44.03,43.24,43.98,78200,38.68
20080630,43.93,44.16,43.67,43.81,85500,38.53
20080627,43.99,44.04,43.56,43.83,43100,38.54
20080626,44.78,44.78,43.98,44.00,41800,38.69
20080625,45.16,45.54,45.16,45.26,163700,39.80
20080624,45.00,45.29,44.60,44.90,34300,39.48
20080623,45.34,45.42,45.14,45.24,61800,39.63
20080620,45.72,45.72,45.18,45.31,35100,39.69
20080619,45.86,46.18,45.70,46.10,32300,40.39
20080618,46.12,46.12,45.80,45.93,24000,40.24
20080617,46.69,46.70,46.35,46.35,3800,40.61
20080616,46.39,46.75,46.39,46.64,10700,40.86
20080613,46.22,46.64,46.08,46.64,37600,40.86
20080612,46.14,46.31,45.81,45.91,19500,40.22
20080611,46.46,46.46,45.89,45.90,52500,40.21
20080610,46.41,46.79,46.41,46.57,55900,40.80
20080609,46.85,46.92,46.31,46.67,40800,40.89
20080606,47.69,47.69,46.64,46.64,47100,40.86
20080605,47.38,48.04,47.38,48.04,26500,42.09
20080604,47.20,47.47,47.00,47.20,63100,41.35
20080603,47.61,47.69,46.96,47.19,51300,41.34
20080602,47.71,47.71,47.20,47.45,65000,41.57
20080530,48.07,48.07,47.89,47.89,27700,41.95
20080529,47.65,48.05,47.53,47.86,27700,41.93
20080528,47.54,47.54,47.20,47.48,54900,41.60
20080527,47.05,47.41,47.03,47.37,17700,41.50
20080523,47.40,47.40,47.00,47.05,31700,41.22
20080522,47.57,47.79,47.57,47.66,33200,41.75
20080521,48.40,48.40,47.49,47.54,55400,41.65
20080520,48.50,48.50,48.15,48.30,25600,42.31
20080519,48.76,49.16,48.72,48.72,62200,42.68
20080516,48.79,48.79,48.37,48.65,33700,42.62
20080515,48.19,48.62,48.13,48.62,45800,42.59
20080514,48.28,48.50,48.12,48.15,74000,42.18
20080513,48.15,48.15,47.74,47.89,56500,41.95
20080512,47.63,47.93,47.46,47.93,8700,41.99
20080509,47.42,47.59,47.35,47.49,29400,41.60
20080508,47.79,47.84,47.52,47.78,20200,41.86
20080507,48.39,48.47,47.57,47.57,50900,41.67
20080506,47.79,48.50,47.79,48.50,5800,42.49
20080505,48.27,48.38,48.04,48.13,52500,42.16
20080502,48.49,48.56,48.08,48.24,40600,42.26
20080501,47.39,48.19,47.39,48.18,102600,42.21
20080430,47.62,48.05,47.32,47.40,196400,41.53
20080429,47.59,47.68,47.41,47.53,28700,41.64
20080428,47.85,47.88,47.70,47.71,18200,41.80
20080425,47.70,47.72,47.30,47.72,19000,41.81
20080424,47.14,47.74,46.98,47.52,31500,41.63
20080423,47.29,47.43,47.05,47.15,7300,41.31
20080422,47.25,47.25,46.83,47.06,27400,41.23
20080421,47.30,47.49,47.22,47.49,16800,41.60
20080418,47.51,47.66,47.29,47.50,52300,41.61
20080417,46.53,46.70,46.41,46.67,23800,40.89
20080416,46.09,46.62,46.09,46.58,14200,40.81
20080415,45.72,45.74,45.39,45.57,7900,39.92
20080414,45.59,45.59,45.36,45.45,32500,39.82
20080411,46.00,46.06,45.56,45.62,23100,39.97
20080410,46.37,46.74,46.37,46.61,2600,40.83
20080409,46.50,46.60,46.21,46.30,11900,40.56
20080408,46.72,46.75,46.55,46.66,132600,40.88
20080407,47.15,47.32,46.78,46.85,22500,41.04
20080404,46.80,47.09,46.62,46.75,26800,40.96
20080403,46.49,46.92,46.47,46.75,81000,40.96
20080402,46.92,47.04,46.50,46.73,49100,40.94
20080401,45.85,46.59,45.83,46.59,29400,40.82
20080331,44.95,45.38,44.95,45.22,8800,39.62
20080328,45.60,45.69,44.96,44.96,18100,39.39
20080327,45.98,45.98,45.37,45.37,30000,39.75
20080326,46.03,46.03,45.73,45.86,66800,40.18
20080325,46.24,46.34,45.87,46.19,75100,40.47
20080324,45.81,46.47,45.81,46.21,98100,40.38
20080320,46.52,46.52,44.48,45.46,43800,39.72
20080319,45.99,45.99,44.64,44.64,92000,39.00
20080318,44.53,45.44,44.48,45.44,66300,39.70
20080317,43.03,44.11,43.03,44.05,143100,38.49
20080314,45.08,45.21,43.69,44.14,79000,38.57
20080313,44.13,45.19,44.13,45.09,46800,39.40
20080312,45.40,45.41,44.88,44.88,15600,39.21
20080311,44.50,44.98,44.16,44.93,43600,39.26
20080310,44.28,44.28,43.62,43.67,75200,38.16
20080307,44.47,46.53,43.98,44.42,80200,38.81
20080306,45.19,45.24,44.75,44.75,21500,39.10
20080305,45.59,45.86,45.19,45.54,61300,39.79
20080304,45.23,45.51,44.77,45.42,36300,39.69
20080303,45.56,45.62,45.20,45.44,17700,39.70
20080229,46.26,46.32,45.47,45.47,117700,39.73
20080228,46.82,47.00,46.64,46.79,55500,40.88
20080227,46.87,47.37,46.87,47.11,24200,41.16
20080226,46.78,47.26,46.67,47.00,26000,41.07
20080225,46.22,46.94,46.10,46.94,45600,41.01
20080222,46.06,46.22,45.49,46.22,40100,40.39
20080221,46.58,46.65,45.84,45.94,39600,40.14
20080220,45.70,46.47,45.68,46.28,52800,40.44
20080219,46.81,46.81,45.96,46.06,20900,40.25
20080215,45.93,46.00,45.75,45.98,31600,40.18
20080214,46.72,46.72,46.05,46.05,46600,40.24
20080213,46.35,46.75,46.22,46.74,35200,40.84
20080212,45.97,46.44,45.94,46.13,69300,40.31
20080211,45.42,45.71,45.12,45.56,88500,39.81
20080208,45.38,45.73,45.21,45.36,99400,39.63
20080207,45.12,45.53,45.00,45.53,2200,39.78
20080206,45.83,46.06,45.33,45.33,10600,39.61
20080205,46.20,46.28,45.63,45.63,13900,39.87
20080204,47.53,47.53,47.09,47.16,16300,41.21
20080201,47.09,47.53,47.04,47.53,15200,41.53
20080131,45.61,47.18,45.46,47.18,16300,41.22
20080130,46.38,47.30,46.27,46.27,22000,40.43
20080129,46.57,46.57,46.21,46.47,26400,40.60
20080128,45.51,46.11,45.51,46.11,5300,40.29
20080125,46.69,46.74,45.50,45.67,12000,39.90
20080124,45.94,46.18,45.60,46.17,35100,40.34
20080123,43.73,45.60,43.50,45.57,24100,39.82
20080122,44.99,45.11,43.27,44.86,29500,39.20
20080118,45.92,45.92,44.99,45.34,24400,39.62
20080117,47.10,47.10,45.57,45.63,15600,39.87
20080116,47.03,47.26,46.88,47.19,13600,41.23
20080115,47.57,47.58,47.34,47.34,11900,41.36
20080114,48.29,48.45,48.14,48.37,47000,42.26
20080111,48.15,48.40,47.92,47.98,12000,41.92
20080110,47.85,48.84,47.85,48.80,42300,42.64
20080109,47.55,48.07,47.30,48.07,30600,42.00
20080108,48.62,48.76,47.90,47.92,9000,41.87
20080107,48.48,48.57,48.17,48.17,14100,42.09
20080104,48.97,48.97,48.25,48.25,17300,42.16
20080103,49.48,49.61,49.34,49.35,18800,43.12
20080102,50.00,50.00,49.24,49.34,17700,43.11
20071231,50.17,50.20,49.95,50.13,10300,43.80
20071228,50.70,50.70,50.22,50.34,21200,43.99
20071227,50.85,50.85,50.50,50.50,3300,44.13
