20140814,76.76,77.04,76.75,77.04,99600,77.04
20140813,76.32,76.76,76.30,76.65,52300,76.65
20140812,76.20,76.33,75.84,76.06,90300,76.06
20140811,76.26,76.57,76.23,76.27,194900,76.27
20140808,75.19,75.98,75.05,75.93,149300,75.93
20140807,75.83,75.88,74.90,75.09,90800,75.09
20140806,75.02,75.85,75.02,75.47,218100,75.47
20140805,75.83,75.94,75.11,75.43,200800,75.43
20140804,75.74,76.31,75.42,76.09,122200,76.09
20140801,75.54,76.03,75.15,75.54,70500,75.54
20140731,76.75,76.77,75.73,75.79,119600,75.79
20140730,77.39,77.57,77.07,77.36,134900,77.36
20140729,77.42,77.57,77.09,77.09,55400,77.09
20140728,77.35,77.48,76.81,77.34,52300,77.34
20140725,77.46,77.47,77.11,77.22,94600,77.22
20140724,77.95,77.95,77.66,77.75,80100,77.75
20140723,77.65,77.86,77.59,77.82,69700,77.82
20140722,77.32,77.59,77.28,77.46,94600,77.46
20140721,77.01,77.16,76.78,77.06,109200,77.06
20140718,76.56,77.24,76.45,77.21,108000,77.21
20140717,77.00,77.18,76.09,76.23,74300,76.23
20140716,77.67,77.67,77.17,77.25,147700,77.25
20140715,77.75,77.81,76.87,77.28,53900,77.28
20140714,77.45,77.75,77.44,77.65,92500,77.65
20140711,76.97,77.15,76.82,77.11,43100,77.11
20140710,76.46,77.15,76.31,76.92,56100,76.92
20140709,77.11,77.34,76.85,77.30,34700,77.30
20140708,77.39,77.42,76.58,76.88,82300,76.88
20140707,77.76,77.80,77.47,77.60,57200,77.60
20140703,77.67,77.91,77.58,77.84,37600,77.84
20140702,77.47,77.61,77.39,77.50,62400,77.50
20140701,76.99,77.58,76.97,77.44,108200,77.44
20140630,76.72,76.93,76.64,76.78,68100,76.78
20140627,76.32,76.72,76.32,76.69,49800,76.69
20140626,76.40,76.46,75.94,76.46,72900,76.46
20140625,75.74,76.50,75.71,76.40,43200,76.40
20140624,76.16,76.60,75.69,75.79,57000,75.79
20140623,76.27,76.27,76.11,76.26,40000,76.26
20140620,76.67,76.68,76.38,76.54,57900,76.28
20140619,76.64,76.67,76.30,76.55,40500,76.29
20140618,75.98,76.55,75.79,76.53,61400,76.27
20140617,75.77,76.04,75.66,75.93,49600,75.68
20140616,75.72,75.97,75.53,75.84,49300,75.59
20140613,75.77,75.82,75.31,75.76,44700,75.51
20140612,76.27,76.31,75.51,75.60,49100,75.35
20140611,76.24,76.39,76.09,76.35,45500,76.09
20140610,76.33,76.52,76.27,76.44,43900,76.18
20140609,76.46,76.62,76.27,76.45,75300,76.19
20140606,76.28,76.42,76.20,76.36,28000,76.10
20140605,75.69,76.12,75.37,76.05,74100,75.80
20140604,75.26,75.63,75.03,75.58,30200,75.33
20140603,75.22,75.45,75.16,75.38,40200,75.13
20140602,75.46,75.48,75.01,75.44,77300,75.19
20140530,75.38,75.43,75.10,75.41,210900,75.16
20140529,75.00,75.37,74.98,75.35,47100,75.10
20140528,75.06,75.11,74.76,74.89,94500,74.64
20140527,74.75,75.11,74.74,75.11,48900,74.86
20140523,74.10,74.47,74.01,74.44,55600,74.19
20140522,73.82,74.19,73.67,74.01,70100,73.76
20140521,73.20,73.73,73.20,73.73,43500,73.48
20140520,73.45,73.51,72.85,73.07,50300,72.83
20140519,72.81,73.52,72.75,73.46,56500,73.21
20140516,72.80,73.06,72.38,73.06,144000,72.82
20140515,73.09,73.14,72.19,72.64,74300,72.40
20140514,73.59,73.64,73.15,73.28,52100,73.03
20140513,73.78,73.93,73.57,73.65,56300,73.40
20140512,73.12,73.71,73.12,73.70,77200,73.45
20140509,72.48,72.80,72.17,72.78,519100,72.54
20140508,72.46,73.20,72.34,72.52,78100,72.28
20140507,72.88,72.91,71.95,72.69,49700,72.45
20140506,73.27,73.27,72.60,72.61,39600,72.37
20140505,72.65,73.39,72.52,73.39,51900,73.14
20140502,73.09,73.30,72.83,72.94,61200,72.70
20140501,72.80,73.29,72.75,73.00,56100,72.76
20140430,72.37,72.86,72.25,72.80,56200,72.56
20140429,72.33,72.73,72.12,72.61,50300,72.37
20140428,72.27,72.50,71.19,72.05,79600,71.81
20140425,72.55,72.61,71.80,71.96,67400,71.72
20140424,73.08,73.08,72.41,72.83,84200,72.59
20140423,72.84,72.85,72.45,72.45,60100,72.21
20140422,72.57,73.09,72.57,72.86,50000,72.62
20140421,71.95,72.39,71.89,72.39,103300,72.15
20140417,71.73,72.10,71.46,71.93,71500,71.69
20140416,71.46,71.92,71.20,71.92,75900,71.68
20140415,70.67,71.11,69.75,70.99,73000,70.75
20140414,70.54,70.81,69.94,70.56,81000,70.32
20140411,70.14,70.80,69.85,69.98,112700,69.75
20140410,72.59,72.59,70.57,70.69,79500,70.45
20140409,71.70,72.52,71.58,72.52,49400,72.28
20140408,71.04,71.53,70.76,71.45,66300,71.21
20140407,71.61,71.81,70.65,71.04,99300,70.80
20140404,73.50,73.50,71.71,71.83,117800,71.59
20140403,73.53,73.59,72.86,73.09,50800,72.85
20140402,73.45,73.50,73.20,73.41,102900,73.16
20140401,72.68,73.26,72.67,73.23,171000,72.99
20140331,72.35,72.59,72.27,72.40,61200,72.16
20140328,71.87,72.35,71.68,71.86,72800,71.62
20140327,71.81,71.99,71.23,71.66,103300,71.42
20140326,72.84,73.01,71.90,71.90,158400,71.66
20140325,72.70,73.01,72.18,72.61,87500,72.37
20140324,73.21,73.21,71.97,72.38,122200,72.14
20140321,73.92,73.99,72.99,73.11,79800,72.67
20140320,73.26,73.68,72.97,73.60,71400,73.16
20140319,73.96,73.98,72.98,73.36,94400,72.92
20140318,73.60,74.00,73.48,73.94,153700,73.49
20140317,73.15,73.55,73.15,73.35,79500,72.91
20140314,72.84,73.11,72.62,72.62,87000,72.18
20140313,74.24,74.24,72.80,72.93,112300,72.49
20140312,73.52,73.98,73.32,73.98,64500,73.53
20140311,74.39,74.59,73.76,73.93,53500,73.48
20140310,74.14,74.24,73.80,74.20,58300,73.75
20140307,74.76,74.76,73.94,74.21,53200,73.76
20140306,74.52,74.65,74.33,74.44,56000,73.99
20140305,74.39,74.48,74.25,74.35,58500,73.90
20140304,74.00,74.33,73.97,74.24,134800,73.79
20140303,73.00,73.34,72.68,73.17,93300,72.73
20140228,73.71,74.11,73.20,73.71,79000,73.26
20140227,73.13,73.71,73.13,73.67,55800,73.22
20140226,73.40,73.64,73.02,73.20,56400,72.76
20140225,73.27,73.47,72.94,73.17,71800,72.73
20140224,72.86,73.61,72.86,73.21,70500,72.77
20140221,73.01,73.13,72.71,72.71,41000,72.27
20140220,72.55,72.95,72.31,72.81,96100,72.37
20140219,72.92,73.19,72.46,72.52,78200,72.08
20140218,72.92,73.15,72.77,73.08,81100,72.64
20140214,72.61,73.02,72.49,72.88,56100,72.44
20140213,71.70,72.75,71.70,72.69,49000,72.25
20140212,72.21,72.36,72.00,72.14,75600,71.70
20140211,71.46,72.25,71.43,72.06,83800,71.62
20140210,71.19,71.40,71.05,71.37,72800,70.94
20140207,70.43,71.12,70.23,71.08,75700,70.65
20140206,69.27,70.07,69.27,70.04,98800,69.62
20140205,69.00,69.25,68.46,69.12,147900,68.70
20140204,68.79,69.35,68.67,69.17,175500,68.75
20140203,70.05,70.13,68.37,68.50,167100,68.09
20140131,69.56,70.46,69.55,70.03,74100,69.61
20140130,70.21,70.68,70.10,70.43,83700,70.00
20140129,69.68,69.91,69.16,69.34,306300,68.92
20140128,69.88,70.33,69.88,70.27,65100,69.85
20140127,70.64,70.71,69.60,70.03,108500,69.61
20140124,71.76,71.76,70.61,70.61,127600,70.18
20140123,72.40,72.40,71.91,72.27,108200,71.83
20140122,72.63,72.79,72.56,72.74,96900,72.30
20140121,72.64,72.75,72.10,72.64,83200,72.20
20140117,72.36,72.54,72.09,72.19,58100,71.75
20140116,72.32,72.50,72.25,72.40,59800,71.96
20140115,72.17,72.53,72.17,72.45,60200,72.01
20140114,71.28,72.04,71.20,72.04,49600,71.60
20140113,71.80,72.07,70.81,71.02,122500,70.59
20140110,71.99,72.08,71.57,72.08,70900,71.64
20140109,72.18,72.18,71.53,71.83,59100,71.40
20140108,71.88,72.06,71.67,71.92,234500,71.49
20140107,71.63,71.95,71.60,71.85,78600,71.42
20140106,71.84,71.84,71.16,71.38,67200,70.95
20140103,71.97,71.98,71.58,71.59,113300,71.16
20140102,72.24,72.24,71.61,71.85,151200,71.42
20131231,72.15,72.48,72.15,72.48,86000,72.04
20131230,72.10,72.11,71.95,72.07,73600,71.63
20131227,72.21,72.53,72.04,72.09,201800,71.65
20131226,72.00,72.22,71.94,72.19,60300,71.75
20131224,71.83,71.87,71.74,71.85,33900,71.42
20131223,71.63,71.83,71.48,71.83,52300,71.40
20131220,70.82,71.34,70.81,71.19,58900,70.76
20131219,70.82,71.02,70.63,70.97,56700,70.24
20131218,70.03,70.98,69.33,70.93,72900,70.20
20131217,70.12,70.13,69.70,69.89,95900,69.17
20131216,69.93,70.27,69.93,70.04,110200,69.32
20131213,69.74,69.80,69.47,69.56,29400,68.84
20131212,69.69,69.85,69.46,69.55,40200,68.83
20131211,70.50,70.58,69.67,69.75,33300,69.03
20131210,70.49,70.62,70.39,70.45,39200,69.72
20131209,70.74,70.75,70.53,70.61,64800,69.88
20131206,70.62,70.62,70.24,70.54,53400,69.81
20131205,69.89,70.12,69.81,69.95,50300,69.23
20131204,69.70,70.18,69.42,69.94,46000,69.22
20131203,69.93,70.15,69.72,69.96,94300,69.24
20131202,70.45,70.55,70.05,70.15,58400,69.43
20131129,70.47,70.66,70.38,70.42,27100,69.69
20131127,70.15,70.32,70.08,70.32,51200,69.59
20131126,69.77,70.23,69.69,70.06,39600,69.34
20131125,70.01,70.01,69.66,69.70,61000,68.98
20131122,69.58,69.86,69.58,69.86,32200,69.14
20131121,69.09,69.52,69.09,69.50,33500,68.78
20131120,69.39,69.53,68.75,68.92,36200,68.21
20131119,69.43,69.57,69.12,69.22,37400,68.50
20131118,70.02,70.03,69.31,69.44,79600,68.72
20131115,69.69,69.83,69.59,69.83,37200,69.11
20131114,69.23,69.64,69.19,69.57,41900,68.85
20131113,68.21,69.15,68.21,69.15,189800,68.44
20131112,68.38,68.62,68.26,68.44,80100,67.73
20131111,68.57,68.65,68.44,68.53,30700,67.82
20131108,67.74,68.52,67.74,68.52,61700,67.81
20131107,68.87,68.93,67.67,67.72,72500,67.02
20131106,69.02,69.06,68.61,68.77,42700,68.06
20131105,68.59,68.83,68.31,68.73,43600,68.02
20131104,68.94,68.94,68.62,68.84,55000,68.13
20131101,68.83,68.94,68.47,68.76,76600,68.05
20131031,68.77,69.08,68.49,68.65,62800,67.94
20131030,69.23,69.30,68.57,68.78,124000,68.07
20131029,69.02,69.11,68.78,69.10,35700,68.39
20131028,68.76,68.94,68.56,68.76,36900,68.05
20131025,68.70,68.81,68.42,68.76,40000,68.05
20131024,68.21,68.52,68.16,68.47,43300,67.76
20131023,68.00,68.11,67.75,68.01,45900,67.31
20131022,68.20,68.54,67.93,68.31,53800,67.60
20131021,68.04,68.12,67.85,68.00,508100,67.30
20131018,67.62,67.96,67.50,67.93,63100,67.23
20131017,66.59,67.20,66.57,67.19,70200,66.50
20131016,66.40,66.89,66.37,66.88,42900,66.19
20131015,66.24,66.47,65.95,66.00,295500,65.32
20131014,65.55,66.41,65.46,66.36,52700,65.67
20131011,65.39,66.04,65.39,66.01,45700,65.33
20131010,64.86,65.61,64.83,65.58,127900,64.90
20131009,64.26,64.33,63.62,64.10,89400,63.44
20131008,65.19,65.20,64.15,64.17,91100,63.51
20131007,65.16,65.70,65.16,65.19,54300,64.52
20131004,65.29,65.82,65.29,65.76,49400,65.08
20131003,65.82,65.94,64.97,65.26,137900,64.59
20131002,65.67,65.98,65.49,65.95,47300,65.27
20131001,65.46,66.11,65.46,66.00,71400,65.32
20130930,65.25,65.70,65.08,65.47,66500,64.79
20130927,65.77,65.86,65.59,65.82,178400,65.14
20130926,65.80,66.18,65.80,66.11,40000,65.43
20130925,65.92,65.92,65.51,65.60,38700,64.92
20130924,65.88,66.18,65.72,65.87,73300,65.19
20130923,66.29,66.30,65.74,65.89,34000,65.21
20130920,66.78,66.83,66.32,66.34,57800,65.42
20130919,66.85,66.92,66.59,66.68,95700,65.75
20130918,65.71,66.72,65.61,66.60,75300,65.67
20130917,65.38,65.77,65.38,65.74,60500,64.83
20130916,65.77,65.94,65.24,65.36,59000,64.45
20130913,65.28,65.28,65.00,65.24,52500,64.33
20130912,65.20,65.28,65.08,65.15,33200,64.24
20130911,64.87,65.15,64.70,65.15,51200,64.24
20130910,65.14,65.19,64.90,65.07,41300,64.17
20130909,64.29,64.77,64.29,64.75,77800,63.85
20130906,64.16,64.38,63.51,64.06,43200,63.17
20130905,63.89,64.07,63.83,63.87,25500,62.98
20130904,63.30,63.93,63.21,63.83,61000,62.94
20130903,63.35,63.61,62.94,63.19,37800,62.31
20130830,63.10,63.10,62.56,62.67,89800,61.80
20130829,62.65,63.27,62.64,62.96,36600,62.09
20130828,62.51,63.01,62.50,62.79,44300,61.92
20130827,62.92,63.09,62.44,62.57,39600,61.70
20130826,63.67,64.01,63.47,63.54,41600,62.66
20130823,63.56,63.57,63.23,63.54,33300,62.66
20130822,63.01,63.47,63.01,63.43,33900,62.55
20130821,62.99,63.39,62.76,62.84,69400,61.97
20130820,62.96,63.38,62.92,63.12,43800,62.24
20130819,63.00,63.44,62.87,62.88,51100,62.01
20130816,63.10,63.36,62.98,63.06,90700,62.18
20130815,63.51,63.51,63.09,63.20,70400,62.32
20130814,64.37,64.37,64.01,64.01,35000,63.12
20130813,64.23,64.43,63.76,64.35,37500,63.46
20130812,63.84,64.12,63.84,64.06,37700,63.17
20130809,64.23,64.44,63.94,64.07,33600,63.18
20130808,64.51,64.59,64.01,64.32,83300,63.43
20130807,64.20,64.32,63.88,64.19,178200,63.30
20130806,64.61,64.61,64.22,64.43,88200,63.53
20130805,64.69,64.79,64.64,64.77,43100,63.87
20130802,64.45,64.72,64.37,64.71,240600,63.81
20130801,64.24,64.56,64.24,64.50,55300,63.60
20130731,64.04,64.15,63.66,63.71,144800,62.82
20130730,63.83,64.00,63.69,63.82,45500,62.93
20130729,63.77,63.95,63.58,63.69,39600,62.81
20130726,63.62,63.95,63.35,63.95,187600,63.06
20130725,63.61,63.87,63.41,63.80,161600,62.91
20130724,63.85,63.87,63.33,63.48,41400,62.60
20130723,63.84,63.90,63.46,63.51,143200,62.63
20130722,63.91,63.91,63.65,63.78,235200,62.89
20130719,63.62,63.73,63.45,63.73,64500,62.84
20130718,63.55,63.89,63.55,63.70,37500,62.81
20130717,63.50,63.67,63.45,63.58,52200,62.70
20130716,63.52,63.55,63.23,63.38,47800,62.50
20130715,63.61,63.65,63.49,63.60,49200,62.72
20130712,63.33,63.57,63.22,63.51,59300,62.63
20130711,63.15,63.42,63.07,63.41,173800,62.53
20130710,62.32,62.58,62.23,62.44,78300,61.57
20130709,62.28,62.43,62.00,62.33,39100,61.46
20130708,62.02,62.14,61.79,61.90,82900,61.04
20130705,61.61,61.75,61.14,61.74,66500,60.88
20130703,60.77,61.39,60.70,61.22,44100,60.37
20130702,60.87,61.37,60.71,60.98,69200,60.13
20130701,60.98,61.39,60.85,60.93,67800,60.08
20130628,60.45,60.85,60.23,60.41,80900,59.57
20130627,60.75,61.01,60.65,60.65,70600,59.81
20130626,60.29,60.56,60.19,60.41,121500,59.57
20130625,59.82,60.00,59.46,59.85,93100,59.02
20130624,59.46,59.85,58.76,59.31,192500,58.49
20130621,60.68,60.68,59.75,60.33,131300,59.28
20130620,61.27,61.34,60.15,60.28,160800,59.23
20130619,62.76,62.82,61.87,61.87,72300,60.79
20130618,62.23,62.81,62.23,62.69,57200,61.60
20130617,62.16,62.48,61.87,62.14,83600,61.06
20130614,61.98,62.21,61.63,61.71,53800,60.63
20130613,61.03,62.11,60.92,62.02,34100,60.94
20130612,62.20,62.20,61.12,61.13,63500,60.06
20130611,61.85,62.31,61.63,61.76,94700,60.68
20130610,62.72,62.72,62.36,62.38,53600,61.29
20130607,62.00,62.51,61.86,62.47,53900,61.38
20130606,61.15,61.64,60.73,61.64,64100,60.56
20130605,61.95,62.06,61.16,61.17,85600,60.10
20130604,62.49,62.76,61.86,62.13,69900,61.05
20130603,62.32,62.44,61.75,62.44,124600,61.35
20130531,62.83,63.13,62.12,62.12,85800,61.04
20130530,62.90,63.28,62.90,63.02,53700,61.92
20130529,63.03,63.04,62.55,62.88,84100,61.78
20130528,63.63,63.92,63.20,63.33,45400,62.23
20130524,62.64,62.98,62.46,62.98,56700,61.88
20130523,62.67,63.20,62.49,63.03,86900,61.93
20130522,63.92,64.49,63.00,63.26,97200,62.16
20130521,63.73,64.07,63.59,63.83,43800,62.72
20130520,63.72,63.99,63.58,63.73,50800,62.62
20130517,63.53,63.81,63.40,63.81,53300,62.70
20130516,63.44,63.63,63.17,63.22,42800,62.12
20130515,63.32,63.64,63.25,63.59,53600,62.48
20130514,63.04,63.53,63.04,63.39,46100,62.28
20130513,62.88,63.15,62.81,62.97,60200,61.87
20130510,62.74,62.98,62.63,62.98,32600,61.88
20130509,62.77,63.03,62.56,62.70,56600,61.61
20130508,62.42,62.79,62.38,62.79,63800,61.69
20130507,62.45,62.51,62.14,62.47,71000,61.38
20130506,62.19,62.33,62.13,62.25,53500,61.16
20130503,61.98,62.28,61.91,62.09,85700,61.01
20130502,60.93,61.48,60.84,61.40,52600,60.33
20130501,61.02,61.07,60.65,60.73,54600,59.67
20130430,60.83,61.14,60.64,61.11,60200,60.04
20130429,60.45,60.90,60.34,60.74,51900,59.68
20130426,60.27,60.35,60.06,60.23,58900,59.18
20130425,60.24,60.57,60.22,60.33,112000,59.28
20130424,60.02,60.35,60.00,60.09,42000,59.04
20130423,59.86,60.21,59.60,60.12,78400,59.07
20130422,59.31,59.68,59.00,59.57,69800,58.53
20130419,58.79,59.27,58.68,59.17,53900,58.14
20130418,59.63,59.63,58.70,58.92,131600,57.89
20130417,60.05,60.05,59.25,59.50,87000,58.46
20130416,60.02,60.54,59.93,60.51,77600,59.45
20130415,60.64,60.76,59.61,59.61,150700,58.57
20130412,60.86,61.00,60.63,61.00,46300,59.94
20130411,60.77,61.19,60.77,61.03,101000,59.97
20130410,60.22,60.85,60.17,60.79,100000,59.73
20130409,60.00,60.20,59.72,59.99,101900,58.94
20130408,59.51,59.87,59.39,59.86,60700,58.82
20130405,59.04,59.49,58.95,59.46,98800,58.42
20130404,59.71,59.95,59.58,59.79,54200,58.75
20130403,60.21,60.28,59.52,59.66,66200,58.62
20130402,59.92,60.33,59.92,60.18,65700,59.13
20130401,60.09,60.12,59.60,59.72,90200,58.68
20130328,59.85,60.12,59.80,60.05,78600,59.00
20130327,59.50,59.89,59.39,59.87,86600,58.83
20130326,59.69,59.84,59.60,59.83,100600,58.79
20130325,59.80,59.90,59.18,59.42,80800,58.38
20130322,59.27,59.59,59.26,59.58,47700,58.54
20130321,59.39,59.53,59.14,59.23,56000,58.03
20130320,59.60,59.81,59.56,59.70,74300,58.49
20130319,59.60,59.67,58.93,59.33,57600,58.12
20130318,59.23,59.69,59.14,59.46,69900,58.25
20130315,59.86,59.88,59.65,59.74,48500,58.53
20130314,59.79,59.91,59.73,59.88,39000,58.66
20130313,59.58,59.69,59.38,59.57,31400,58.36
20130312,59.68,59.70,59.34,59.52,63900,58.31
20130311,59.43,59.76,59.43,59.76,48900,58.55
20130308,59.48,59.59,59.24,59.53,102400,58.32
20130307,59.26,59.34,59.15,59.31,51500,58.11
20130306,59.44,59.44,59.11,59.19,45100,57.99
20130305,58.83,59.33,58.83,59.20,98200,58.00
20130304,58.22,58.59,58.16,58.59,49500,57.40
20130301,57.97,58.42,57.71,58.35,93700,57.16
20130228,58.25,58.61,58.11,58.11,130500,56.93
20130227,57.54,58.42,57.52,58.26,66200,57.08
20130226,57.46,57.66,57.13,57.61,93500,56.44
20130225,58.51,58.59,57.21,57.24,102800,56.08
20130222,57.89,58.18,57.75,58.18,90800,57.00
20130221,57.88,57.88,57.44,57.59,76500,56.42
20130220,58.70,58.70,57.99,57.99,60400,56.81
20130219,58.51,58.74,58.48,58.73,123200,57.54
20130215,58.45,58.57,58.23,58.41,65200,57.22
20130214,58.29,58.56,58.25,58.41,42600,57.22
20130213,58.55,58.64,58.27,58.42,37300,57.23
20130212,58.48,58.53,58.35,58.39,84400,57.20
20130211,58.60,58.60,58.36,58.50,72000,57.31
20130208,58.32,58.62,58.31,58.58,126700,57.39
20130207,58.16,58.17,57.64,58.14,126800,56.96
20130206,57.97,58.19,57.90,58.07,68000,56.89
20130205,57.86,58.27,57.76,58.13,115000,56.95
20130204,57.96,58.02,57.46,57.48,81100,56.31
20130201,57.97,58.26,57.88,58.22,71800,57.04
20130131,57.79,57.95,57.64,57.64,83900,56.47
20130130,58.01,58.12,57.73,57.79,108500,56.62
20130129,57.80,58.07,57.63,57.97,127300,56.79
20130128,57.96,58.00,57.76,57.91,145100,56.73
20130125,57.90,58.03,57.74,57.94,99300,56.76
20130124,57.65,58.05,57.60,57.76,104900,56.59
20130123,57.91,58.11,57.88,58.02,135100,56.84
20130122,57.55,57.75,57.39,57.72,111900,56.55
20130118,57.38,57.55,57.18,57.53,67500,56.36
20130117,57.31,57.59,57.21,57.40,186500,56.23
20130116,56.94,57.20,56.88,57.07,82400,55.91
20130115,56.79,57.08,56.75,57.02,99200,55.86
20130114,57.05,57.20,56.93,57.07,100300,55.91
20130111,57.19,57.28,57.10,57.25,77700,56.09
20130110,57.16,57.20,56.72,57.15,99600,55.99
20130109,56.78,56.96,56.75,56.84,79100,55.69
20130108,56.68,56.78,56.37,56.64,154300,55.49
20130107,56.68,56.82,56.56,56.75,102500,55.60
20130104,56.84,57.00,56.68,56.88,120500,55.72
20130103,56.89,57.06,56.61,56.77,141800,55.62
20130102,56.63,56.93,56.44,56.87,646400,55.71
20121231,54.40,55.53,54.31,55.46,186500,54.33
20121228,54.72,54.98,54.43,54.43,142600,53.32
20121227,55.03,55.17,54.38,55.05,104600,53.93
20121226,55.50,55.50,54.90,55.00,54600,53.88
20121224,55.40,55.52,55.30,55.46,108400,54.33
20121221,55.21,55.60,55.17,55.53,123900,54.40
20121220,55.85,56.01,55.61,56.01,93600,54.87
20121219,56.68,56.68,56.19,56.19,98000,54.67
20121218,56.22,56.66,55.99,56.60,256900,55.07
20121217,55.44,55.97,55.40,55.97,125900,54.45
20121214,55.40,55.48,55.21,55.29,88000,53.79
20121213,55.87,56.15,55.47,55.62,59000,54.11
20121212,56.26,56.34,55.88,55.96,60100,54.44
20121211,55.96,56.38,55.90,56.06,59500,54.54
20121210,55.55,55.85,55.55,55.68,61500,54.17
20121207,55.88,55.88,55.52,55.71,250500,54.20
20121206,55.30,55.76,55.27,55.67,75900,54.16
20121205,55.76,55.76,55.13,55.47,162000,53.97
20121204,55.76,55.94,55.61,55.72,547100,54.21
20121203,56.39,56.45,55.84,55.84,65200,54.33
20121130,56.11,56.23,55.90,56.11,111200,54.59
20121129,55.94,56.23,55.81,56.12,61000,54.60
20121128,55.10,55.75,54.80,55.75,80500,54.24
20121127,55.48,55.67,55.29,55.33,56200,53.83
20121126,55.32,55.52,55.13,55.51,97500,54.01
20121123,55.00,55.54,55.00,55.53,32800,54.03
20121121,54.70,54.83,54.60,54.78,70600,53.30
20121120,54.59,54.72,54.20,54.64,89800,53.16
20121119,53.90,54.57,53.90,54.54,84700,53.06
20121116,53.10,53.43,52.67,53.36,61200,51.92
20121115,53.12,53.22,52.81,53.05,105400,51.61
20121114,54.04,54.07,53.00,53.09,72700,51.65
20121113,53.65,54.31,53.60,53.84,87400,52.38
20121112,54.08,54.21,53.80,53.97,543400,52.51
20121109,53.62,54.33,53.62,53.88,71500,52.42
20121108,54.56,54.73,53.79,53.79,268200,52.33
20121107,55.13,55.14,54.24,54.60,129300,53.12
20121106,55.39,55.83,55.36,55.57,1015400,54.07
20121105,54.98,55.38,54.90,55.25,780900,53.75
20121102,55.82,55.89,55.05,55.06,451100,53.57
20121101,55.12,55.71,55.08,55.57,72400,54.07
20121031,55.16,55.23,54.77,55.00,534600,53.51
20121026,55.01,55.23,54.60,55.08,89000,53.59
20121025,55.34,55.38,54.74,55.01,46300,53.52
20121024,55.42,55.53,54.90,55.00,61100,53.51
20121023,55.36,55.44,55.00,55.17,116500,53.68
20121022,55.71,55.96,55.47,55.96,56600,54.44
20121019,56.64,56.64,55.66,55.76,95000,54.25
20121018,57.10,57.22,56.66,56.82,84700,55.28
20121017,57.19,57.35,57.05,57.21,58600,55.66
20121016,56.86,57.31,56.79,57.27,65600,55.72
20121015,56.35,56.63,56.09,56.59,76500,55.06
20121012,56.31,56.49,56.03,56.20,85300,54.68
20121011,56.52,56.65,56.18,56.19,52500,54.67
20121010,56.48,56.59,56.13,56.19,205800,54.67
20121009,57.16,57.16,56.45,56.47,68500,54.94
20121008,57.33,57.33,57.10,57.18,40500,55.63
20121005,57.87,57.94,57.34,57.44,77900,55.88
20121004,57.51,57.68,57.40,57.61,56600,56.05
20121003,57.16,57.38,56.88,57.32,42500,55.77
20121002,57.21,57.21,56.68,57.00,40700,55.46
20121001,57.15,57.52,56.81,56.96,79800,55.42
20120928,56.96,57.14,56.69,56.86,77500,55.32
20120927,56.76,57.28,56.61,57.15,92500,55.60
20120926,56.79,56.86,56.35,56.55,80100,55.02
20120925,57.68,57.79,56.84,56.88,64200,55.34
20120924,57.41,57.65,57.27,57.54,57700,55.98
20120921,58.29,58.29,57.95,57.97,87000,56.20
20120920,57.86,57.99,57.69,57.99,67300,56.22
20120919,58.14,58.29,57.99,58.15,74100,56.37
20120918,58.02,58.08,57.89,58.02,191100,56.25
20120917,58.13,58.14,57.92,58.03,107400,56.26
20120914,57.93,58.39,57.93,58.07,174500,56.29
20120913,57.03,57.95,56.94,57.76,103800,55.99
20120912,56.94,56.99,56.71,56.89,115600,55.15
20120911,56.65,56.93,56.65,56.74,64700,55.00
20120910,57.03,57.04,56.63,56.64,65200,54.91
20120907,56.96,57.07,56.91,57.06,74500,55.31
20120906,56.16,56.90,56.16,56.88,108100,55.14
20120905,55.94,56.00,55.72,55.79,115700,54.08
20120904,55.91,56.07,55.50,55.84,92800,54.13
20120831,56.00,56.13,55.50,55.93,189500,54.22
20120830,55.87,55.89,55.59,55.65,71000,53.95
20120829,56.14,56.23,55.94,56.10,35400,54.38
20120828,56.01,56.17,55.87,56.04,52200,54.33
20120827,56.27,56.30,56.03,56.08,54000,54.36
20120824,55.48,56.13,55.48,56.05,34000,54.34
20120823,55.97,55.98,55.60,55.71,44200,54.01
20120822,55.83,56.19,55.80,56.09,77500,54.37
20120821,56.37,56.56,55.86,55.97,63600,54.26
20120820,56.25,56.25,55.97,56.20,77300,54.48
20120817,56.17,56.23,56.04,56.23,81900,54.51
20120816,55.63,56.10,55.56,56.01,52600,54.30
20120815,55.42,55.59,55.41,55.50,60300,53.80
20120814,55.52,55.63,55.27,55.38,73200,53.69
20120813,55.25,55.35,55.06,55.34,41700,53.65
20120810,55.04,55.31,54.96,55.29,65700,53.60
20120809,55.14,55.29,55.08,55.21,51400,53.52
20120808,55.00,55.24,54.99,55.11,29900,53.42
20120807,55.11,55.41,55.11,55.19,60300,53.50
20120806,54.96,55.14,54.87,54.89,50500,53.21
20120803,54.61,54.84,54.47,54.74,161100,53.07
20120802,53.60,54.10,53.40,53.73,61500,52.09
20120801,54.44,54.44,53.78,53.95,73700,52.30
20120731,54.40,54.47,54.17,54.18,21900,52.52
20120730,54.40,54.70,54.27,54.40,25900,52.74
20120727,53.62,54.50,53.60,54.40,71900,52.74
20120726,53.22,53.45,52.99,53.37,32300,51.74
20120725,52.60,52.73,52.23,52.52,35600,50.91
20120724,53.08,53.10,52.29,52.62,46900,51.01
20120723,52.74,53.13,52.43,53.04,48500,51.42
20120720,53.88,53.94,53.53,53.54,35100,51.90
20120719,53.90,54.27,53.86,54.08,40600,52.43
20120718,53.11,53.77,53.11,53.67,301400,52.03
20120717,53.10,53.31,52.54,53.21,45600,51.58
20120716,52.98,53.12,52.78,52.93,118300,51.31
20120713,52.40,53.12,52.40,53.07,42700,51.45
20120712,52.18,52.41,51.83,52.24,55300,50.64
20120711,52.71,52.80,52.24,52.57,29500,50.96
20120710,53.45,53.55,52.57,52.76,47800,51.15
20120709,53.17,53.22,52.95,53.15,39300,51.52
20120706,53.32,53.40,52.93,53.20,58800,51.57
20120705,53.69,54.00,53.53,53.80,148800,52.15
20120703,53.43,53.83,53.40,53.75,98700,52.11
20120702,53.35,53.45,53.07,53.42,87400,51.79
20120629,52.82,53.24,52.64,53.24,83900,51.61
20120628,51.83,51.91,51.34,51.86,42600,50.27
20120627,51.95,52.23,51.90,52.12,31000,50.53
20120626,51.59,51.85,51.36,51.73,23300,50.15
20120625,51.88,51.88,51.32,51.47,100000,49.90
20120622,52.26,52.52,52.13,52.50,31400,50.72
20120621,53.29,53.29,52.02,52.11,65200,50.34
20120620,53.39,53.52,52.97,53.29,49900,51.48
20120619,53.21,53.63,53.20,53.40,88000,51.59
20120618,52.39,53.07,52.35,52.95,79300,51.15
20120615,52.29,52.70,52.26,52.64,105300,50.85
20120614,51.73,52.20,51.64,52.08,51500,50.31
20120613,51.94,52.25,51.55,51.68,42800,49.93
20120612,51.76,52.13,51.45,52.12,24700,50.35
20120611,52.71,52.72,51.45,51.45,61700,49.70
20120608,51.75,52.26,51.51,52.26,47000,50.49
20120607,52.48,52.48,51.81,51.86,132600,50.10
20120606,51.15,51.86,51.15,51.86,49400,50.10
20120605,50.39,50.83,50.39,50.75,53800,49.03
20120604,50.39,50.60,50.00,50.57,76400,48.85
20120601,50.89,51.02,50.35,50.39,139400,48.68
20120531,51.93,52.03,51.35,51.72,58100,49.97
20120530,52.14,52.14,51.83,51.97,63600,50.21
20120529,52.36,52.80,52.27,52.62,37400,50.83
20120525,52.20,52.23,51.89,51.99,47900,50.23
20120524,52.37,52.41,51.80,52.17,43600,50.40
20120523,51.62,52.25,51.29,52.21,64000,50.44
20120522,52.22,52.48,51.72,51.99,122200,50.23
20120521,51.02,52.06,50.98,52.03,268600,50.26
20120518,51.55,51.67,50.76,50.87,96900,49.14
20120517,52.29,52.29,51.28,51.28,91000,49.54
20120516,52.57,52.79,52.19,52.26,77100,50.49
20120515,52.58,52.98,52.31,52.41,72000,50.63
20120514,52.67,52.99,52.57,52.64,79200,50.85
20120511,53.04,53.64,53.04,53.17,86000,51.37
20120510,53.65,53.65,53.19,53.26,93700,51.45
20120509,52.96,53.67,52.80,53.34,102000,51.53
20120508,53.54,53.71,52.84,53.61,554800,51.79
20120507,53.66,53.99,53.61,53.85,77000,52.02
20120504,54.45,54.56,53.78,53.85,174900,52.02
20120503,55.36,55.39,54.75,54.85,79000,52.99
20120502,55.02,55.32,54.91,55.27,141000,53.39
20120501,55.09,55.72,54.97,55.25,119100,53.38
20120430,55.31,55.32,54.98,55.11,394100,53.24
20120427,55.41,55.62,55.20,55.43,59800,53.55
20120426,54.76,55.29,54.76,55.17,73600,53.30
20120425,54.54,54.86,54.54,54.86,114900,53.00
20120424,53.84,54.04,53.60,53.77,68000,51.95
20120423,53.82,53.85,53.50,53.82,96200,51.99
20120420,54.61,54.76,54.31,54.34,53700,52.50
20120419,54.73,55.00,54.10,54.31,111100,52.47
20120418,54.77,55.01,54.68,54.80,76700,52.94
20120417,54.32,55.04,54.31,54.95,93800,53.09
20120416,54.63,54.63,53.92,54.00,798700,52.17
20120413,54.87,54.87,54.33,54.33,86800,52.49
20120412,54.33,54.98,54.29,54.95,164900,53.09
20120411,54.42,54.46,54.17,54.25,182500,52.41
20120410,54.72,54.83,53.77,53.87,129400,52.04
20120409,54.67,54.97,54.54,54.77,183600,52.91
20120405,55.02,55.36,54.93,55.30,225000,53.42
20120404,55.33,55.35,54.90,55.15,365600,53.28
20120403,55.80,55.95,55.43,55.74,212100,53.85
20120402,55.28,55.89,55.20,55.77,116600,53.88
20120330,55.41,55.41,55.04,55.28,80800,53.40
20120329,54.90,55.18,54.71,55.15,69900,53.28
20120328,55.42,55.55,54.93,55.21,67700,53.34
20120327,55.62,55.64,55.41,55.41,82800,53.53
20120326,55.14,55.51,55.07,55.50,91500,53.62
20120323,54.86,54.93,54.50,54.85,38000,52.85
20120322,54.78,54.88,54.61,54.77,35300,52.77
20120321,55.17,55.27,55.03,55.07,46300,53.06
20120320,55.01,55.17,54.86,55.14,54800,53.13
20120319,54.99,55.39,54.95,55.30,85000,53.28
20120316,55.01,55.04,54.87,54.96,153300,52.96
20120315,54.82,54.94,54.68,54.94,87200,52.94
20120314,54.68,54.80,54.46,54.68,200800,52.69
20120313,53.96,54.60,53.92,54.60,190000,52.61
20120312,53.82,53.86,53.55,53.71,64600,51.75
20120309,53.74,53.88,53.65,53.76,42600,51.80
20120308,53.30,53.67,53.19,53.56,48400,51.61
20120307,52.80,53.02,52.73,52.96,48000,51.03
20120306,52.76,52.76,52.41,52.58,47400,50.66
20120305,53.58,53.61,53.09,53.32,93800,51.38
20120302,53.71,53.79,53.51,53.62,99400,51.67
20120301,53.65,53.83,53.50,53.77,160000,51.81
20120229,53.74,53.82,53.35,53.41,56800,51.46
20120228,53.37,53.63,53.29,53.58,60600,51.63
20120227,53.04,53.51,52.92,53.38,74100,51.43
20120224,53.22,53.43,53.22,53.32,52600,51.38
20120223,52.89,53.19,52.78,53.15,23000,51.21
20120222,52.91,53.03,52.82,52.88,43300,50.95
20120221,52.98,53.16,52.77,52.95,75300,51.02
20120217,52.98,53.03,52.75,52.89,49500,50.96
20120216,52.36,52.91,52.28,52.90,65100,50.97
20120215,52.84,53.01,52.25,52.35,96800,50.44
20120214,52.45,52.68,52.35,52.68,45700,50.76
20120213,52.65,52.68,52.45,52.63,40300,50.71
20120210,52.14,52.28,52.03,52.23,49800,50.33
20120209,52.44,52.63,52.29,52.56,36400,50.64
20120208,52.26,52.37,52.01,52.33,42700,50.42
20120207,52.05,52.33,51.90,52.27,32800,50.37
20120206,51.98,52.15,51.92,52.14,47600,50.24
20120203,51.97,52.21,51.86,52.17,33400,50.27
20120202,51.39,51.57,51.35,51.48,47500,49.60
20120201,51.22,51.56,51.18,51.35,241000,49.48
20120131,51.15,51.25,50.73,50.95,22000,49.09
20120130,50.54,50.92,50.35,50.89,66300,49.04
20120127,50.74,51.03,50.69,50.96,31900,49.10
20120126,51.37,51.55,50.74,50.86,38800,49.01
20120125,50.50,51.18,50.41,51.13,37600,49.27
20120124,50.18,50.48,50.14,50.47,19000,48.63
20120123,50.37,50.60,50.18,50.46,35300,48.62
20120120,50.38,50.45,50.21,50.36,31400,48.52
20120119,50.31,50.53,50.26,50.51,44800,48.67
20120118,49.68,50.17,49.60,50.12,37800,48.29
20120117,49.84,49.87,49.54,49.64,44900,47.83
20120113,49.30,49.32,48.92,49.30,23600,47.50
20120112,49.55,49.55,49.17,49.50,29200,47.70
20120111,49.24,49.47,49.16,49.37,26700,47.57
20120110,49.50,49.59,49.35,49.38,42900,47.58
20120109,49.06,49.11,48.86,48.99,27900,47.20
20120106,49.10,49.12,48.79,48.99,27000,47.20
20120105,48.76,49.09,48.56,49.06,39800,47.27
20120104,48.70,48.95,48.60,48.94,23700,47.16
20120103,48.98,49.12,48.78,48.83,51400,47.05
20111230,48.30,48.35,48.10,48.10,36300,46.35
20111229,47.99,48.28,47.91,48.24,31100,46.48
20111228,48.48,48.48,47.79,47.79,33300,46.05
20111227,48.32,48.51,48.21,48.39,51700,46.63
20111223,48.05,48.25,47.93,48.25,42400,46.49
20111222,47.80,47.89,47.64,47.85,252000,46.11
20111221,47.72,47.73,47.09,47.67,37600,45.93
20111220,47.46,48.11,47.46,48.06,66300,46.10
20111219,47.29,47.35,46.56,46.71,79200,44.80
20111216,47.25,47.56,46.92,47.08,51300,45.16
20111215,47.36,47.39,46.92,46.97,36100,45.05
20111214,47.45,47.51,46.85,46.97,55000,45.05
20111213,48.38,48.60,47.45,47.61,45100,45.67
20111212,48.32,48.32,47.71,48.13,35600,46.17
20111209,48.18,48.83,48.18,48.78,38600,46.79
20111208,48.62,48.78,47.88,47.88,32900,45.93
20111207,48.59,49.03,48.29,48.84,61000,46.85
20111206,48.86,49.12,48.62,48.81,54900,46.82
20111205,49.17,49.22,48.61,48.86,105600,46.87
20111202,48.92,49.04,48.41,48.42,43400,46.44
20111201,48.45,48.75,48.32,48.52,58500,46.54
20111130,47.95,48.47,47.83,48.46,55100,46.48
20111129,46.72,47.01,46.57,46.66,51000,44.76
20111128,46.43,46.73,46.28,46.59,40800,44.69
20111125,45.25,45.69,45.24,45.25,21100,43.40
20111123,45.98,45.98,45.41,45.43,45300,43.58
20111122,46.24,46.64,46.00,46.38,35400,44.49
20111121,46.59,46.59,45.96,46.41,32600,44.52
20111118,47.56,47.56,47.05,47.23,75800,45.30
20111117,48.15,48.20,47.07,47.38,157600,45.45
20111116,48.59,49.08,48.21,48.21,67200,46.24
20111115,48.61,49.20,48.40,49.01,39000,47.01
20111114,48.80,48.96,48.52,48.66,33700,46.67
20111111,48.63,49.08,48.58,48.97,29200,46.97
20111110,48.36,48.36,47.55,48.03,55000,46.07
20111109,48.38,48.51,47.61,47.73,113200,45.78
20111108,49.16,49.50,48.69,49.46,54100,47.44
20111107,48.51,48.83,48.11,48.81,18800,46.82
20111104,48.50,48.65,48.06,48.51,28000,46.53
20111103,48.34,48.88,47.84,48.78,29100,46.79
20111102,47.89,48.08,47.50,47.90,53900,45.95
20111101,47.11,47.67,47.00,47.19,52000,45.26
20111031,48.99,49.06,48.49,48.49,50100,46.51
20111028,49.21,49.48,49.15,49.46,78300,47.44
20111027,49.03,49.62,48.69,49.33,145100,47.32
20111026,48.06,48.06,47.08,47.87,66000,45.92
20111025,48.22,48.33,47.48,47.59,287200,45.65
20111024,47.85,48.55,47.85,48.42,75700,46.44
20111021,47.51,47.87,47.34,47.77,105500,45.82
20111020,46.89,47.07,46.28,46.88,124700,44.97
20111019,47.47,47.56,46.69,46.78,118200,44.87
20111018,46.79,47.83,46.38,47.56,99400,45.62
20111017,47.52,47.58,46.76,46.82,37800,44.91
20111014,47.47,47.75,47.25,47.75,48800,45.80
20111013,46.55,46.92,46.33,46.82,79300,44.91
20111012,46.91,47.25,46.74,46.75,64600,44.84
20111011,46.03,46.52,46.02,46.44,42900,44.55
20111010,45.57,46.23,45.56,46.23,33300,44.34
20111007,45.14,45.25,44.61,44.77,75700,42.94
20111006,44.08,45.04,44.04,45.00,46000,43.16
20111005,43.48,44.22,43.03,44.20,64700,42.40
20111004,41.83,43.36,41.48,43.30,77200,41.53
20111003,43.13,43.75,42.38,42.38,68400,40.65
20110930,44.08,44.30,43.49,43.53,25900,41.75
20110929,45.46,45.51,44.00,44.67,83300,42.85
20110928,45.74,45.95,44.65,44.71,41900,42.89
20110927,46.05,46.35,45.39,45.59,56400,43.73
20110926,44.61,45.21,43.90,45.17,39400,43.33
20110923,43.78,44.50,43.75,44.28,51300,42.47
20110922,44.32,44.75,43.60,44.21,99800,42.27
20110921,46.99,47.20,45.65,45.65,34700,43.64
20110920,47.19,47.69,46.90,46.92,30800,44.86
20110919,46.60,47.20,46.28,47.04,52400,44.97
20110916,47.17,47.33,46.95,47.24,13500,45.16
20110915,46.66,46.98,46.26,46.94,53400,44.88
20110914,45.76,46.64,45.15,46.17,59300,44.14
20110913,45.17,45.61,44.92,45.47,86400,43.47
20110912,44.09,45.01,44.00,44.99,16500,43.01
20110909,45.41,45.49,44.49,44.69,35400,42.73
20110908,46.10,46.48,45.86,45.95,23000,43.93
20110907,45.82,46.30,45.67,46.25,18200,44.22
20110906,44.06,45.15,43.98,45.10,26900,43.12
20110902,45.57,45.75,45.16,45.30,35600,43.31
20110901,46.91,47.27,46.42,46.42,20500,44.38
20110831,46.99,47.38,46.59,46.86,63700,44.80
20110830,46.25,46.94,46.06,46.69,38500,44.64
20110829,46.00,46.53,45.92,46.53,21200,44.48
20110826,44.35,45.49,43.87,45.32,30800,43.33
20110825,45.35,45.35,44.42,44.52,35300,42.56
20110824,44.70,45.22,44.54,45.22,26700,43.23
20110823,43.31,44.61,43.18,44.52,31900,42.56
20110822,44.01,44.01,43.01,43.14,39200,41.24
20110819,43.21,44.20,42.95,43.00,57900,41.11
20110818,44.58,44.60,43.40,43.83,130600,41.90
20110817,46.23,46.50,45.58,45.89,46400,43.87
20110816,45.91,46.21,45.49,45.98,164700,43.96
20110815,45.90,46.32,45.79,46.28,61300,44.25
20110812,45.62,45.85,45.14,45.59,162700,43.59
20110811,43.76,45.60,43.49,45.08,81800,43.10
20110810,44.27,44.65,43.14,43.19,130800,41.29
20110809,43.82,45.11,42.56,45.11,128200,43.13
20110808,44.66,45.24,43.15,43.17,143300,41.27
20110805,46.56,46.70,44.69,46.01,120100,43.99
20110804,47.60,47.66,46.00,46.10,80000,44.07
20110803,48.10,48.36,47.20,48.35,75900,46.22
20110802,48.91,49.12,47.94,47.95,47900,45.84
20110801,50.11,50.11,48.72,49.20,89300,47.04
20110729,49.28,49.87,49.03,49.36,54500,47.19
20110728,49.81,50.30,49.68,49.71,34200,47.52
20110727,50.55,50.55,49.65,49.72,44200,47.53
20110726,50.93,51.03,50.78,50.85,61400,48.61
20110725,50.66,51.22,50.63,50.97,216000,48.73
20110722,50.96,51.23,50.86,51.18,23700,48.93
20110721,50.66,51.12,50.65,50.99,53000,48.75
20110720,50.80,50.82,50.38,50.42,85000,48.20
20110719,49.85,50.57,49.85,50.52,31200,48.30
20110718,49.66,49.73,49.19,49.56,50500,47.38
20110715,49.74,49.85,49.48,49.83,21700,47.64
20110714,49.90,50.07,49.30,49.40,21100,47.23
20110713,49.93,50.29,49.70,49.79,35600,47.60
20110712,49.85,50.06,49.61,49.62,36300,47.44
20110711,50.20,50.29,49.77,49.86,70500,47.67
20110708,50.47,50.81,50.37,50.81,199400,48.58
20110707,50.98,51.21,50.89,51.09,53200,48.84
20110706,50.28,50.54,50.14,50.47,27400,48.25
20110705,50.17,50.43,50.14,50.36,54200,48.15
20110701,49.53,50.24,49.47,50.19,57400,47.98
20110630,49.17,49.56,49.15,49.49,32300,47.31
20110629,48.83,49.02,48.62,49.02,31200,46.86
20110628,48.02,48.60,48.01,48.59,16100,46.45
20110627,47.36,47.99,47.25,47.83,72800,45.73
20110624,47.97,47.97,47.30,47.33,33400,45.25
20110623,47.53,48.11,47.22,48.11,34300,45.84
20110622,48.21,48.50,48.12,48.12,14300,45.85
20110621,47.90,48.45,47.78,48.41,25900,46.12
20110620,47.20,47.70,47.20,47.64,191900,45.39
20110617,47.77,47.77,47.22,47.35,129700,45.11
20110616,47.28,47.51,46.91,47.27,23500,45.04
20110615,47.73,47.89,47.22,47.31,84400,45.07
20110614,47.91,48.26,47.89,48.02,111300,45.75
20110613,47.58,47.74,47.27,47.44,46000,45.20
20110610,48.14,48.14,47.50,47.52,33300,45.28
20110609,48.05,48.50,48.04,48.31,20600,46.03
20110608,48.16,48.18,47.88,47.98,52600,45.71
20110607,48.45,48.60,48.21,48.21,57500,45.93
20110606,48.70,48.78,48.22,48.23,38400,45.95
20110603,48.61,49.06,48.61,48.74,39700,46.44
20110602,49.35,49.41,48.98,49.24,26300,46.91
20110601,50.20,50.23,49.25,49.26,50000,46.93
20110531,50.25,50.33,49.95,50.33,37600,47.95
20110527,49.78,49.88,49.68,49.80,19100,47.45
20110526,49.30,49.70,49.22,49.58,41300,47.24
20110525,49.03,49.52,49.00,49.35,22100,47.02
20110524,49.41,49.41,49.16,49.19,25900,46.87
20110523,49.23,49.36,49.04,49.26,30500,46.93
20110520,50.06,50.14,49.78,49.85,19200,47.49
20110519,50.20,50.26,49.94,50.12,25100,47.75
20110518,49.53,50.01,49.47,49.98,39600,47.62
20110517,49.42,49.55,49.15,49.54,68200,47.20
20110516,49.84,50.08,49.50,49.59,36100,47.25
20110513,50.48,50.52,49.95,50.01,50300,47.65
20110512,50.07,50.50,49.75,50.45,21000,48.07
20110511,50.57,50.58,49.92,50.17,36400,47.80
20110510,50.48,50.75,50.40,50.64,28600,48.25
20110509,50.12,50.42,50.08,50.29,23000,47.91
20110506,50.28,50.56,49.89,50.02,24800,47.66
20110505,49.93,50.28,49.63,49.77,26500,47.42
20110504,50.45,50.45,49.95,50.18,23000,47.81
20110503,50.63,50.67,50.24,50.48,51000,48.10
20110502,50.98,51.03,50.58,50.69,34000,48.30
20110429,50.74,50.83,50.64,50.72,33000,48.32
20110428,50.41,50.69,50.40,50.65,21700,48.26
20110427,50.28,50.50,50.05,50.47,27400,48.09
20110426,49.94,50.28,49.89,50.13,22800,47.76
20110425,49.87,49.87,49.60,49.75,25700,47.40
20110421,49.81,49.89,49.67,49.89,38900,47.53
20110420,49.42,49.57,49.36,49.48,42600,47.14
20110419,48.60,48.77,48.47,48.77,22400,46.47
20110418,48.51,48.56,48.04,48.53,34200,46.24
20110415,48.96,49.07,48.72,48.90,50800,46.59
20110414,48.56,48.96,48.47,48.89,53200,46.58
20110413,49.04,49.04,48.68,48.88,30000,46.57
20110412,48.83,48.83,48.58,48.77,39400,46.47
20110411,49.18,49.34,48.95,49.06,20500,46.74
20110408,49.61,49.61,48.97,49.12,21800,46.80
20110407,49.43,49.62,49.18,49.37,41300,47.04
20110406,49.63,49.67,49.28,49.43,41200,47.09
20110405,49.31,49.56,49.31,49.34,23100,47.01
20110404,49.54,49.55,49.29,49.36,31000,47.03
20110401,49.51,49.62,49.26,49.40,32700,47.07
20110331,49.20,49.30,49.14,49.19,29400,46.87
20110330,49.25,49.34,49.07,49.24,35400,46.91
20110329,48.58,48.97,48.49,48.97,42100,46.66
20110328,48.81,48.89,48.55,48.55,11100,46.26
20110325,48.77,48.87,48.64,48.65,84700,46.35
20110324,48.44,48.68,48.16,48.68,31500,46.26
20110323,47.79,48.23,47.58,48.09,45500,45.70
20110322,48.03,48.05,47.82,47.89,22000,45.51
20110321,47.85,48.10,47.75,48.03,26400,45.64
20110318,47.72,47.72,47.16,47.27,90200,44.92
20110317,47.36,47.45,47.03,47.22,625700,44.87
20110316,47.49,47.51,46.42,46.66,67700,44.34
20110315,46.82,47.84,46.75,47.62,79200,45.25
20110314,48.09,48.28,47.76,48.12,48500,45.73
20110311,47.88,48.58,47.88,48.44,48100,46.03
20110310,48.43,48.49,48.06,48.11,41200,45.72
20110309,48.98,49.06,48.73,48.95,20800,46.52
20110308,48.78,49.18,48.53,49.09,40700,46.65
20110307,49.37,49.43,48.49,48.68,38800,46.26
20110304,49.51,49.51,48.90,49.19,34300,46.75
20110303,49.14,49.55,49.06,49.50,31400,47.04
20110302,48.52,48.85,48.46,48.68,57100,46.26
20110301,49.59,49.60,48.54,48.61,151900,46.20
20110228,49.41,49.45,49.13,49.37,35800,46.92
20110225,48.93,49.22,48.89,49.15,55500,46.71
20110224,48.53,48.78,48.15,48.61,47900,46.20
20110223,48.90,49.03,48.26,48.60,49700,46.19
20110222,49.60,49.79,48.85,48.96,60900,46.53
20110218,50.20,50.26,50.00,50.18,51200,47.69
20110217,49.84,50.14,49.79,50.13,39200,47.64
20110216,49.94,50.10,49.80,50.04,51200,47.55
20110215,49.80,49.80,49.61,49.74,29100,47.27
20110214,49.83,49.90,49.75,49.86,93900,47.38
20110211,49.42,49.83,49.34,49.80,64600,47.33
20110210,49.23,49.50,49.14,49.43,39300,46.97
20110209,49.51,49.67,49.34,49.52,50900,47.06
20110208,49.45,49.61,49.31,49.61,43300,47.15
20110207,49.27,49.53,49.26,49.36,69500,46.91
20110204,48.96,49.10,48.85,49.10,37000,46.66
20110203,48.86,48.97,48.50,48.93,67700,46.50
20110202,48.82,48.91,48.71,48.81,39000,46.39
20110201,48.54,48.97,48.49,48.91,62700,46.48
20110131,47.98,48.22,47.80,48.22,38200,45.82
20110128,48.95,48.95,47.78,47.84,103000,45.46
20110127,48.91,48.97,48.70,48.86,58000,46.43
20110126,48.71,48.95,48.58,48.83,39800,46.40
20110125,48.38,48.56,48.12,48.54,62500,46.13
20110124,48.14,48.51,48.04,48.49,38800,46.08
20110121,48.59,48.59,48.07,48.09,47000,45.70
20110120,48.20,48.34,47.85,48.22,65500,45.82
20110119,48.91,48.91,48.26,48.33,42900,45.93
20110118,48.57,48.87,48.57,48.86,61600,46.43
20110114,48.35,48.68,48.27,48.68,46000,46.26
20110113,48.47,48.49,48.25,48.35,56700,45.95
20110112,48.36,48.44,48.22,48.43,73100,46.02
20110111,48.10,48.12,47.85,48.01,44400,45.63
20110110,47.79,47.93,47.55,47.85,39200,45.47
20110107,47.97,47.99,47.51,47.87,46500,45.49
20110106,47.99,47.99,47.75,47.88,231700,45.50
20110105,47.51,47.93,47.51,47.90,42100,45.52
20110104,47.98,47.98,47.38,47.64,53900,45.27
20110103,47.72,48.02,47.72,47.79,54400,45.42
20101231,47.35,47.37,47.21,47.31,41300,44.96
20101230,47.47,47.49,47.30,47.38,53100,45.03
20101229,47.42,47.54,47.36,47.44,42600,45.08
20101228,47.41,47.41,47.24,47.31,25000,44.96
20101227,47.22,47.36,47.06,47.33,15500,44.98
20101223,47.34,47.38,47.21,47.30,27500,44.95
20101222,47.42,47.42,47.32,47.40,53200,45.05
20101221,47.49,47.52,47.42,47.52,34600,44.99
20101220,47.36,47.39,47.08,47.30,31300,44.78
20101217,47.15,47.30,47.12,47.23,30500,44.72
20101216,46.89,47.17,46.76,47.12,39400,44.61
20101215,47.03,47.20,46.80,46.89,29900,44.39
20101214,47.13,47.25,46.94,47.05,38700,44.54
20101213,47.26,47.29,47.02,47.02,39100,44.52
20101210,46.97,47.05,46.80,47.04,52700,44.54
20101209,47.07,47.07,46.67,46.80,26200,44.31
20101208,46.74,46.77,46.57,46.76,15600,44.27
20101207,47.17,47.17,46.65,46.66,42500,44.18
20101206,46.58,46.75,46.51,46.67,32800,44.18
20101203,46.42,46.75,46.42,46.69,31600,44.20
20101202,46.15,46.65,46.15,46.62,66500,44.14
20101201,45.79,46.16,45.78,46.02,44100,43.57
20101130,44.95,45.25,44.76,45.09,62100,42.69
20101129,45.23,45.46,44.84,45.39,99900,42.97
20101126,45.43,45.63,45.43,45.50,13200,43.08
20101124,45.38,45.77,45.38,45.76,44800,43.32
20101123,45.22,45.23,44.84,45.02,28300,42.62
20101122,45.40,45.68,45.14,45.68,30200,43.25
20101119,45.43,45.61,45.27,45.59,23600,43.16
20101118,45.24,45.59,45.19,45.43,47900,43.01
20101117,44.61,44.87,44.60,44.71,60900,42.33
20101116,45.04,45.19,44.46,44.67,47500,42.29
20101115,45.67,45.72,45.35,45.35,26200,42.94
20101112,45.77,45.94,45.22,45.43,28400,43.01
20101111,45.84,46.12,45.70,46.08,40200,43.63
20101110,46.25,46.37,45.87,46.37,30000,43.90
20101109,46.64,46.66,46.04,46.16,30500,43.70
20101108,46.36,46.47,46.25,46.42,22800,43.95
20101105,46.50,46.51,46.30,46.49,34200,44.01
20101104,46.18,46.41,46.09,46.40,42500,43.93
20101103,45.62,45.67,45.24,45.63,17500,43.20
20101102,45.45,45.58,45.35,45.50,25700,43.08
20101101,45.23,45.40,44.90,45.06,57900,42.66
20101029,44.90,45.06,44.90,44.98,33300,42.58
20101028,45.18,45.18,44.65,44.93,36800,42.54
20101027,44.72,44.89,44.45,44.89,36900,42.50
20101026,44.63,45.04,44.59,44.95,25700,42.56
20101025,45.00,45.21,44.89,44.91,57400,42.52
20101022,44.65,44.74,44.60,44.73,25100,42.35
20101021,44.64,44.87,44.22,44.55,44300,42.18
20101020,44.14,44.57,44.09,44.40,62400,42.04
20101019,44.13,44.31,43.74,43.95,50600,41.61
20101018,44.51,44.69,44.41,44.62,28300,42.24
20101015,44.40,44.49,44.03,44.49,79300,42.12
20101014,44.06,44.20,43.77,44.00,45800,41.66
20101013,43.84,44.29,43.84,44.09,123700,41.74
20101012,43.43,43.73,43.17,43.62,36300,41.30
20101011,43.58,43.64,43.39,43.49,46100,41.17
20101008,43.23,43.56,43.07,43.50,39700,41.18
20101007,43.45,43.45,42.95,43.16,30500,40.86
20101006,43.28,43.37,43.08,43.22,61600,40.92
20101005,42.85,43.34,42.83,43.26,31100,40.96
20101004,42.66,42.79,42.23,42.36,23700,40.10
20101001,43.01,43.03,42.64,42.77,44700,40.49
20100930,43.08,43.11,42.50,42.68,41300,40.41
20100929,42.79,42.95,42.71,42.82,28100,40.54
20100928,42.77,42.94,42.41,42.94,22600,40.65
20100927,42.92,42.98,42.74,42.74,27600,40.46
20100924,42.53,42.95,42.50,42.89,30400,40.61
20100923,42.05,42.53,42.05,42.19,17900,39.78
20100922,42.39,42.59,42.22,42.41,29800,39.99
20100921,42.54,42.76,42.32,42.49,38900,40.06
20100920,42.07,42.55,41.98,42.50,23600,40.07
20100917,42.08,42.08,41.76,41.92,56000,39.53
20100916,41.60,41.81,41.52,41.81,50500,39.42
20100915,41.41,41.77,41.31,41.72,36700,39.34
20100914,41.38,41.75,41.35,41.51,47100,39.14
20100913,41.38,41.51,41.26,41.44,70700,39.07
20100910,40.84,41.02,40.75,40.98,43900,38.64
20100909,41.08,41.08,40.69,40.76,57800,38.43
20100908,40.54,40.82,40.54,40.69,28900,38.37
20100907,40.65,40.73,40.43,40.44,25000,38.13
20100903,40.73,40.82,40.53,40.81,31000,38.48
20100902,39.99,40.23,39.92,40.23,29600,37.93
20100901,39.31,39.91,39.29,39.87,35000,37.59
20100831,38.75,39.00,38.58,38.74,43000,36.53
20100830,39.34,39.44,38.89,38.89,34100,36.67
20100827,39.11,39.41,38.50,39.37,48400,37.12
20100826,39.35,39.37,38.78,38.81,40400,36.59
20100825,38.71,39.26,38.65,39.14,80500,36.90
20100824,39.07,39.27,38.81,38.97,50600,36.74
20100823,39.99,40.17,39.60,39.60,24800,37.34
20100820,39.83,39.89,39.56,39.84,69500,37.56
20100819,40.43,40.44,39.74,39.94,41900,37.66
20100818,40.53,40.76,40.29,40.57,25600,38.25
20100817,40.41,40.78,40.23,40.48,27800,38.17
20100816,39.75,40.10,39.63,39.96,114200,37.68
20100813,39.92,40.10,39.91,39.91,26100,37.63
20100812,39.83,40.22,39.65,40.13,25300,37.84
20100811,40.94,40.94,40.37,40.43,21900,38.12
20100810,41.58,41.73,41.22,41.50,48200,39.13
20100809,41.78,41.85,41.60,41.80,33300,39.41
20100806,41.34,41.60,40.98,41.55,38800,39.18
20100805,41.56,41.70,41.45,41.67,27300,39.29
20100804,41.59,41.79,41.46,41.75,80200,39.36
20100803,41.60,41.60,41.28,41.41,18600,39.04
20100802,41.29,41.69,41.24,41.63,34800,39.25
20100730,40.27,40.92,40.26,40.79,20500,38.46
20100729,41.28,41.30,40.41,40.77,28300,38.44
20100728,41.10,41.27,40.89,40.99,32000,38.65
20100727,41.46,41.52,41.05,41.22,33500,38.87
20100726,41.09,41.33,40.93,41.32,37300,38.96
20100723,40.55,40.99,40.50,40.95,16500,38.61
20100722,40.30,40.75,40.30,40.68,40000,38.36
20100721,40.58,40.58,39.60,39.78,29500,37.51
20100720,39.16,40.32,39.16,40.32,12100,38.02
20100719,39.72,39.88,39.41,39.75,15400,37.48
20100716,40.39,40.39,39.46,39.51,21900,37.25
20100715,40.46,40.68,40.12,40.67,201300,38.35
20100714,40.39,40.74,40.31,40.53,206700,38.21
20100713,40.30,40.58,40.17,40.45,26700,38.14
20100712,39.73,39.98,39.61,39.82,19100,37.55
20100709,39.62,39.76,39.51,39.76,19500,37.49
20100708,39.56,39.56,39.09,39.47,23000,37.22
20100707,38.09,39.15,38.09,39.10,28500,36.87
20100706,38.32,38.48,37.70,37.93,45800,35.76
20100702,38.15,38.15,37.57,37.78,47100,35.62
20100701,37.99,38.00,37.32,37.93,46000,35.76
20100630,38.30,38.55,37.86,37.92,46200,35.75
20100629,39.03,39.16,38.11,38.37,73300,36.18
20100628,39.92,39.92,39.51,39.67,222100,37.40
20100625,39.87,40.01,39.55,39.83,87100,37.55
20100624,40.20,40.27,39.62,39.72,39600,37.45
20100623,40.72,40.77,40.29,40.54,28100,38.11
20100622,41.32,41.48,40.57,40.60,153700,38.16
20100621,42.03,42.03,41.06,41.25,28300,38.78
20100618,41.35,41.57,41.29,41.38,20100,38.90
20100617,41.49,41.49,41.05,41.37,22700,38.89
20100616,41.07,41.46,41.05,41.30,51000,38.82
20100615,40.70,41.33,40.68,41.33,28500,38.85
20100614,40.84,40.93,40.33,40.36,60200,37.94
20100611,39.88,40.42,39.84,40.42,31900,38.00
20100610,39.73,40.19,39.69,40.18,22400,37.77
20100609,39.61,39.93,38.99,39.08,28200,36.74
20100608,39.14,39.36,38.75,39.33,71900,36.97
20100607,39.76,39.86,39.06,39.06,78200,36.72
20100604,40.15,40.50,39.48,39.59,42200,37.21
20100603,40.93,41.06,40.65,41.01,30500,38.55
20100602,39.87,40.72,39.72,40.72,29500,38.28
20100601,40.09,40.45,39.69,39.69,74300,37.31
20100528,40.84,40.84,40.16,40.27,21300,37.85
20100527,40.25,40.75,40.19,40.75,36800,38.31
20100526,40.20,40.49,39.50,39.56,65300,37.19
20100525,38.95,39.84,38.75,39.84,103100,37.45
20100524,40.13,40.42,39.90,39.90,44200,37.51
20100521,39.08,40.37,39.00,40.23,81400,37.82
20100520,40.43,40.58,39.80,39.80,121700,37.41
20100519,41.37,41.65,40.87,41.32,55000,38.84
20100518,42.41,42.49,41.47,41.54,92900,39.05
20100517,42.19,42.24,41.37,42.09,116100,39.56
20100514,42.42,42.56,41.72,42.06,82600,39.54
20100513,43.33,43.55,42.88,42.91,38000,40.34
20100512,42.96,43.45,42.88,43.41,47500,40.81
20100511,42.40,43.25,42.40,42.79,88000,40.22
20100510,42.84,43.58,42.12,42.89,97700,40.32
20100507,41.67,42.00,40.47,41.12,133000,38.65
20100506,42.94,43.24,35.00,41.91,95400,39.40
20100505,43.06,43.46,42.93,43.20,59100,40.61
20100504,44.04,44.04,43.30,43.46,47800,40.85
20100503,44.25,44.61,44.20,44.53,19000,41.86
20100430,44.86,44.86,44.10,44.10,24300,41.45
20100429,44.58,44.90,44.58,44.81,20000,42.12
20100428,44.36,44.42,43.99,44.29,76300,41.63
20100427,44.92,45.03,44.12,44.15,58700,41.50
20100426,45.29,45.33,45.11,45.12,25100,42.41
20100423,45.02,45.25,44.93,45.25,73000,42.54
20100422,44.57,45.02,44.39,44.98,37400,42.28
20100421,45.01,45.07,44.73,44.91,25400,42.22
20100420,44.81,45.00,44.70,44.91,42500,42.22
20100419,44.31,44.63,44.16,44.63,31600,41.95
20100416,44.86,44.95,44.26,44.47,45800,41.80
20100415,44.90,45.10,44.90,45.03,77900,42.33
20100414,44.65,44.96,44.60,44.96,44600,42.26
20100413,44.37,44.55,44.24,44.49,23900,41.82
20100412,44.45,44.54,44.39,44.46,22000,41.79
20100409,44.19,44.38,44.11,44.38,27600,41.72
20100408,43.85,44.18,43.77,44.14,14800,41.49
20100407,44.06,44.20,43.83,43.96,33100,41.32
20100406,43.93,44.27,43.93,44.15,23400,41.50
20100405,43.93,44.14,43.85,44.08,56100,41.44
20100401,43.85,43.96,43.51,43.77,32200,41.14
20100331,43.60,43.72,43.45,43.56,22700,40.95
20100330,43.74,43.87,43.63,43.75,18200,41.13
20100329,43.64,43.73,43.58,43.67,18900,41.05
20100326,43.54,43.70,43.32,43.48,44500,40.87
20100325,43.82,43.96,43.41,43.42,79200,40.82
20100324,43.64,43.76,43.54,43.59,22500,40.87
20100323,43.70,43.85,43.50,43.84,55100,41.11
20100322,43.11,43.69,43.09,43.61,58100,40.89
20100319,43.31,43.75,43.20,43.31,21500,40.61
20100318,43.53,43.61,43.48,43.58,20000,40.87
20100317,43.50,43.70,43.45,43.56,26900,40.85
20100316,43.26,43.38,43.13,43.38,13000,40.68
20100315,43.00,43.13,42.80,43.08,37100,40.40
20100312,43.15,43.22,42.99,43.08,23100,40.40
20100311,42.75,43.01,42.70,43.00,20800,40.32
20100310,42.70,42.92,42.66,42.85,36000,40.18
20100309,42.46,42.88,42.45,42.68,23300,40.02
20100308,42.54,42.66,42.52,42.59,23000,39.94
20100305,42.33,42.58,42.27,42.55,28200,39.90
20100304,42.00,42.06,41.83,42.05,20800,39.43
20100303,41.97,42.11,41.86,41.90,18400,39.29
20100302,41.92,42.05,41.76,41.79,33800,39.19
20100301,41.47,41.76,41.46,41.76,16700,39.16
20100226,41.32,41.39,41.13,41.37,19600,38.79
20100225,40.79,41.33,40.62,41.27,49400,38.70
20100224,41.12,41.37,41.07,41.31,36100,38.74
20100223,41.36,41.37,40.88,40.92,19500,38.37
20100222,41.67,41.68,41.37,41.44,39700,38.86
20100219,41.42,41.64,41.30,41.54,22300,38.95
20100218,41.24,41.59,41.23,41.55,47300,38.96
20100217,41.20,41.28,41.08,41.25,64600,38.68
20100216,40.73,41.03,40.61,41.02,35700,38.46
20100212,40.09,40.41,39.91,40.38,25600,37.86
20100211,39.90,40.47,39.78,40.44,19900,37.92
20100210,40.02,40.13,39.67,39.96,23900,37.47
20100209,40.00,40.33,39.87,40.06,36000,37.56
20100208,39.83,39.98,39.54,39.54,16700,37.08
20100205,39.60,39.83,39.06,39.83,75300,37.35
20100204,40.52,40.53,39.59,39.61,54400,37.14
20100203,40.69,40.92,40.66,40.84,40900,38.30
20100202,40.62,40.93,40.42,40.92,39200,38.37
20100201,40.15,40.50,40.15,40.50,53100,37.98
20100129,40.73,40.81,39.83,39.95,114100,37.46
20100128,41.17,41.18,40.24,40.47,357600,37.95
20100127,40.85,41.17,40.63,41.14,55800,38.58
20100126,40.90,41.34,40.81,40.96,57200,38.41
20100125,41.18,41.18,40.90,41.02,43900,38.46
20100122,41.68,41.73,40.75,40.76,60300,38.22
20100121,42.56,42.66,41.76,41.87,53100,39.26
20100120,42.70,42.72,42.17,42.51,47800,39.86
20100119,42.50,43.04,42.50,43.04,43400,40.36
20100115,42.91,42.95,42.39,42.54,50100,39.89
20100114,43.08,43.08,42.74,42.89,34100,40.22
20100113,42.52,42.87,42.33,42.80,52100,40.13
20100112,42.50,42.61,42.26,42.42,55900,39.78
20100111,43.03,43.03,42.61,42.82,80400,40.15
20100108,42.47,42.83,42.38,42.83,51300,40.16
20100107,42.47,42.58,42.31,42.58,55500,39.93
20100106,42.52,42.64,42.45,42.52,57000,39.87
20100105,42.48,42.60,42.38,42.57,163400,39.92
20100104,42.19,42.51,42.19,42.47,66700,39.82
20091231,42.38,42.40,41.86,41.87,33600,39.26
20091230,42.15,42.30,42.13,42.30,34000,39.66
20091229,42.41,42.41,42.27,42.30,44400,39.66
20091228,42.29,42.38,42.18,42.33,18700,39.69
20091224,42.06,42.22,42.06,42.21,47000,39.58
20091223,41.89,42.02,41.81,42.01,54000,39.39
20091222,41.68,41.84,41.68,41.79,46000,39.19
20091221,41.58,41.91,41.58,41.79,357400,39.00
20091218,41.30,41.38,41.03,41.38,40600,38.62
20091217,41.28,41.34,40.98,41.06,97300,38.32
20091216,41.67,41.80,41.48,41.54,19300,38.77
20091215,41.51,41.75,41.45,41.47,46500,38.70
20091214,41.60,41.70,41.49,41.68,26200,38.90
20091211,41.43,41.47,41.24,41.31,19600,38.55
20091210,41.13,41.37,41.13,41.26,21100,38.51
20091209,40.75,41.00,40.52,41.00,26500,38.26
20091208,40.97,41.00,40.62,40.81,21500,38.09
20091207,41.31,41.39,41.09,41.19,51100,38.44
20091204,41.68,41.80,41.07,41.30,25600,38.54
20091203,41.52,41.68,41.12,41.16,29500,38.41
20091202,41.44,41.71,41.37,41.46,26000,38.69
20091201,41.34,41.64,41.32,41.48,27400,38.71
20091130,40.85,41.07,40.71,40.97,31600,38.24
20091127,40.56,41.07,40.50,40.93,14300,38.20
20091125,41.38,41.54,41.38,41.52,18500,38.75
20091124,41.36,41.43,41.12,41.34,137800,38.58
20091123,41.30,41.54,41.24,41.33,22300,38.57
20091120,40.77,40.92,40.68,40.85,11700,38.12
20091119,41.21,41.21,40.72,41.03,21900,38.29
20091118,41.49,41.49,41.19,41.44,25100,38.67
20091117,41.27,41.48,41.23,41.48,86600,38.71
20091116,41.20,41.53,41.14,41.44,30900,38.67
20091113,40.79,41.02,40.74,40.92,33000,38.19
20091112,40.90,41.10,40.58,40.63,25600,37.92
20091111,41.01,41.15,40.83,40.98,46500,38.24
20091110,40.66,40.86,40.59,40.75,47900,38.03
20091109,40.21,40.76,40.20,40.72,50200,38.00
20091106,39.61,39.98,39.54,39.95,12700,37.28
20091105,39.33,39.79,39.31,39.79,46600,37.13
20091104,39.14,39.53,39.05,39.07,74600,36.46
20091103,38.65,38.93,38.65,38.88,14100,36.29
20091102,38.68,39.06,38.47,38.85,41900,36.26
20091030,39.37,39.42,38.53,38.56,51100,35.99
20091029,39.07,39.49,38.98,39.44,26100,36.81
20091028,39.31,39.43,38.74,38.78,168200,36.19
20091027,39.64,39.72,37.50,39.39,316800,36.76
20091026,40.01,40.42,39.55,39.67,29700,37.02
20091023,40.53,40.53,39.85,39.98,21200,37.31
20091022,39.93,40.33,39.76,40.26,27400,37.57
20091021,40.21,40.63,39.94,39.95,46000,37.28
20091020,40.51,40.51,40.08,40.24,28600,37.55
20091019,40.12,40.47,40.04,40.43,22400,37.73
20091016,39.98,40.15,39.86,40.05,37900,37.38
20091015,39.91,40.22,39.91,40.22,63600,37.54
20091014,39.96,40.14,39.80,40.11,6535200,37.43
20091013,39.52,39.59,39.34,39.56,17900,36.92
20091012,39.67,39.79,39.42,39.53,31800,36.89
20091009,39.20,39.50,39.18,39.49,142600,36.85
20091008,39.18,39.41,39.12,39.26,220800,36.64
20091007,38.70,38.95,38.68,38.91,39700,36.31
20091006,38.49,38.92,38.46,38.78,33100,36.19
20091005,38.06,38.34,37.90,38.28,145100,35.73
20091002,37.73,38.12,37.73,37.99,22300,35.45
20091001,38.77,38.82,38.01,38.01,34700,35.47
20090930,39.06,39.09,38.48,38.95,34900,36.35
20090929,39.18,39.22,38.93,38.97,27400,36.37
20090928,38.79,39.19,38.79,39.00,32200,36.40
20090925,38.53,38.71,38.36,38.44,19200,35.87
20090924,39.05,39.09,38.51,38.69,61900,36.11
20090923,39.42,39.64,39.02,39.02,64000,36.30
20090922,39.38,39.43,39.19,39.36,18900,36.61
20090921,38.97,39.30,38.92,39.21,26800,36.47
20090918,39.31,39.37,39.13,39.26,29700,36.52
20090917,39.10,39.38,39.04,39.16,15300,36.43
20090916,38.82,39.19,38.75,39.19,38800,36.46
20090915,38.68,38.82,38.50,38.69,1060000,35.99
20090914,38.28,38.68,38.26,38.68,18200,35.98
20090911,38.56,38.66,38.36,38.57,21400,35.88
20090910,38.17,38.52,38.17,38.52,32200,35.83
20090909,37.92,38.24,37.85,38.14,36100,35.48
20090908,37.95,37.96,37.75,37.90,601100,35.26
20090904,37.16,37.69,37.16,37.66,19700,35.03
20090903,37.01,37.17,36.87,37.17,44500,34.58
20090902,36.77,37.03,36.75,36.89,21000,34.32
20090901,37.41,37.77,36.86,36.94,25300,34.36
20090831,37.52,37.53,37.30,37.53,49100,34.91
20090828,38.17,38.17,37.58,37.75,347100,35.12
20090827,37.76,37.89,37.35,37.88,86300,35.24
20090826,37.69,37.92,37.63,37.79,39100,35.15
20090825,37.86,38.07,37.69,37.76,61100,35.13
20090824,37.88,37.98,37.60,37.71,44800,35.08
20090821,37.43,37.79,37.32,37.71,1099700,35.08
20090820,36.79,37.25,36.79,37.21,15800,34.61
20090819,36.23,36.91,36.23,36.82,30500,34.25
20090818,36.29,36.62,36.29,36.56,29500,34.01
20090817,36.46,36.46,36.22,36.22,27500,33.69
20090814,37.32,37.32,36.74,37.03,40100,34.45
20090813,37.21,37.35,36.92,37.33,65700,34.73
20090812,36.69,37.39,36.69,37.11,35900,34.52
20090811,36.87,36.91,36.69,36.76,26300,34.20
20090810,37.00,37.10,36.86,37.07,42700,34.48
20090807,37.10,37.35,36.92,37.19,62300,34.60
20090806,37.18,37.18,36.68,36.80,101500,34.23
20090805,37.37,37.37,36.90,37.09,34400,34.50
20090804,37.31,37.43,37.16,37.30,38100,34.70
20090803,37.17,37.40,36.98,37.38,64000,34.77
20090731,36.88,37.16,36.80,36.85,61600,34.28
20090730,37.04,37.32,36.88,36.88,219800,34.31
20090729,36.47,36.63,36.34,36.60,40100,34.05
20090728,36.50,36.71,36.31,36.71,28000,34.15
20090727,36.73,36.75,36.43,36.72,62800,34.16
20090724,36.52,36.78,36.28,36.75,29500,34.19
20090723,36.05,36.86,36.05,36.69,35900,34.13
20090722,35.94,36.19,35.93,36.04,45200,33.53
20090721,36.05,36.10,35.62,36.02,53700,33.51
20090720,35.75,35.89,35.55,35.87,220800,33.37
20090717,35.46,35.57,35.33,35.55,36600,33.07
20090716,34.90,35.51,34.90,35.43,51900,32.96
20090715,34.53,35.05,34.50,35.02,37100,32.58
20090714,34.01,34.11,33.82,34.11,75300,31.73
20090713,33.42,33.94,33.12,33.92,66800,31.55
20090710,33.20,33.44,33.12,33.36,1480400,31.03
20090709,33.53,33.53,33.23,33.31,15100,30.99
20090708,33.35,33.39,32.98,33.35,43300,31.02
20090707,33.77,33.77,33.10,33.12,19900,30.81
20090706,33.50,33.80,33.38,33.77,39300,31.41
20090702,34.18,34.18,33.72,33.73,37800,31.38
20090701,34.61,34.85,34.52,34.52,32000,32.11
20090630,34.70,34.77,34.26,34.44,4727800,32.04
20090629,34.50,34.76,34.42,34.71,25800,32.29
20090626,34.36,34.54,34.27,34.38,22400,31.98
20090625,33.64,34.55,33.64,34.49,40700,32.08
20090624,33.78,34.02,33.61,33.78,106600,31.42
20090623,33.63,33.72,33.45,33.61,50900,31.16
20090622,34.17,34.17,33.60,33.60,104100,31.15
20090619,34.54,34.69,34.34,34.47,24800,31.96
20090618,34.23,34.48,34.09,34.32,25700,31.82
20090617,34.00,34.38,33.88,34.15,1602600,31.66
20090616,34.53,34.54,33.84,33.97,169500,31.49
20090615,34.67,34.67,34.22,34.39,20100,31.88
20090612,34.85,35.07,34.73,35.07,53200,32.51
20090611,35.05,35.44,35.04,35.07,41000,32.51
20090610,35.38,35.38,34.57,35.00,34200,32.45
20090609,35.08,35.27,34.95,35.13,61200,32.57
20090608,34.80,35.11,34.49,34.94,234800,32.39
20090605,35.25,35.34,34.79,35.03,49700,32.47
20090604,34.78,34.97,34.64,34.97,52900,32.42
20090603,34.81,34.81,34.44,34.76,51700,32.22
20090602,34.77,35.19,34.77,35.01,37600,32.46
20090601,34.44,35.02,34.38,34.95,37400,32.40
20090529,33.70,34.13,33.50,34.13,31800,31.64
20090528,33.41,33.64,32.99,33.56,45100,31.11
20090527,33.52,33.78,33.11,33.13,24700,30.71
20090526,32.87,33.69,32.87,33.55,47500,31.10
20090522,32.85,33.10,32.62,32.81,27800,30.42
20090521,33.02,33.05,32.50,32.81,57200,30.42
20090520,33.57,33.90,33.29,33.37,34600,30.94
20090519,33.29,33.61,33.27,33.38,41600,30.95
20090518,32.77,33.39,32.70,33.39,34700,30.95
20090515,32.72,32.92,32.44,32.54,202500,30.17
20090514,32.71,32.92,32.56,32.77,47900,30.38
20090513,32.84,32.84,32.45,32.57,39700,30.19
20090512,33.51,33.51,32.85,33.15,39400,30.73
20090511,33.14,33.42,33.04,33.17,46300,30.75
20090508,33.50,33.61,33.10,33.48,103500,31.04
20090507,33.64,33.70,32.93,33.11,64800,30.70
20090506,33.57,33.66,33.20,33.50,58100,31.06
20090505,33.39,33.44,33.11,33.35,60800,30.92
20090504,32.80,33.44,32.80,33.44,43100,31.00
20090501,32.50,32.72,32.24,32.70,43900,30.31
20090430,32.96,33.15,32.35,32.53,110500,30.16
20090429,32.20,32.75,32.18,32.54,51000,30.17
20090428,31.80,32.25,31.65,31.97,47000,29.64
20090427,32.07,32.39,31.74,32.04,93500,29.70
20090424,31.94,32.34,31.79,32.12,75000,29.78
20090423,31.40,31.65,31.08,31.65,67400,29.34
20090422,31.38,31.97,31.32,31.40,241200,29.11
20090421,31.08,31.59,30.96,31.50,736100,29.20
20090420,31.55,31.66,31.10,31.14,85300,28.87
20090417,32.05,32.23,31.84,32.08,68600,29.74
20090416,31.60,32.15,31.45,32.02,34400,29.68
20090415,31.15,31.45,31.00,31.43,81200,29.14
20090414,31.41,31.63,31.21,31.26,187600,28.98
20090413,31.59,31.83,31.42,31.69,47500,29.38
20090409,31.63,31.72,31.42,31.67,56500,29.36
20090408,30.75,31.10,30.58,30.99,55400,28.73
20090407,30.70,30.88,30.47,30.53,135200,28.30
20090406,31.06,31.20,30.68,31.16,51100,28.89
20090403,31.04,31.36,30.89,31.36,57900,29.07
20090402,30.94,31.60,30.87,31.08,211000,28.81
20090401,29.64,30.38,29.45,30.31,148000,28.10
20090331,30.00,30.46,29.82,29.82,106800,27.64
20090330,29.92,29.92,29.35,29.66,76900,27.50
20090327,30.66,30.73,30.34,30.45,663200,28.23
20090326,30.59,31.06,30.54,30.99,58600,28.73
20090325,30.25,30.66,29.58,30.31,198300,28.10
20090324,30.42,30.69,30.21,30.22,241500,27.89
20090323,29.57,30.70,29.45,30.70,412600,28.33
20090320,29.39,29.60,28.89,28.94,164100,26.71
20090319,29.93,29.93,29.27,29.37,766800,27.10
20090318,29.04,29.93,28.83,29.42,90900,27.15
20090317,28.50,29.22,28.40,29.22,21100,26.97
20090316,28.75,29.02,28.38,28.39,130700,26.20
20090313,28.51,28.55,28.13,28.54,873700,26.34
20090312,27.46,28.42,27.27,28.38,50200,26.19
20090311,27.52,27.74,27.27,27.53,89100,25.41
20090310,26.38,27.32,26.34,27.29,66900,25.18
20090309,26.07,26.61,25.89,26.01,78900,24.00
20090306,26.63,26.83,25.75,26.34,213800,24.31
20090305,26.72,27.02,26.21,26.43,77600,24.39
20090304,26.96,27.72,26.90,27.34,72700,25.23
20090303,26.98,27.13,26.54,26.60,135300,24.55
20090302,27.40,27.51,26.67,26.75,108400,24.69
20090227,27.79,28.23,27.69,27.78,94300,25.64
20090226,29.08,29.08,28.20,28.21,108200,26.03
20090225,28.97,29.26,28.47,28.73,91100,26.51
20090224,28.41,29.20,28.29,29.05,114000,26.81
20090223,29.52,29.52,28.22,28.22,56000,26.04
20090220,29.07,29.54,28.90,29.33,133000,27.07
20090219,29.99,30.05,29.39,29.45,958900,27.18
20090218,29.85,29.93,29.47,29.76,222100,27.46
20090217,29.89,30.04,29.55,29.66,817800,27.37
20090213,30.87,31.07,30.66,30.77,103800,28.40
20090212,30.34,30.94,30.11,30.88,102300,28.50
20090211,30.72,30.89,30.40,30.78,106300,28.41
20090210,31.55,31.80,30.45,30.62,106900,28.26
20090209,31.79,31.95,31.56,31.82,705200,29.37
20090206,31.21,31.93,31.12,31.84,2591700,29.38
20090205,30.32,31.30,30.27,31.10,69500,28.70
20090204,30.73,31.14,30.47,30.60,85300,28.24
20090203,30.19,30.74,29.88,30.66,105600,28.29
20090202,29.62,30.19,29.62,30.01,80000,27.69
20090130,30.75,30.79,29.90,29.97,95400,27.66
20090129,31.04,31.12,30.62,30.66,155900,28.29
20090128,31.03,31.61,31.01,31.37,128900,28.95
20090127,30.46,30.72,30.28,30.60,219700,28.24
20090126,30.19,30.76,29.99,30.26,145400,27.93
20090123,29.43,30.40,29.33,30.03,352400,27.71
20090122,29.73,30.34,29.51,29.97,290600,27.66
20090121,29.69,30.32,29.28,30.32,161600,27.98
20090120,30.40,30.45,29.17,29.18,364300,26.93
20090116,30.55,30.82,29.94,30.51,287800,28.16
20090115,30.01,30.42,29.41,30.17,1156100,27.84
20090114,30.38,30.54,29.88,30.11,2575000,27.79
20090113,30.78,31.14,30.67,30.97,840200,28.58
20090112,31.37,31.37,30.71,30.88,180000,28.50
20090109,32.16,32.16,31.39,31.42,239200,29.00
20090108,31.97,32.11,31.54,32.10,7212300,29.62
20090107,32.29,32.48,31.86,32.04,83200,29.57
20090106,32.80,33.05,32.54,32.76,155300,30.23
20090105,32.31,32.73,32.15,32.49,346900,29.98
20090102,31.48,32.56,31.46,32.48,40000,29.97
20081231,31.15,31.64,31.13,31.51,107600,29.08
20081230,30.61,31.14,30.60,31.14,138600,28.74
20081229,30.47,30.57,30.04,30.39,145300,28.05
20081226,30.63,30.68,30.41,30.55,77700,28.19
20081224,30.48,30.57,30.34,30.50,108800,28.15
20081223,30.76,30.89,30.23,30.36,117200,28.02
20081222,31.07,31.07,30.14,30.65,318400,28.29
20081219,31.39,31.77,31.07,31.19,160300,28.66
20081218,31.68,31.76,30.86,31.07,167500,28.55
20081217,31.42,31.92,31.25,31.54,155400,28.98
20081216,30.77,31.79,30.74,31.74,137200,29.17
20081215,30.92,30.92,30.09,30.46,71100,27.99
20081212,29.77,30.67,29.77,30.54,169000,28.06
20081211,30.92,31.50,30.44,30.50,117500,28.03
20081210,31.30,31.61,30.90,31.27,79000,28.73
20081209,31.19,31.83,30.83,30.97,313100,28.46
20081208,31.25,31.90,31.11,31.53,199700,28.97
20081205,29.25,30.74,28.70,30.72,291400,28.23
20081204,29.96,30.48,29.25,29.68,54800,27.27
20081203,29.27,30.48,29.10,30.44,134100,27.97
20081202,29.32,29.77,28.89,29.58,71900,27.18
20081201,30.55,30.55,28.89,28.89,123800,26.55
20081128,31.00,31.35,30.94,31.35,55700,28.81
20081126,29.70,31.20,29.70,31.19,479500,28.66
20081125,30.73,30.73,29.63,30.30,152400,27.84
20081124,29.24,30.58,28.86,30.10,246200,27.66
20081121,27.70,28.63,26.74,28.57,179700,26.25
20081120,28.14,29.19,26.93,27.03,234600,24.84
20081119,30.01,30.49,28.58,28.60,202200,26.28
20081118,30.03,30.41,29.22,30.22,144200,27.77
20081117,30.42,30.98,30.04,30.06,76800,27.62
20081114,31.26,32.21,30.69,30.75,268300,28.26
20081113,30.15,32.23,28.95,32.23,184200,29.62
20081112,30.95,31.24,30.21,30.30,143100,27.84
20081111,31.66,32.35,31.25,31.75,285200,29.18
20081110,33.52,33.63,32.11,32.50,120600,29.87
20081107,32.27,32.88,32.25,32.86,197200,30.20
20081106,33.14,33.47,31.86,32.08,169600,29.48
20081105,34.73,35.05,33.49,33.52,281400,30.80
20081104,34.83,35.30,34.46,35.26,225200,32.40
20081103,34.01,34.38,33.83,33.97,193600,31.22
20081031,33.75,34.68,33.34,34.26,437600,31.48
20081030,33.90,33.90,33.05,33.74,106200,31.00
20081029,32.47,33.93,32.38,32.51,135500,29.87
20081028,30.59,32.65,29.85,32.65,115500,30.00
20081027,30.07,31.22,29.66,29.67,204600,27.26
20081024,27.92,31.43,27.92,30.79,107200,28.29
20081023,31.97,32.12,30.14,31.63,172900,29.07
20081022,32.95,32.95,30.90,31.75,119900,29.18
20081021,33.86,34.57,33.54,33.54,288300,30.82
20081020,33.88,34.63,33.21,34.63,262700,31.82
20081017,32.79,34.53,32.71,33.27,109400,30.57
20081016,32.56,33.28,30.46,33.18,106200,30.49
20081015,34.16,34.46,31.90,31.90,209700,29.31
20081014,37.38,37.38,34.30,35.02,139300,32.18
20081013,32.51,35.81,32.51,35.81,88400,32.91
20081010,30.60,33.45,30.34,32.27,1914400,29.65
20081009,36.36,36.36,32.60,33.10,44200,30.42
20081008,33.89,35.94,33.89,34.63,638300,31.82
20081007,36.94,37.06,35.00,35.01,55800,32.17
20081006,37.25,37.50,35.15,36.91,1967000,33.92
20081003,39.21,40.20,38.29,38.38,77000,35.27
20081002,39.94,39.94,38.72,38.81,71200,35.66
20081001,40.56,40.78,40.14,40.58,46000,37.29
20080930,40.85,41.14,39.99,41.13,88300,37.80
20080929,41.62,42.19,39.38,39.96,121000,36.72
20080926,42.03,42.88,42.03,42.88,36300,39.40
20080925,43.05,43.05,42.61,42.70,71600,39.24
20080924,43.03,43.03,41.86,42.02,35600,38.61
20080923,42.82,43.18,42.13,42.14,55200,38.60
20080922,43.61,43.94,42.67,42.74,46000,39.15
20080919,44.12,44.12,43.40,44.12,58400,40.41
20080918,42.23,43.40,41.00,43.13,50800,39.51
20080917,42.85,43.05,41.77,41.77,50600,38.26
20080916,42.56,43.73,42.28,43.59,135800,39.93
20080915,44.04,44.29,43.26,43.33,54500,39.69
20080912,44.13,44.75,44.13,44.75,39400,40.99
20080911,43.29,44.48,43.29,44.48,49300,40.74
20080910,43.88,44.06,43.60,43.74,14900,40.06
20080909,44.42,44.62,43.40,43.40,23900,39.75
20080908,45.55,45.55,44.11,44.56,14200,40.82
20080905,43.83,44.11,43.31,44.02,29400,40.32
20080904,44.91,44.96,44.02,44.02,67700,40.32
20080903,45.46,45.63,45.00,45.33,371700,41.52
20080902,46.58,46.58,45.54,45.63,17900,41.80
20080829,46.61,46.61,46.05,46.05,21100,42.18
20080828,46.70,46.79,46.47,46.79,21200,42.86
20080827,45.95,46.52,45.95,46.36,31100,42.46
20080826,45.89,46.19,45.82,46.03,31500,42.16
20080825,46.60,46.60,45.89,45.94,41700,42.08
20080822,46.67,46.77,46.56,46.76,23200,42.83
20080821,45.98,46.33,45.94,46.31,66500,42.42
20080820,46.10,46.37,45.96,46.21,39100,42.33
20080819,46.23,46.23,45.88,45.95,118300,42.09
20080818,47.06,47.06,46.22,46.36,19700,42.46
20080815,46.95,47.02,46.73,46.88,6900,42.94
20080814,46.18,46.96,46.18,46.79,107900,42.86
20080813,46.45,46.78,46.18,46.58,37300,42.67
20080812,46.78,46.78,46.46,46.57,16800,42.66
20080811,46.59,46.99,46.36,46.72,60600,42.79
20080808,45.50,46.52,45.50,46.48,33200,42.57
20080807,45.73,46.08,45.56,45.62,106000,41.79
20080806,45.86,46.26,45.66,46.20,19800,42.32
20080805,45.04,45.67,44.95,45.67,37500,41.83
20080804,44.85,44.87,44.59,44.67,6600,40.92
20080801,45.49,45.49,44.85,45.02,106400,41.24
20080731,45.60,46.04,45.40,45.41,79200,41.59
20080730,45.47,45.87,45.33,45.87,27200,42.02
20080729,44.40,45.20,44.40,45.20,36500,41.40
20080728,45.07,45.07,44.32,44.37,40300,40.64
20080725,45.01,45.02,44.78,45.02,9800,41.24
20080724,45.32,45.32,44.71,44.71,30000,40.95
20080723,45.52,45.62,45.27,45.38,90200,41.57
20080722,44.80,45.39,44.80,45.39,116200,41.58
20080721,45.16,45.20,44.84,45.06,55000,41.27
20080718,45.22,45.22,44.82,44.97,60700,41.19
20080717,45.00,45.34,44.73,45.26,57900,41.46
20080716,44.20,44.93,43.96,44.93,49100,41.15
20080715,45.01,45.01,43.52,44.20,107800,40.49
20080714,45.15,45.15,44.27,44.62,69500,40.87
20080711,44.61,45.01,44.09,44.62,32900,40.87
20080710,44.47,44.92,44.37,44.92,37000,41.15
20080709,45.57,45.57,44.58,44.58,70500,40.83
20080708,44.78,45.47,44.58,45.47,133700,41.65
20080707,45.38,45.56,44.50,44.97,110900,41.19
20080703,45.41,45.41,44.75,44.97,136700,41.19
20080702,46.20,46.20,45.04,45.04,60000,41.26
20080701,45.37,45.95,45.16,45.91,63300,42.05
20080630,45.91,46.21,45.81,45.81,26700,41.96
20080627,46.02,46.10,45.56,45.88,38500,42.03
20080626,46.74,46.76,45.97,45.97,60300,42.11
20080625,47.23,47.70,47.13,47.29,133300,43.32
20080624,47.03,47.38,46.77,47.01,15400,43.06
20080623,47.62,47.62,47.29,47.47,20700,43.39
20080620,47.97,47.97,47.17,47.33,51700,43.26
20080619,47.93,48.42,47.81,48.20,33600,44.06
20080618,48.15,48.15,47.81,47.93,6700,43.81
20080617,48.74,48.76,48.35,48.39,36300,44.23
20080616,48.26,48.66,48.23,48.55,14500,44.38
20080613,48.07,48.50,48.04,48.34,34700,44.19
20080612,47.96,48.12,47.49,47.83,24800,43.72
20080611,48.43,48.43,47.71,47.71,46500,43.61
20080610,48.42,48.71,48.26,48.42,64500,44.26
20080609,48.60,48.64,48.15,48.57,51800,44.40
20080606,49.38,49.53,48.43,48.44,83100,44.28
20080605,48.91,49.77,48.91,49.77,52100,45.49
20080604,48.65,49.16,48.64,48.76,55600,44.57
20080603,49.12,49.20,48.42,48.71,40500,44.53
20080602,49.27,49.27,48.59,48.86,20200,44.66
20080530,49.32,49.49,49.25,49.32,69500,45.08
20080529,48.88,49.31,48.88,49.17,15000,44.95
20080528,48.68,48.86,48.46,48.86,28100,44.66
20080527,48.17,48.63,48.17,48.56,18900,44.39
20080523,48.36,48.36,47.96,48.08,30200,43.95
20080522,48.51,48.67,48.37,48.50,17700,44.33
20080521,49.20,49.32,48.36,48.36,29500,44.21
20080520,49.40,49.40,48.99,49.21,30100,44.98
20080519,49.74,50.12,49.50,49.50,19100,45.25
20080516,49.68,49.68,49.24,49.59,18400,45.33
20080515,48.97,49.43,48.94,49.43,35200,45.18
20080514,49.04,49.39,48.87,48.94,17500,44.74
20080513,48.71,48.89,48.52,48.82,31500,44.63
20080512,48.32,48.82,48.32,48.73,44400,44.54
20080509,48.15,48.38,48.02,48.25,44200,44.10
20080508,48.46,48.69,48.39,48.55,11300,44.38
20080507,49.07,49.07,48.21,48.26,34200,44.11
20080506,48.37,49.04,48.37,48.94,34800,44.74
20080505,48.63,48.83,48.53,48.61,55200,44.43
20080502,49.12,49.12,48.46,48.65,32200,44.47
20080501,47.68,48.65,47.68,48.61,44100,44.43
20080430,48.16,48.41,47.65,47.78,83600,43.68
20080429,48.04,48.15,47.81,48.01,33700,43.89
20080428,48.15,48.34,48.10,48.11,40000,43.98
20080425,48.17,48.17,47.66,48.15,16600,44.01
20080424,48.00,48.23,47.45,48.02,26600,43.89
20080423,47.91,48.17,47.63,47.87,26900,43.76
20080422,47.92,47.93,47.42,47.66,38400,43.57
20080421,47.82,48.17,47.82,48.17,8900,44.03
20080418,47.74,48.14,47.67,47.96,96700,43.84
20080417,47.01,47.01,46.67,46.95,17100,42.92
20080416,46.39,47.02,46.37,46.98,21500,42.94
20080415,45.94,45.99,45.59,45.90,27800,41.96
20080414,45.82,46.04,45.76,45.79,69700,41.86
20080411,46.38,46.38,45.81,45.88,17100,41.94
20080410,46.45,46.93,46.45,46.72,18400,42.71
20080409,46.71,46.74,46.17,46.32,38000,42.34
20080408,46.52,46.75,46.52,46.63,98800,42.62
20080407,47.14,47.15,46.71,46.80,35300,42.78
20080404,46.76,47.09,46.48,46.76,39600,42.74
20080403,46.37,46.79,46.31,46.60,25400,42.60
20080402,46.77,46.85,46.47,46.53,47800,42.53
20080401,45.81,46.73,45.70,46.73,14800,42.72
20080331,45.03,45.38,45.03,45.37,34300,41.47
20080328,45.56,45.58,44.98,44.98,15400,41.12
20080327,45.78,45.92,45.46,45.60,108200,41.68
20080326,46.05,46.05,45.75,45.86,23400,41.92
20080325,46.09,46.24,45.79,46.17,118100,42.20
20080324,45.39,46.20,45.39,45.91,51400,41.91
20080320,44.28,45.10,44.28,45.10,40500,41.17
20080319,45.60,45.69,44.35,44.35,37700,40.49
20080318,45.31,45.42,44.53,45.36,90100,41.41
20080317,44.57,44.57,43.39,43.89,23700,40.07
20080314,45.53,45.53,43.93,44.39,47400,40.52
20080313,44.44,45.40,44.30,45.19,24300,41.25
20080312,45.35,45.56,44.94,44.94,29400,41.03
20080311,44.45,45.16,44.24,45.12,25200,41.19
20080310,44.63,44.63,43.90,43.90,45500,40.08
20080307,44.71,45.18,44.25,44.63,51600,40.74
20080306,45.73,45.77,45.06,45.06,29500,41.14
20080305,45.67,46.01,45.43,45.71,30500,41.73
20080304,45.25,45.58,44.80,45.46,44800,41.50
20080303,45.50,45.68,45.20,45.54,57600,41.57
20080229,46.20,46.26,45.38,45.53,24600,41.56
20080228,46.65,46.87,46.52,46.65,18600,42.59
20080227,47.06,47.06,46.78,46.98,3000,42.89
20080226,46.45,47.11,46.25,46.83,4400,42.75
20080225,45.98,46.49,45.82,46.44,34000,42.39
20080222,45.43,45.93,45.17,45.93,3300,41.93
20080221,46.31,46.31,45.61,45.61,154600,41.64
20080220,45.51,46.26,45.50,46.19,19200,42.17
20080219,46.31,46.32,45.65,45.65,19700,41.67
20080215,45.66,45.69,45.42,45.57,52400,41.60
20080214,46.48,46.48,45.78,45.84,85000,41.85
20080213,46.16,46.52,45.93,46.43,25000,42.39
20080212,45.83,48.05,45.50,45.62,148300,41.65
20080211,45.05,45.54,44.89,45.43,93500,41.47
20080208,45.03,45.16,44.78,44.89,61800,40.98
20080207,44.40,45.26,44.40,44.81,4400,40.91
20080206,45.37,45.45,44.79,44.79,26100,40.89
20080205,45.59,45.65,45.07,45.07,13300,41.14
20080204,46.78,46.78,46.30,46.30,31500,42.27
20080201,46.29,46.72,46.20,46.72,46400,42.65
20080131,44.84,46.31,44.84,46.17,11300,42.15
20080130,45.63,46.40,45.51,45.52,106300,41.55
20080129,45.70,45.78,44.05,45.66,15700,41.68
20080128,45.16,45.49,45.08,45.47,11200,41.51
20080125,46.33,46.33,45.08,45.09,27600,41.16
20080124,45.27,45.72,45.25,45.62,19000,41.65
20080123,43.35,45.00,42.92,45.00,24400,41.08
20080122,44.50,44.86,43.35,44.69,43400,40.80
20080118,45.52,45.83,44.92,45.21,16600,41.27
20080117,46.65,46.65,45.19,45.19,6600,41.25
20080116,46.46,46.92,46.00,46.38,21800,42.34
20080115,47.47,47.47,46.82,46.88,36600,42.80
20080114,47.89,48.00,47.72,47.99,33700,43.81
20080111,47.60,47.77,47.38,47.50,4200,43.36
20080110,47.65,48.43,47.65,48.17,12900,43.97
20080109,47.22,47.85,46.90,47.85,2200,43.68
20080108,48.22,48.30,47.23,47.23,8000,43.12
20080107,48.18,48.24,47.72,47.72,2800,43.56
20080104,48.89,48.89,48.00,48.05,23500,43.86
20080103,49.44,49.64,49.41,49.41,13700,45.11
20080102,50.03,50.03,49.27,49.36,6800,45.06
20071231,50.25,51.06,49.97,49.97,9200,45.62
20071228,50.68,50.68,50.29,50.42,5000,46.03
20071227,50.99,50.99,50.54,50.54,73900,46.14
