20140814,58.11,58.30,58.07,58.30,50700,58.30
20140813,57.89,58.06,57.75,58.04,45200,58.04
20140812,57.72,57.78,57.53,57.71,30300,57.71
20140811,57.86,57.94,57.66,57.71,26900,57.71
20140808,57.02,57.62,56.90,57.61,30600,57.61
20140807,57.45,57.52,56.77,56.96,63900,56.96
20140806,57.01,57.43,56.77,57.26,74200,57.26
20140805,57.76,57.76,57.11,57.29,42200,57.29
20140804,57.50,57.99,57.32,57.91,45900,57.91
20140801,57.45,57.80,57.25,57.51,69800,57.51
20140731,58.56,58.59,57.65,57.65,56800,57.65
20140730,59.12,59.12,58.56,58.82,81800,58.82
20140729,59.38,59.38,58.90,58.93,147700,58.93
20140728,59.30,59.30,58.90,59.20,33000,59.20
20140725,59.41,59.41,59.11,59.22,35000,59.22
20140724,59.50,59.53,59.38,59.42,23500,59.42
20140723,59.48,59.48,59.32,59.41,37600,59.41
20140722,59.27,59.43,59.23,59.34,71300,59.34
20140721,59.05,59.14,58.77,59.09,41500,59.09
20140718,58.89,59.21,58.85,59.21,43400,59.21
20140717,59.16,59.40,58.70,58.73,73800,58.73
20140716,59.08,59.38,59.00,59.38,35800,59.38
20140715,58.89,58.99,58.64,58.85,73000,58.85
20140714,58.90,58.92,58.75,58.82,72900,58.82
20140711,58.40,58.63,58.33,58.60,34700,58.60
20140710,58.11,58.62,58.11,58.55,60500,58.55
20140709,58.64,58.77,58.52,58.67,34800,58.67
20140708,58.73,58.73,58.38,58.47,122800,58.47
20140707,58.92,58.92,58.70,58.81,41300,58.81
20140703,58.90,59.00,58.78,59.00,13300,59.00
20140702,58.68,58.74,58.60,58.71,34100,58.71
20140701,58.38,58.82,58.38,58.60,43000,58.60
20140630,58.40,58.45,58.25,58.28,57600,58.28
20140627,58.26,58.36,58.15,58.36,46600,58.36
20140626,58.41,58.41,58.01,58.37,83000,58.37
20140625,58.17,58.52,58.06,58.50,54100,58.50
20140624,58.55,58.80,58.27,58.32,64200,58.32
20140623,58.69,58.75,58.59,58.75,29000,58.75
20140620,59.06,59.12,58.97,59.04,71800,58.72
20140619,58.69,58.85,58.64,58.85,60000,58.54
20140618,58.24,58.75,58.17,58.75,61900,58.44
20140617,58.03,58.28,57.99,58.24,28900,57.93
20140616,58.04,58.19,57.91,58.06,34100,57.75
20140613,57.88,58.10,57.85,58.07,34700,57.76
20140612,58.05,58.07,57.69,57.75,56500,57.44
20140611,58.10,58.26,58.05,58.17,54200,57.86
20140610,58.37,58.41,58.22,58.41,72400,58.10
20140609,58.28,58.46,58.26,58.37,80700,58.06
20140606,58.14,58.32,58.13,58.32,39900,58.01
20140605,57.77,58.05,57.56,57.97,71700,57.66
20140604,57.50,57.68,57.46,57.68,69600,57.37
20140603,57.37,57.62,57.37,57.58,33700,57.27
20140602,57.60,57.64,57.38,57.58,145000,57.27
20140530,57.34,57.59,57.27,57.57,72700,57.26
20140529,57.14,57.37,57.09,57.37,21800,57.06
20140528,57.15,57.25,57.04,57.14,31300,56.83
20140527,57.10,57.16,57.00,57.11,54100,56.80
20140523,56.80,56.92,56.78,56.88,49500,56.58
20140522,56.63,56.83,56.57,56.76,94900,56.46
20140521,56.29,56.68,56.29,56.67,33100,56.37
20140520,56.55,56.55,56.03,56.21,41100,55.91
20140519,56.30,56.60,56.30,56.58,61400,56.28
20140516,56.28,56.42,56.14,56.42,46500,56.12
20140515,56.74,56.74,56.13,56.35,47300,56.05
20140514,57.10,57.10,56.79,56.88,95100,56.58
20140513,57.00,57.13,56.97,57.07,37700,56.76
20140512,56.83,56.97,56.79,56.97,88900,56.67
20140509,56.58,56.59,56.27,56.54,24500,56.24
20140508,56.57,56.83,56.41,56.53,168700,56.23
20140507,56.27,56.61,56.06,56.60,97700,56.30
20140506,56.25,56.34,55.99,56.02,31500,55.72
20140505,56.09,56.47,55.98,56.47,41500,56.17
20140502,56.67,56.81,56.41,56.43,57800,56.13
20140501,56.68,56.72,56.46,56.61,188400,56.31
20140430,56.55,56.72,56.47,56.70,45200,56.40
20140429,56.53,56.70,56.49,56.60,55200,56.30
20140428,56.42,56.55,55.94,56.43,56700,56.13
20140425,56.40,56.40,56.04,56.15,46500,55.85
20140424,56.60,56.66,56.23,56.42,76000,56.12
20140423,56.47,56.51,56.30,56.44,52000,56.14
20140422,56.39,56.59,56.27,56.45,80300,56.15
20140421,56.19,56.32,56.11,56.30,72100,56.00
20140417,55.95,56.32,55.95,56.21,74800,55.91
20140416,55.79,56.04,55.69,56.04,56800,55.74
20140415,55.27,55.54,54.87,55.48,49300,55.18
20140414,55.19,55.20,54.72,55.16,37700,54.86
20140411,54.92,55.16,54.71,54.78,46300,54.49
20140410,56.17,56.18,55.13,55.23,128700,54.93
20140409,55.87,56.16,55.64,56.16,35200,55.86
20140408,55.59,55.78,55.31,55.69,62200,55.39
20140407,56.10,56.10,55.53,55.59,29500,55.29
20140404,56.97,56.97,56.03,56.13,54000,55.83
20140403,56.70,56.70,56.42,56.60,56400,56.30
20140402,56.44,56.60,56.27,56.57,89700,56.27
20140401,56.35,56.40,56.11,56.34,43000,56.04
20140331,56.10,56.22,55.99,56.18,57200,55.88
20140328,55.59,55.91,55.56,55.69,39100,55.39
20140327,55.50,55.56,55.25,55.41,68400,55.11
20140326,55.98,55.98,55.49,55.49,97300,55.19
20140325,55.67,55.75,55.42,55.70,45200,55.40
20140324,55.67,55.70,55.11,55.40,22600,55.10
20140321,56.08,56.27,55.73,55.77,31300,55.17
20140320,55.28,55.85,55.21,55.83,47400,55.23
20140319,55.51,55.70,55.09,55.30,29600,54.71
20140318,55.38,55.67,55.33,55.59,86500,54.99
20140317,55.02,55.28,55.01,55.22,41800,54.63
20140314,54.82,55.01,54.60,54.68,35300,54.09
20140313,55.58,55.62,54.81,54.82,30100,54.23
20140312,55.03,55.41,55.03,55.41,30600,54.81
20140311,55.68,55.73,55.27,55.38,33900,54.79
20140310,55.53,55.73,55.37,55.73,26300,55.13
20140307,55.80,55.80,55.50,55.70,24400,55.10
20140306,55.46,55.65,55.46,55.57,33600,54.97
20140305,55.30,55.45,55.27,55.38,16100,54.79
20140304,55.13,55.46,54.98,55.37,31700,54.78
20140303,54.55,54.68,54.25,54.50,52300,53.91
20140228,54.67,55.18,54.67,54.94,33000,54.35
20140227,54.29,54.70,54.28,54.70,29300,54.11
20140226,54.58,54.62,54.33,54.48,36200,53.89
20140225,54.50,54.74,54.39,54.48,29000,53.89
20140224,54.32,54.94,54.32,54.64,38700,54.05
20140221,54.48,54.59,54.30,54.30,53700,53.72
20140220,54.07,54.47,53.96,54.42,39700,53.84
20140219,54.22,54.56,53.98,54.02,81500,53.44
20140218,54.47,54.47,54.30,54.37,30600,53.79
20140214,54.04,54.50,53.98,54.46,43300,53.88
20140213,53.48,54.05,53.48,54.05,49800,53.47
20140212,53.90,54.04,53.73,53.84,35900,53.26
20140211,53.25,53.94,53.25,53.81,34800,53.23
20140210,53.20,53.20,52.96,53.20,29800,52.63
20140207,52.85,53.19,52.66,53.17,75100,52.60
20140206,52.16,52.57,52.13,52.56,46800,52.00
20140205,51.88,52.07,51.62,51.95,39300,51.39
20140204,52.00,52.11,51.81,52.04,102700,51.48
20140203,52.94,52.96,51.72,51.80,56300,51.24
20140131,52.73,53.25,52.70,52.98,34300,52.41
20140130,53.15,53.45,53.01,53.36,33000,52.79
20140129,52.89,53.19,52.84,52.93,49600,52.36
20140128,53.07,53.39,53.07,53.33,62300,52.76
20140127,53.10,53.25,52.77,52.93,60300,52.36
20140124,53.85,53.85,53.08,53.09,69200,52.52
20140123,54.36,54.36,53.81,54.05,48400,53.47
20140122,54.73,54.73,54.51,54.63,45100,54.04
20140121,54.81,54.87,54.32,54.61,69900,54.02
20140117,54.79,54.84,54.59,54.63,33000,54.04
20140116,54.93,54.93,54.70,54.90,33700,54.31
20140115,54.80,55.07,54.80,55.01,32100,54.42
20140114,54.35,54.71,54.29,54.70,35900,54.11
20140113,54.83,54.91,54.20,54.28,88300,53.70
20140110,54.94,54.94,54.64,54.93,41200,54.34
20140109,54.94,54.94,54.55,54.86,31400,54.27
20140108,54.79,54.79,54.59,54.75,73100,54.16
20140107,54.70,54.88,54.70,54.82,55600,54.23
20140106,54.82,54.82,54.45,54.53,35900,53.94
20140103,54.65,54.77,54.52,54.61,38500,54.02
20140102,54.85,54.85,54.44,54.52,60300,53.93
20131231,54.79,55.02,54.79,55.01,65100,54.42
20131230,54.88,54.88,54.72,54.81,62500,54.22
20131227,55.00,55.00,54.79,54.88,58400,54.29
20131226,54.66,54.81,54.62,54.81,30600,54.22
20131224,54.34,54.52,54.32,54.51,21700,53.92
20131223,54.41,54.41,54.28,54.34,50800,53.76
20131220,54.00,54.26,54.00,54.21,59900,53.63
20131219,54.23,54.37,54.06,54.35,41100,53.40
20131218,53.50,54.37,53.20,54.37,53300,53.42
20131217,53.71,53.71,53.30,53.37,38800,52.44
20131216,53.58,53.79,53.55,53.61,31800,52.67
20131213,53.41,53.42,53.18,53.29,18300,52.36
20131212,53.46,53.54,53.21,53.33,43100,52.40
20131211,54.11,54.11,53.46,53.53,53100,52.59
20131210,54.29,54.34,54.13,54.17,25400,53.22
20131209,54.39,54.45,54.31,54.39,54200,53.44
20131206,53.92,54.20,53.92,54.20,27000,53.25
20131205,53.71,53.80,53.44,53.51,26700,52.57
20131204,53.76,54.13,53.57,53.91,48400,52.97
20131203,54.02,54.13,53.74,53.94,58400,53.00
20131202,54.22,54.45,54.12,54.20,24800,53.25
20131129,54.49,54.58,54.25,54.28,15400,53.33
20131127,54.44,54.45,54.28,54.39,29200,53.44
20131126,54.49,54.49,54.31,54.32,24300,53.37
20131125,54.60,54.62,54.42,54.47,41200,53.52
20131122,54.22,54.50,54.14,54.50,73500,53.55
20131121,53.98,54.28,53.89,54.23,36200,53.28
20131120,53.97,54.14,53.71,53.83,28400,52.89
20131119,53.89,54.12,53.86,53.95,62700,53.01
20131118,54.17,54.21,53.91,53.98,31100,53.04
20131115,53.92,54.09,53.87,54.09,30700,53.14
20131114,53.53,53.85,53.52,53.85,37100,52.91
20131113,53.00,53.60,53.00,53.60,21400,52.66
20131112,53.34,53.42,53.10,53.26,36000,52.33
20131111,53.40,53.46,53.34,53.42,42200,52.49
20131108,52.65,53.43,52.65,53.43,53200,52.50
20131107,53.37,53.37,52.67,52.69,37100,51.77
20131106,53.09,53.25,53.03,53.25,16900,52.32
20131105,52.79,52.95,52.67,52.82,18700,51.90
20131104,52.80,52.96,52.77,52.96,63700,52.03
20131101,52.61,52.78,52.45,52.75,42200,51.83
20131031,52.73,52.88,52.56,52.57,31300,51.65
20131030,53.00,53.10,52.58,52.77,25100,51.85
20131029,52.76,52.99,52.76,52.99,27700,52.06
20131028,52.51,52.75,52.51,52.69,49500,51.77
20131025,52.47,52.62,52.40,52.62,23800,51.70
20131024,52.42,52.45,52.24,52.39,45000,51.47
20131023,52.39,52.47,52.19,52.27,36400,51.36
20131022,52.36,52.65,52.36,52.58,45100,51.66
20131021,52.38,52.38,52.15,52.27,660300,51.36
20131018,52.32,52.32,52.10,52.28,21600,51.37
20131017,51.54,52.08,51.50,52.08,63100,51.17
20131016,51.25,51.69,51.25,51.67,37300,50.77
20131015,51.22,51.33,50.88,50.94,430600,50.05
20131014,50.77,51.34,50.75,51.32,40600,50.42
20131011,50.77,51.16,50.77,51.16,45400,50.27
20131010,50.29,50.84,50.29,50.84,39800,49.95
20131009,49.72,49.91,49.50,49.79,42300,48.92
20131008,50.07,50.16,49.64,49.65,47000,48.78
20131007,50.07,50.32,50.00,50.11,30900,49.23
20131004,50.35,50.53,50.16,50.51,18200,49.63
20131003,50.50,50.51,49.94,50.20,41900,49.32
20131002,50.31,50.57,50.18,50.54,40700,49.66
20131001,50.28,50.63,50.28,50.61,51100,49.72
20130930,50.19,50.45,50.07,50.31,60000,49.43
20130927,50.63,50.66,50.49,50.61,188700,49.72
20130926,50.91,51.07,50.67,50.83,32100,49.94
20130925,50.97,50.99,50.78,50.80,25600,49.91
20130924,51.04,51.21,50.85,50.91,30800,50.02
20130923,51.18,51.24,50.94,51.10,54000,50.21
20130920,52.15,52.15,51.72,51.73,18900,50.52
20130919,52.40,52.40,52.05,52.12,18300,50.90
20130918,51.69,52.42,51.53,52.26,42700,51.04
20130917,51.62,51.73,51.61,51.73,26700,50.52
20130916,51.72,51.74,51.49,51.52,25600,50.32
20130913,51.06,51.17,51.00,51.14,223700,49.94
20130912,51.22,51.22,50.91,50.98,21000,49.79
20130911,50.97,51.19,50.89,51.19,24900,49.99
20130910,50.86,50.96,50.72,50.96,40800,49.77
20130909,50.19,50.50,50.15,50.49,81300,49.31
20130906,50.09,50.34,49.75,50.07,35800,48.90
20130905,50.14,50.22,50.05,50.05,29400,48.88
20130904,49.66,50.14,49.66,50.08,28300,48.91
20130903,50.00,50.08,49.51,49.72,42100,48.56
20130830,49.87,49.87,49.50,49.66,90100,48.50
20130829,49.62,50.00,49.59,49.77,42300,48.61
20130828,49.50,49.88,49.50,49.72,32600,48.56
20130827,49.79,49.98,49.54,49.58,34600,48.42
20130826,50.68,50.71,50.31,50.35,28200,49.17
20130823,50.59,50.69,50.34,50.66,68500,49.48
20130822,50.06,50.43,49.93,50.31,96100,49.13
20130821,50.16,50.35,49.85,49.91,81000,48.74
20130820,50.10,50.45,50.10,50.31,28700,49.13
20130819,50.36,50.50,50.10,50.11,30300,48.94
20130816,50.51,50.72,50.40,50.56,69300,49.38
20130815,50.96,50.96,50.58,50.71,45700,49.52
20130814,51.64,51.74,51.40,51.45,33900,50.25
20130813,51.65,51.79,51.40,51.70,45400,50.49
20130812,51.44,51.65,51.44,51.60,25600,50.39
20130809,51.82,51.92,51.52,51.68,33500,50.47
20130808,51.88,51.93,51.60,51.85,28400,50.64
20130807,51.60,51.68,51.45,51.64,27900,50.43
20130806,52.00,52.00,51.68,51.77,74800,50.56
20130805,52.06,52.13,51.98,52.06,25600,50.84
20130802,52.02,52.17,51.90,52.15,233800,50.93
20130801,51.96,52.15,51.95,52.12,28800,50.90
20130731,51.69,51.96,51.56,51.61,92500,50.40
20130730,51.77,51.84,51.44,51.63,30800,50.42
20130729,51.67,51.72,51.50,51.62,54200,50.41
20130726,51.53,51.80,51.33,51.78,37400,50.57
20130725,51.52,51.76,51.47,51.73,48200,50.52
20130724,52.12,52.12,51.61,51.67,84600,50.46
20130723,52.07,52.08,51.88,51.99,34300,50.77
20130722,51.83,51.99,51.75,51.95,33800,50.74
20130719,51.57,51.81,51.51,51.81,38300,50.60
20130718,51.40,51.75,51.40,51.68,34900,50.47
20130717,51.35,51.40,51.22,51.30,40400,50.10
20130716,51.40,51.40,51.02,51.18,25900,49.98
20130715,51.28,51.42,51.17,51.37,37900,50.17
20130712,51.04,51.18,50.99,51.11,23000,49.92
20130711,51.06,51.13,50.82,51.08,104000,49.89
20130710,50.50,50.56,50.28,50.44,61500,49.26
20130709,50.38,50.56,50.26,50.50,26500,49.32
20130708,50.06,50.18,49.95,50.12,47300,48.95
20130705,49.60,49.75,49.22,49.74,81300,48.58
20130703,48.99,49.26,48.87,49.21,12500,48.06
20130702,49.23,49.56,49.06,49.26,43600,48.11
20130701,49.29,49.64,49.24,49.29,83100,48.14
20130628,49.28,49.39,49.02,49.03,72300,47.88
20130627,49.30,49.53,49.30,49.33,52400,48.18
20130626,48.94,49.11,48.73,49.10,69000,47.95
20130625,48.50,48.70,48.16,48.55,55200,47.41
20130624,48.17,48.47,47.70,48.10,81400,46.98
20130621,49.21,49.21,48.50,48.96,237400,47.52
20130620,49.47,49.52,48.60,48.70,133700,47.27
20130619,50.63,50.65,49.93,49.94,55000,48.47
20130618,50.32,50.65,50.31,50.63,26100,49.14
20130617,50.23,50.47,50.03,50.26,47100,48.78
20130614,50.16,50.34,49.81,49.88,63600,48.41
20130613,49.43,50.27,49.38,50.24,23400,48.76
20130612,50.17,50.24,49.51,49.54,49700,48.08
20130611,49.87,50.23,49.76,49.83,52200,48.36
20130610,50.46,50.47,50.18,50.29,55700,48.81
20130607,49.96,50.33,49.85,50.30,83000,48.82
20130606,49.16,49.69,48.95,49.69,52400,48.23
20130605,49.75,49.81,49.16,49.21,66900,47.76
20130604,50.10,50.28,49.65,49.88,44600,48.41
20130603,49.89,50.13,49.59,50.11,46400,48.63
20130531,50.40,50.62,49.75,49.75,91300,48.29
20130530,50.35,50.75,50.32,50.54,37900,49.05
20130529,50.30,50.45,50.02,50.29,67600,48.81
20130528,50.83,50.99,50.45,50.62,63800,49.13
20130524,50.03,50.26,49.88,50.26,37200,48.78
20130523,49.78,50.37,49.77,50.28,31400,48.80
20130522,50.75,51.22,50.22,50.37,47900,48.89
20130521,50.65,50.83,50.51,50.68,18600,49.19
20130520,50.54,50.76,50.52,50.60,22000,49.11
20130517,50.24,50.59,50.20,50.59,36900,49.10
20130516,50.16,50.34,50.04,50.10,41300,48.62
20130515,49.84,50.36,49.84,50.27,22700,48.79
20130514,49.37,49.94,49.37,49.94,67000,48.47
20130513,49.17,49.35,49.09,49.35,19900,47.90
20130510,49.11,49.27,48.96,49.27,18900,47.82
20130509,49.34,49.37,49.07,49.14,28600,47.69
20130508,49.07,49.38,49.07,49.38,54000,47.93
20130507,48.94,49.15,48.88,49.15,40500,47.70
20130506,48.79,48.93,48.74,48.86,37800,47.42
20130503,48.69,48.90,48.69,48.74,23800,47.30
20130502,48.13,48.38,48.05,48.34,27500,46.92
20130501,48.29,48.31,47.92,47.97,43800,46.56
20130430,48.44,48.48,48.23,48.46,31800,47.03
20130429,48.26,48.57,48.25,48.49,28500,47.06
20130426,48.16,48.28,48.04,48.21,40000,46.79
20130425,48.23,48.45,48.15,48.23,88200,46.81
20130424,48.10,48.18,47.99,48.06,32900,46.64
20130423,47.81,48.06,47.54,48.06,60500,46.64
20130422,47.47,47.59,47.17,47.56,52300,46.16
20130419,47.11,47.38,47.04,47.38,29500,45.98
20130418,47.18,47.18,46.74,46.88,49300,45.50
20130417,47.37,47.37,46.82,47.06,56700,45.67
20130416,47.47,47.67,47.30,47.67,62300,46.27
20130415,47.85,47.88,47.10,47.10,178900,45.71
20130412,48.11,48.12,47.89,48.12,25200,46.70
20130411,48.10,48.42,48.05,48.30,75700,46.88
20130410,47.78,48.21,47.78,48.17,41000,46.75
20130409,47.50,47.81,47.42,47.62,76200,46.22
20130408,47.13,47.38,46.95,47.38,32700,45.98
20130405,46.69,47.14,46.65,47.14,28500,45.75
20130404,47.03,47.29,47.02,47.27,30500,45.88
20130403,47.53,47.54,46.92,47.02,49200,45.64
20130402,47.46,47.62,47.38,47.50,53600,46.10
20130401,47.37,47.47,47.19,47.34,38900,45.95
20130328,47.25,47.45,47.21,47.41,65500,46.01
20130327,47.04,47.27,46.96,47.27,108300,45.88
20130326,47.09,47.32,47.08,47.32,15700,45.93
20130325,47.27,47.31,46.75,46.92,18300,45.54
20130322,46.92,47.11,46.86,47.09,39800,45.70
20130321,47.13,47.37,47.00,47.06,58100,45.41
20130320,47.39,47.53,47.37,47.41,28700,45.75
20130319,47.34,47.39,46.88,47.16,104500,45.50
20130318,47.03,47.45,47.00,47.23,79800,45.57
20130315,47.43,47.54,47.28,47.53,26200,45.86
20130314,47.36,47.56,47.36,47.54,24200,45.87
20130313,47.18,47.30,47.11,47.26,20000,45.60
20130312,47.29,47.36,47.08,47.23,17600,45.57
20130311,47.07,47.28,46.99,47.28,27200,45.62
20130308,47.18,47.18,46.93,47.11,112700,45.46
20130307,46.93,47.03,46.91,46.97,37300,45.32
20130306,46.82,46.95,46.70,46.85,28300,45.20
20130305,46.52,46.82,46.52,46.65,43200,45.01
20130304,46.01,46.31,45.93,46.31,37500,44.68
20130301,45.70,46.15,45.61,46.04,72800,44.42
20130228,46.03,46.27,45.89,45.89,37200,44.28
20130227,45.43,46.11,45.43,46.05,26900,44.43
20130226,45.36,45.46,45.10,45.46,25600,43.86
20130225,46.23,46.35,45.17,45.19,68600,43.60
20130222,45.88,46.07,45.81,46.07,21300,44.45
20130221,45.80,45.80,45.54,45.67,28100,44.07
20130220,46.46,46.46,45.92,45.93,35800,44.32
20130219,46.05,46.46,46.05,46.45,72200,44.82
20130215,46.21,46.21,45.86,46.02,28700,44.40
20130214,45.90,46.14,45.90,46.11,28000,44.49
20130213,46.12,46.17,45.96,46.08,18200,44.46
20130212,45.87,46.08,45.80,46.03,40000,44.41
20130211,45.75,45.84,45.70,45.82,30200,44.21
20130208,45.68,45.79,45.67,45.75,34200,44.14
20130207,45.79,45.82,45.39,45.61,29200,44.01
20130206,45.54,45.76,45.53,45.75,100900,44.14
20130205,45.52,45.86,45.52,45.72,42600,44.11
20130204,45.44,45.50,45.27,45.31,58700,43.72
20130201,45.57,45.80,45.48,45.76,40500,44.15
20130131,45.32,45.45,45.29,45.35,34900,43.76
20130130,45.63,45.67,45.40,45.44,70100,43.84
20130129,45.24,45.68,45.20,45.65,77700,44.05
20130128,45.41,45.41,45.14,45.25,43400,43.66
20130125,45.25,45.32,45.08,45.32,44600,43.73
20130124,44.98,45.24,44.98,45.04,48700,43.46
20130123,44.80,44.88,44.69,44.86,44800,43.28
20130122,44.60,44.85,44.53,44.84,44300,43.27
20130118,44.50,44.63,44.38,44.63,53900,43.06
20130117,44.39,44.62,44.34,44.50,33100,42.94
20130116,44.18,44.30,44.17,44.26,52200,42.71
20130115,44.04,44.33,44.04,44.33,31800,42.77
20130114,44.18,44.20,44.05,44.18,63400,42.63
20130111,44.17,44.19,44.01,44.16,37700,42.61
20130110,44.02,44.22,43.90,44.17,41400,42.62
20130109,43.78,43.92,43.69,43.80,156800,42.26
20130108,43.76,43.79,43.56,43.69,46900,42.16
20130107,43.85,43.94,43.68,43.84,27300,42.30
20130104,43.80,44.04,43.79,44.00,71300,42.45
20130103,43.76,43.84,43.60,43.71,57800,42.18
20130102,43.77,43.78,43.37,43.78,159200,42.24
20121231,41.95,42.67,41.90,42.67,75400,41.17
20121228,42.25,42.42,42.02,42.02,149700,40.54
20121227,42.67,42.72,42.03,42.53,32200,41.04
20121226,42.77,42.84,42.55,42.65,168400,41.15
20121224,42.75,42.77,42.66,42.70,37500,41.20
20121221,42.68,42.98,42.65,42.89,56100,41.38
20121220,43.02,43.32,42.95,43.32,57600,41.80
20121219,43.76,43.76,43.35,43.36,61300,41.50
20121218,43.25,43.74,43.23,43.70,64100,41.83
20121217,42.84,43.23,42.84,43.23,45200,41.38
20121214,42.74,42.85,42.69,42.77,23900,40.94
20121213,43.08,43.14,42.76,42.84,31900,41.00
20121212,43.14,43.39,43.08,43.11,25100,41.26
20121211,42.85,43.14,42.85,42.98,66700,41.14
20121210,42.62,42.77,42.61,42.70,49100,40.87
20121207,42.59,42.69,42.43,42.69,203300,40.86
20121206,42.39,42.44,42.25,42.43,32800,40.61
20121205,42.03,42.47,41.94,42.33,139900,40.52
20121204,42.10,42.14,41.92,41.97,387800,40.17
20121203,42.44,42.45,41.97,42.02,48200,40.22
20121130,42.26,42.32,42.10,42.25,48300,40.44
20121129,42.19,42.28,42.01,42.21,36800,40.40
20121128,41.49,42.08,41.34,42.08,40500,40.28
20121127,41.94,42.19,41.72,41.75,25100,39.96
20121126,41.88,42.00,41.77,42.00,24200,40.20
20121123,41.79,42.12,41.75,42.12,28700,40.32
20121121,41.56,41.59,41.49,41.58,45400,39.80
20121120,41.41,41.52,41.28,41.52,43400,39.74
20121119,41.19,41.45,41.19,41.38,32700,39.61
20121116,40.60,40.79,40.32,40.79,45400,39.04
20121115,40.77,40.81,40.42,40.59,77500,38.85
20121114,41.31,41.31,40.62,40.70,27700,38.96
20121113,41.31,41.69,41.23,41.26,56300,39.49
20121112,41.60,41.62,41.44,41.48,27200,39.70
20121109,41.24,41.78,41.22,41.45,19800,39.67
20121108,41.92,42.06,41.48,41.48,39600,39.70
20121107,42.58,42.58,41.73,41.92,44200,40.12
20121106,42.80,43.13,42.78,42.96,38700,41.12
20121105,42.57,42.71,42.43,42.63,32000,40.80
20121102,43.20,43.20,42.60,42.65,27400,40.82
20121101,42.67,43.03,42.67,43.00,44000,41.16
20121031,42.81,42.84,42.47,42.61,106800,40.78
20121026,42.61,42.72,42.40,42.58,39700,40.76
20121025,42.79,42.91,42.45,42.67,51400,40.84
20121024,42.61,42.71,42.43,42.47,102700,40.65
20121023,42.65,42.73,42.41,42.59,41400,40.77
20121022,43.16,43.29,42.90,43.24,25700,41.39
20121019,43.90,43.90,43.24,43.35,31500,41.49
20121018,43.78,44.09,43.78,43.99,52700,42.11
20121017,43.58,43.91,43.58,43.85,52100,41.97
20121016,43.31,43.52,43.31,43.52,38800,41.66
20121015,42.81,43.11,42.76,43.09,63000,41.24
20121012,42.97,43.06,42.69,42.73,15800,40.90
20121011,43.22,43.27,42.99,43.03,27700,41.19
20121010,43.23,43.23,42.92,42.97,29900,41.13
20121009,43.57,43.62,43.30,43.31,20500,41.45
20121008,43.52,43.62,43.47,43.58,25500,41.71
20121005,43.89,43.91,43.60,43.69,17900,41.82
20121004,43.36,43.60,43.36,43.52,5300,41.66
20121003,43.14,43.30,42.97,43.21,13900,41.36
20121002,43.21,43.23,42.90,43.08,29800,41.23
20121001,43.04,43.35,43.00,43.03,40200,41.19
20120928,42.91,42.99,42.71,42.94,22800,41.10
20120927,42.94,43.15,42.78,43.01,26900,41.17
20120926,42.85,42.89,42.66,42.70,14700,40.87
20120925,43.43,43.49,42.90,42.90,17200,41.06
20120924,43.07,43.37,43.07,43.27,25300,41.42
20120921,43.69,43.75,43.55,43.55,28900,41.39
20120920,43.27,43.59,43.20,43.57,15000,41.41
20120919,43.54,43.65,43.44,43.47,22800,41.32
20120918,43.37,43.49,43.32,43.41,13700,41.26
20120917,43.58,43.67,43.42,43.49,15600,41.34
20120914,43.66,44.00,43.59,43.75,64800,41.58
20120913,42.90,43.72,42.86,43.66,37300,41.50
20120912,42.97,43.00,42.83,42.89,19700,40.77
20120911,42.72,42.88,42.70,42.81,27700,40.69
20120910,42.80,42.88,42.65,42.65,16000,40.54
20120907,42.74,42.85,42.71,42.85,13600,40.73
20120906,42.24,42.62,42.21,42.58,20800,40.47
20120905,41.77,41.84,41.71,41.75,27100,39.68
20120904,41.79,41.85,41.57,41.74,13100,39.67
20120831,41.94,41.98,41.70,41.82,21500,39.75
20120830,41.71,41.71,41.51,41.63,17300,39.57
20120829,41.85,41.99,41.81,41.88,12900,39.81
20120828,41.78,41.98,41.78,41.88,15200,39.81
20120827,41.95,42.03,41.84,41.84,22300,39.77
20120824,41.53,41.97,41.53,41.89,13900,39.81
20120823,41.92,41.92,41.60,41.65,9100,39.59
20120822,41.96,42.04,41.78,41.99,24700,39.91
20120821,42.28,42.43,42.00,42.03,12300,39.95
20120820,42.11,42.17,42.01,42.16,17900,40.07
20120817,42.19,42.19,42.06,42.11,22700,40.02
20120816,42.02,42.20,41.93,42.10,14700,40.01
20120815,41.84,42.04,41.84,41.94,20200,39.86
20120814,42.15,42.15,41.85,41.93,30600,39.85
20120813,41.96,42.03,41.83,41.97,20500,39.89
20120810,41.80,42.02,41.70,42.02,47000,39.94
20120809,41.87,42.05,41.83,41.99,10500,39.91
20120808,41.64,41.94,41.64,41.89,10500,39.81
20120807,41.87,41.97,41.83,41.83,18000,39.76
20120806,41.76,41.88,41.67,41.73,24300,39.66
20120803,41.41,41.69,41.41,41.59,30700,39.53
20120802,40.91,41.04,40.55,40.84,20100,38.82
20120801,41.45,41.52,41.23,41.39,30800,39.34
20120731,41.43,41.53,41.34,41.34,13400,39.29
20120730,41.45,41.57,41.34,41.42,11600,39.37
20120727,41.02,41.58,40.93,41.47,13600,39.42
20120726,40.59,40.83,40.54,40.79,9600,38.77
20120725,40.28,40.28,39.98,40.12,5900,38.13
20120724,40.47,40.47,39.78,40.08,29200,38.09
20120723,40.16,40.49,40.08,40.42,43200,38.42
20120720,40.86,40.87,40.71,40.72,12900,38.70
20120719,41.18,41.19,40.98,41.10,11500,39.06
20120718,40.85,41.25,40.85,41.23,36700,39.19
20120717,40.75,41.07,40.44,41.01,21400,38.98
20120716,40.62,40.74,40.49,40.67,35500,38.66
20120713,40.34,40.71,40.34,40.71,25500,38.69
20120712,39.95,40.16,39.83,40.10,29800,38.11
20120711,40.06,40.25,39.97,40.13,28700,38.14
20120710,40.49,40.55,39.92,40.08,19700,38.09
20120709,40.39,40.39,40.15,40.35,10400,38.35
20120706,40.31,40.46,40.27,40.42,34900,38.42
20120705,40.91,40.91,40.70,40.80,34100,38.78
20120703,40.86,41.07,40.80,40.98,12100,38.95
20120702,40.82,40.86,40.56,40.86,22600,38.84
20120629,40.59,40.76,40.46,40.76,44100,38.74
20120628,39.62,39.83,39.37,39.83,38800,37.86
20120627,39.63,39.91,39.62,39.83,17900,37.86
20120626,39.34,39.57,39.22,39.56,11000,37.60
20120625,39.43,39.43,39.14,39.25,23100,37.31
20120622,40.18,40.25,40.04,40.21,17900,37.95
20120621,40.76,40.85,39.90,39.90,52000,37.65
20120620,40.78,40.83,40.52,40.70,43800,38.41
20120619,40.56,40.90,40.56,40.79,10800,38.49
20120618,40.30,40.43,40.20,40.35,10400,38.08
20120615,40.30,40.47,40.20,40.47,30100,38.19
20120614,39.65,40.15,39.62,40.15,11900,37.89
20120613,39.63,39.90,39.50,39.57,24500,37.34
20120612,39.36,39.69,39.26,39.69,20400,37.46
20120611,40.03,40.04,39.22,39.22,15000,37.01
20120608,39.31,39.70,39.17,39.70,15400,37.46
20120607,39.74,39.74,39.37,39.37,88600,37.15
20120606,38.66,39.30,38.66,39.30,22900,37.09
20120605,38.07,38.44,38.00,38.39,44300,36.23
20120604,38.33,38.33,37.89,38.19,33800,36.04
20120601,38.51,38.60,38.20,38.22,57300,36.07
20120531,39.13,39.31,38.77,39.12,54900,36.92
20120530,39.35,39.37,39.09,39.11,20300,36.91
20120529,39.52,39.67,39.46,39.66,15500,37.43
20120525,39.39,39.52,39.20,39.30,7800,37.09
20120524,39.36,39.42,39.08,39.33,32000,37.12
20120523,39.00,39.20,38.60,39.20,40000,36.99
20120522,39.26,39.58,39.17,39.17,24900,36.96
20120521,38.93,39.19,38.87,39.18,19200,36.97
20120518,39.36,39.36,38.81,38.89,20200,36.70
20120517,39.57,39.57,39.16,39.20,14200,36.99
20120516,39.85,40.03,39.60,39.65,48700,37.42
20120515,39.93,40.05,39.67,39.69,33000,37.46
20120514,40.01,40.17,39.86,39.95,30500,37.70
20120511,40.32,40.75,40.32,40.43,22000,38.15
20120510,40.75,40.78,40.57,40.57,34800,38.29
20120509,40.24,40.57,40.13,40.39,21600,38.12
20120508,40.58,40.73,40.36,40.70,12300,38.41
20120507,40.57,40.91,40.57,40.88,15000,38.58
20120504,41.14,41.16,40.75,40.79,42100,38.49
20120503,41.55,41.63,41.29,41.34,19000,39.01
20120502,41.60,41.66,41.47,41.59,8800,39.25
20120501,41.53,42.05,41.53,41.85,27700,39.49
20120430,41.55,41.55,41.39,41.39,8900,39.06
20120427,41.73,41.73,41.51,41.63,10500,39.29
20120426,41.15,41.63,41.15,41.62,23300,39.28
20120425,41.25,41.37,41.16,41.29,19000,38.97
20120424,40.75,41.05,40.75,41.02,34500,38.71
20120423,40.51,40.74,40.49,40.68,16300,38.39
20120420,41.05,41.15,40.97,40.97,29200,38.66
20120419,41.07,41.14,40.74,40.91,18700,38.61
20120418,41.00,41.12,40.99,41.02,44000,38.71
20120417,40.98,41.27,40.90,41.24,19100,38.92
20120416,40.69,40.83,40.52,40.69,24200,38.40
20120413,40.88,40.88,40.46,40.46,26100,38.18
20120412,40.58,41.02,40.58,41.02,41800,38.71
20120411,40.57,40.64,40.46,40.52,29100,38.24
20120410,40.79,40.82,40.18,40.22,18000,37.96
20120409,40.84,41.00,40.77,40.90,27000,38.60
20120405,41.33,41.48,41.24,41.35,18200,39.02
20120404,41.56,41.61,41.40,41.50,46300,39.16
20120403,42.01,42.08,41.69,41.89,27000,39.53
20120402,41.87,42.27,41.82,42.14,21600,39.77
20120330,41.90,41.95,41.68,41.92,63000,39.56
20120329,41.51,41.73,41.33,41.73,19400,39.38
20120328,41.94,41.99,41.58,41.77,24900,39.42
20120327,42.23,42.27,41.96,41.96,24600,39.60
20120326,41.95,42.17,41.94,42.17,16400,39.80
20120323,41.72,41.91,41.59,41.90,27900,39.30
20120322,41.66,41.78,41.61,41.61,13800,39.03
20120321,42.13,42.22,41.97,42.04,14100,39.43
20120320,41.97,42.21,41.97,42.16,23500,39.54
20120319,42.09,42.42,42.09,42.22,22400,39.60
20120316,42.15,42.19,42.07,42.11,18700,39.49
20120315,41.86,42.10,41.79,42.06,18300,39.45
20120314,41.88,41.97,41.69,41.77,19500,39.18
20120313,41.29,41.93,41.28,41.93,69000,39.33
20120312,41.03,41.12,40.94,41.08,19300,38.53
20120309,41.01,41.17,40.93,40.99,61000,38.44
20120308,40.82,40.99,40.79,40.89,22400,38.35
20120307,40.40,40.63,40.34,40.60,12500,38.08
20120306,40.50,40.55,40.20,40.27,19900,37.77
20120305,40.94,41.01,40.79,40.98,28800,38.43
20120302,41.12,41.17,41.02,41.09,7600,38.54
20120301,40.99,41.23,40.99,41.16,31000,38.60
20120229,41.17,41.31,40.86,40.89,20900,38.35
20120228,41.04,41.15,40.93,41.11,8000,38.56
20120227,40.64,41.08,40.57,41.04,54500,38.49
20120224,40.97,40.97,40.81,40.84,36500,38.30
20120223,40.68,40.89,40.50,40.87,16700,38.33
20120222,40.80,40.90,40.67,40.67,20300,38.14
20120221,40.96,41.04,40.82,40.92,61000,38.38
20120217,40.88,40.90,40.78,40.89,51400,38.35
20120216,40.18,40.71,40.18,40.67,33800,38.14
20120215,40.47,40.48,40.10,40.16,28800,37.67
20120214,40.36,40.39,40.14,40.35,25700,37.84
20120213,40.47,40.51,40.39,40.43,25600,37.92
20120210,40.20,40.20,40.07,40.20,20900,37.70
20120209,40.63,40.64,40.43,40.54,18200,38.02
20120208,40.50,40.58,40.32,40.57,20500,38.05
20120207,40.27,40.48,40.11,40.46,20300,37.95
20120206,40.19,40.36,40.13,40.36,26500,37.85
20120203,40.20,40.36,40.11,40.36,18400,37.85
20120202,39.83,39.84,39.66,39.76,35000,37.29
20120201,39.67,39.93,39.66,39.69,92700,37.22
20120131,39.63,39.63,39.24,39.36,36500,36.92
20120130,39.28,39.44,39.10,39.43,51900,36.98
20120127,39.52,39.70,39.46,39.65,36000,37.19
20120126,40.04,40.13,39.60,39.66,15700,37.20
20120125,39.63,40.01,39.47,39.96,30500,37.48
20120124,39.70,39.83,39.60,39.83,19700,37.36
20120123,39.96,40.16,39.84,39.97,39400,37.49
20120120,39.78,39.93,39.71,39.92,28400,37.44
20120119,39.83,39.86,39.62,39.84,32100,37.37
20120118,39.24,39.70,39.21,39.65,40000,37.19
20120117,39.48,39.65,39.20,39.27,63800,36.83
20120113,39.10,39.22,38.84,39.22,25400,36.78
20120112,39.48,39.50,39.16,39.40,39400,36.95
20120111,39.16,39.37,39.11,39.37,10200,36.92
20120110,39.34,39.40,39.24,39.31,18400,36.87
20120109,38.88,39.00,38.74,38.94,21700,36.52
20120106,38.99,38.99,38.70,38.76,169600,36.35
20120105,38.58,38.97,38.45,38.90,31900,36.48
20120104,38.73,38.83,38.56,38.82,19700,36.41
20120103,38.73,38.95,38.73,38.80,62900,36.39
20111230,38.31,38.35,38.17,38.17,21100,35.80
20111229,38.08,38.38,38.07,38.32,36200,35.94
20111228,38.42,38.42,37.92,37.94,30100,35.58
20111227,38.39,38.54,38.32,38.42,23800,36.03
20111223,38.19,38.46,38.19,38.43,38600,36.04
20111222,37.72,38.15,37.72,38.12,58400,35.75
20111221,37.40,37.71,37.29,37.62,15900,35.28
20111220,37.21,37.76,37.21,37.69,69200,35.05
20111219,37.16,37.22,36.51,36.62,26900,34.05
20111216,37.22,37.33,37.00,37.08,32600,34.48
20111215,37.14,37.23,36.95,37.01,25300,34.41
20111214,36.85,37.10,36.73,36.78,29200,34.20
20111213,37.52,37.72,36.89,37.04,18500,34.44
20111212,37.51,37.51,36.99,37.28,12700,34.66
20111209,37.39,37.99,37.39,37.87,27000,35.21
20111208,37.98,37.98,37.19,37.24,40800,34.63
20111207,37.77,38.34,37.67,38.20,43600,35.52
20111206,37.83,38.22,37.81,38.00,15900,35.33
20111205,37.97,38.11,37.57,37.80,44100,35.15
20111202,37.66,37.85,37.39,37.48,30200,34.85
20111201,37.37,37.46,37.22,37.34,40400,34.72
20111130,36.87,37.49,36.78,37.49,21900,34.86
20111129,35.72,36.06,35.65,35.85,237900,33.34
20111128,35.75,35.83,35.44,35.61,11100,33.11
20111125,34.73,35.15,34.73,34.82,13500,32.38
20111123,35.27,35.27,34.79,34.79,24400,32.35
20111122,35.80,35.87,35.52,35.62,54300,33.12
20111121,36.04,36.04,35.62,35.83,24600,33.32
20111118,36.68,36.73,36.47,36.62,12300,34.05
20111117,36.95,37.12,36.35,36.40,93000,33.85
20111116,37.35,37.69,37.01,37.04,49500,34.44
20111115,37.49,37.92,37.39,37.69,29900,35.05
20111114,37.86,37.86,37.44,37.62,55300,34.98
20111111,37.89,38.18,37.89,38.03,17200,35.36
20111110,37.36,37.54,37.11,37.37,29800,34.75
20111109,37.48,37.65,36.91,37.00,39000,34.40
20111108,38.00,38.43,37.77,38.35,52600,35.66
20111107,37.60,37.87,37.35,37.87,8900,35.21
20111104,37.51,37.59,37.19,37.56,11200,34.93
20111103,37.66,37.85,37.25,37.83,16600,35.18
20111102,37.26,37.32,36.91,37.23,32500,34.62
20111101,36.70,37.08,36.49,36.63,50100,34.06
20111031,38.38,38.39,37.88,37.91,9100,35.25
20111028,38.75,38.86,38.67,38.84,29700,36.12
20111027,38.65,39.07,38.30,38.89,53300,36.16
20111026,37.44,37.58,36.99,37.57,62000,34.93
20111025,37.63,37.63,36.95,36.97,30400,34.38
20111024,37.41,37.86,37.41,37.78,102100,35.13
20111021,37.21,37.44,37.11,37.44,38000,34.81
20111020,36.79,36.86,36.20,36.77,37700,34.19
20111019,37.07,37.16,36.44,36.52,56800,33.96
20111018,35.96,37.02,35.87,36.80,22800,34.22
20111017,36.42,36.48,35.89,35.91,15900,33.39
20111014,36.55,36.65,36.31,36.65,18300,34.08
20111013,36.14,36.24,35.78,36.10,20800,33.57
20111012,36.34,36.79,36.18,36.40,68300,33.85
20111011,35.81,36.06,35.74,35.92,30300,33.40
20111010,35.39,36.00,35.39,36.00,51700,33.47
20111007,35.34,35.36,34.79,34.79,46900,32.35
20111006,34.47,35.15,34.25,35.15,29000,32.68
20111005,34.17,34.57,33.81,34.55,75100,32.13
20111004,33.09,33.99,32.50,33.99,101900,31.61
20111003,34.15,34.51,33.27,33.27,42600,30.94
20110930,34.68,34.95,34.32,34.32,56000,31.91
20110929,35.17,35.36,34.52,35.07,28100,32.61
20110928,35.28,35.46,34.52,34.53,31700,32.11
20110927,35.49,35.79,35.00,35.18,31200,32.71
20110926,34.19,34.82,33.96,34.78,21000,32.34
20110923,33.52,33.98,33.44,33.88,39500,31.50
20110922,34.12,34.29,33.50,33.98,131500,31.34
20110921,36.20,36.21,35.04,35.04,32100,32.32
20110920,36.40,36.65,36.16,36.22,18800,33.41
20110919,36.08,36.28,35.88,36.19,35300,33.38
20110916,36.63,36.76,36.36,36.68,11300,33.83
20110915,36.18,36.48,36.08,36.48,10300,33.65
20110914,35.64,36.20,35.23,35.85,20900,33.06
20110913,35.35,35.51,35.05,35.43,76500,32.68
20110912,34.50,35.23,34.45,35.23,37800,32.49
20110909,35.49,35.49,34.81,34.97,42100,32.25
20110908,36.15,36.43,35.87,35.93,20300,33.14
20110907,35.84,36.36,35.75,36.34,27500,33.52
20110906,34.61,35.30,34.61,35.27,45200,32.53
20110902,35.96,36.01,35.57,35.69,31500,32.92
20110901,37.14,37.20,36.58,36.58,38800,33.74
20110831,37.16,37.32,36.84,37.04,17100,34.16
20110830,36.70,37.04,36.42,36.88,20700,34.01
20110829,36.28,36.84,36.28,36.84,45300,33.98
20110826,35.26,35.95,34.72,35.79,25900,33.01
20110825,36.29,36.49,35.32,35.47,33800,32.71
20110824,35.44,35.94,35.28,35.94,22200,33.15
20110823,34.52,35.40,34.33,35.40,147900,32.65
20110822,35.33,35.33,34.33,34.41,32100,31.74
20110819,34.50,35.28,34.40,34.46,47300,31.78
20110818,35.44,35.49,34.69,34.99,110000,32.27
20110817,36.41,36.77,36.16,36.40,33500,33.57
20110816,36.19,36.43,36.04,36.33,31000,33.51
20110815,36.03,36.56,36.03,36.54,96800,33.70
20110812,36.05,36.13,35.52,35.63,66500,32.86
20110811,34.27,36.00,34.22,35.56,572200,32.80
20110810,35.08,35.20,33.89,33.98,152500,31.34
20110809,34.69,35.58,33.42,35.58,127300,32.82
20110808,35.50,36.04,34.12,34.16,237300,31.51
20110805,37.06,37.16,35.72,36.60,147600,33.76
20110804,37.85,37.85,36.59,36.65,80700,33.80
20110803,38.37,38.42,37.73,38.42,48900,35.43
20110802,38.95,39.05,38.32,38.34,59300,35.36
20110801,39.93,39.93,38.82,39.23,61700,36.18
20110729,39.30,39.62,39.06,39.29,76500,36.24
20110728,39.79,40.04,39.61,39.62,25200,36.54
20110727,40.29,40.29,39.75,39.81,37400,36.72
20110726,40.67,40.72,40.50,40.55,22400,37.40
20110725,40.52,40.89,40.48,40.70,109900,37.54
20110722,41.14,41.14,40.91,40.97,25600,37.79
20110721,40.64,41.16,40.64,41.06,27200,37.87
20110720,40.45,40.54,40.34,40.42,11900,37.28
20110719,40.08,40.35,39.99,40.32,25600,37.19
20110718,40.02,40.03,39.57,39.76,34700,36.67
20110715,40.43,40.43,40.01,40.22,44100,37.09
20110714,40.53,40.67,40.15,40.21,13400,37.09
20110713,40.52,40.80,40.35,40.37,22300,37.23
20110712,40.32,40.59,40.24,40.26,29400,37.13
20110711,40.69,40.69,40.34,40.42,30600,37.28
20110708,41.06,41.12,40.92,41.11,20700,37.92
20110707,41.35,41.55,41.27,41.44,23000,38.22
20110706,41.00,41.05,40.88,41.05,33200,37.86
20110705,41.21,41.21,40.95,41.09,36200,37.90
20110701,40.74,41.26,40.68,41.21,26000,38.01
20110630,40.48,40.70,40.35,40.64,34100,37.48
20110629,40.17,40.35,40.08,40.33,36300,37.20
20110628,39.75,39.90,39.64,39.89,16000,36.79
20110627,39.30,39.68,39.24,39.55,16400,36.48
20110624,39.73,39.73,39.20,39.24,17100,36.19
20110623,39.66,39.92,39.38,39.92,22800,36.60
20110622,40.27,40.43,40.16,40.16,7100,36.82
20110621,40.16,40.46,40.16,40.40,14400,37.04
20110620,39.66,40.01,39.66,39.98,220600,36.65
20110617,39.90,39.99,39.71,39.86,35600,36.54
20110616,39.41,39.77,39.38,39.65,30900,36.35
20110615,39.89,39.90,39.30,39.44,48600,36.16
20110614,40.18,40.32,40.12,40.12,25500,36.78
20110613,39.76,39.88,39.65,39.79,36000,36.48
20110610,39.87,39.87,39.40,39.61,27500,36.31
20110609,39.94,40.25,39.82,40.06,17300,36.73
20110608,39.77,39.96,39.70,39.74,15900,36.43
20110607,40.13,40.19,39.85,39.85,42900,36.53
20110606,40.23,40.23,39.90,39.92,42100,36.60
20110603,40.19,40.58,40.16,40.34,22700,36.98
20110602,40.78,40.86,40.43,40.66,38800,37.28
20110601,41.63,41.63,40.77,40.77,32100,37.38
20110531,41.73,41.73,41.45,41.71,14400,38.24
20110527,41.30,41.42,41.24,41.29,16000,37.85
20110526,40.90,41.19,40.77,41.11,163200,37.69
20110525,40.72,41.17,40.72,41.01,52800,37.60
20110524,41.05,41.10,40.86,40.89,15400,37.49
20110523,40.82,40.99,40.77,40.91,70700,37.50
20110520,41.67,41.67,41.34,41.34,55100,37.90
20110519,41.87,41.89,41.59,41.77,21800,38.29
20110518,41.42,41.72,41.35,41.72,28400,38.25
20110517,41.24,41.39,41.05,41.34,21100,37.90
20110516,41.30,41.69,41.26,41.34,27200,37.90
20110513,41.78,41.78,41.30,41.50,32500,38.05
20110512,41.55,41.84,41.25,41.78,21000,38.30
20110511,42.03,42.03,41.47,41.65,350400,38.18
20110510,41.85,42.16,41.81,42.07,105900,38.57
20110509,41.65,41.82,41.50,41.76,33000,38.28
20110506,41.90,42.00,41.50,41.62,37700,38.16
20110505,41.70,41.80,41.25,41.49,40900,38.04
20110504,42.25,42.25,41.75,41.95,21000,38.46
20110503,42.19,42.32,42.02,42.20,62000,38.69
20110502,42.64,42.64,42.23,42.28,141000,38.76
20110429,42.25,42.37,42.21,42.37,20000,38.84
20110428,42.06,42.24,42.00,42.21,39400,38.70
20110427,41.84,42.12,41.73,42.06,19200,38.56
20110426,41.49,41.81,41.42,41.72,25500,38.25
20110425,41.32,41.37,41.21,41.28,18900,37.84
20110421,41.48,41.48,41.25,41.35,51600,37.91
20110420,41.27,41.32,41.16,41.23,58800,37.80
20110419,40.68,40.76,40.54,40.76,30300,37.37
20110418,40.69,40.69,40.25,40.53,28600,37.16
20110415,40.94,41.15,40.90,41.05,35400,37.63
20110414,40.55,40.93,40.48,40.85,32600,37.45
20110413,41.17,41.17,40.70,40.84,38800,37.44
20110412,41.05,41.07,40.78,40.93,28800,37.52
20110411,41.44,41.57,41.20,41.26,22900,37.83
20110408,41.72,41.72,41.25,41.41,24800,37.96
20110407,41.56,41.67,41.31,41.53,25700,38.07
20110406,41.62,41.62,41.47,41.61,14300,38.15
20110405,41.36,41.58,41.32,41.44,20900,37.99
20110404,41.50,41.50,41.32,41.42,61400,37.97
20110401,41.45,41.53,41.30,41.38,29400,37.94
20110331,41.25,41.29,41.14,41.14,38600,37.72
20110330,41.10,41.40,41.10,41.28,42000,37.84
20110329,40.74,40.95,40.54,40.95,46300,37.54
20110328,40.85,40.99,40.72,40.73,36400,37.34
20110325,40.77,40.95,40.69,40.79,56800,37.39
20110324,40.82,40.92,40.57,40.86,27300,37.27
20110323,40.44,40.65,40.24,40.61,36400,37.04
20110322,40.72,40.74,40.54,40.54,12200,36.97
20110321,40.70,40.74,40.58,40.67,34300,37.09
20110318,40.47,40.48,40.10,40.19,34100,36.65
20110317,39.93,40.00,39.57,39.89,88900,36.38
20110316,40.00,40.04,39.15,39.34,148200,35.88
20110315,39.57,40.29,39.46,40.09,86900,36.56
20110314,40.58,40.63,40.25,40.55,78200,36.98
20110311,40.36,40.94,40.35,40.83,51100,37.24
20110310,41.02,41.02,40.53,40.55,52300,36.98
20110309,41.23,41.46,41.13,41.39,43000,37.75
20110308,41.00,41.47,40.93,41.37,31200,37.73
20110307,41.31,41.39,40.83,40.95,40700,37.35
20110304,41.56,41.56,40.93,41.23,71800,37.60
20110303,41.28,41.57,41.28,41.57,37800,37.91
20110302,40.84,41.04,40.74,40.88,65700,37.28
20110301,41.69,41.69,40.87,40.87,79300,37.28
20110228,41.27,41.51,41.27,41.51,71800,37.86
20110225,41.01,41.18,40.97,41.16,88100,37.54
20110224,40.86,40.94,40.50,40.83,50000,37.24
20110223,41.09,41.16,40.75,40.94,72900,37.34
20110222,41.33,41.62,40.95,41.04,82800,37.43
20110218,41.75,41.75,41.59,41.70,59000,38.03
20110217,41.40,41.63,41.36,41.58,46400,37.92
20110216,41.37,41.47,41.25,41.46,36800,37.81
20110215,41.26,41.26,41.10,41.19,78000,37.57
20110214,41.22,41.37,41.10,41.34,78400,37.70
20110211,40.81,41.25,40.78,41.21,81000,37.59
20110210,40.83,41.03,40.74,40.93,189600,37.33
20110209,40.97,41.03,40.72,40.93,88800,37.33
20110208,40.93,41.08,40.80,41.08,90900,37.47
20110207,40.78,40.98,40.70,40.89,115700,37.29
20110204,40.63,40.63,40.36,40.61,62400,37.04
20110203,40.41,40.62,40.24,40.59,50500,37.02
20110202,40.55,40.61,40.48,40.51,31700,36.95
20110201,40.17,40.66,40.13,40.63,67800,37.06
20110131,39.75,39.90,39.66,39.89,54600,36.38
20110128,40.22,40.25,39.57,39.57,30700,36.09
20110127,40.06,40.18,39.95,40.16,37300,36.63
20110126,40.11,40.16,40.01,40.05,48300,36.53
20110125,39.91,40.01,39.69,39.97,72600,36.45
20110124,39.88,40.00,39.87,39.98,64600,36.46
20110121,39.86,39.92,39.78,39.88,34500,36.37
20110120,39.49,39.61,39.27,39.52,9100,36.04
20110119,39.85,39.85,39.40,39.46,62600,35.99
20110118,39.94,39.96,39.80,39.88,29500,36.37
20110114,39.59,39.91,39.58,39.91,34000,36.40
20110113,39.70,39.70,39.48,39.59,87600,36.11
20110112,39.57,39.73,39.50,39.69,225000,36.20
20110111,39.34,39.38,39.19,39.27,37500,35.82
20110110,39.17,39.20,38.92,39.16,40200,35.72
20110107,39.45,39.45,38.97,39.27,52500,35.82
20110106,39.55,39.55,39.25,39.36,90200,35.90
20110105,39.18,39.50,39.15,39.47,26500,36.00
20110104,39.34,39.34,39.01,39.27,876800,35.82
20110103,39.01,39.29,39.01,39.18,19500,35.73
20101231,38.56,38.76,38.56,38.72,52900,35.31
20101230,38.78,38.81,38.62,38.67,55800,35.27
20101229,38.86,38.86,38.75,38.75,34000,35.34
20101228,38.70,38.79,38.67,38.76,25300,35.35
20101227,38.51,38.67,38.51,38.67,12000,35.27
20101223,38.67,38.67,38.54,38.60,29700,35.20
20101222,38.51,38.66,38.45,38.66,47000,35.26
20101221,38.58,38.73,38.55,38.70,34200,35.06
20101220,38.59,38.59,38.30,38.42,39100,34.80
20101217,38.27,38.32,38.14,38.30,18900,34.69
20101216,38.14,38.30,38.06,38.26,19900,34.66
20101215,38.21,38.29,38.06,38.07,20400,34.49
20101214,38.30,38.41,38.15,38.27,47400,34.67
20101213,38.27,38.36,38.20,38.20,21200,34.60
20101210,37.92,38.15,37.92,38.12,44900,34.53
20101209,37.86,37.91,37.67,37.85,44300,34.29
20101208,37.52,37.67,37.40,37.67,9500,34.12
20101207,37.68,37.71,37.43,37.46,16000,33.93
20101206,37.26,37.46,37.26,37.39,24200,33.87
20101203,37.24,37.45,37.17,37.44,19800,33.92
20101202,36.88,37.39,36.88,37.39,16500,33.87
20101201,36.62,36.86,36.58,36.79,9600,33.33
20101130,35.96,36.24,35.96,36.05,28800,32.66
20101129,36.03,36.32,35.84,36.29,26000,32.87
20101126,36.29,36.37,36.19,36.25,13200,32.84
20101124,36.25,36.58,36.25,36.58,50100,33.14
20101123,36.28,36.28,36.07,36.13,25000,32.73
20101122,36.76,36.76,36.31,36.67,34300,33.22
20101119,36.87,36.87,36.61,36.85,31100,33.38
20101118,36.66,36.93,36.66,36.85,8000,33.38
20101117,36.46,36.46,36.28,36.36,17900,32.94
20101116,36.78,36.78,36.21,36.42,30600,32.99
20101115,37.10,37.29,36.96,36.98,22100,33.50
20101112,37.10,37.18,36.83,36.92,10400,33.44
20101111,37.16,37.37,37.16,37.33,29000,33.82
20101110,37.24,37.39,36.96,37.39,16800,33.87
20101109,37.69,37.69,37.20,37.27,26100,33.76
20101108,37.59,37.60,37.39,37.56,17900,34.02
20101105,37.52,37.72,37.46,37.70,191500,34.15
20101104,37.04,37.46,37.04,37.46,63800,33.93
20101103,36.61,36.70,36.38,36.70,19800,33.25
20101102,36.51,36.55,36.44,36.50,24100,33.06
20101101,36.60,36.64,36.17,36.29,76400,32.87
20101029,36.33,36.36,36.20,36.36,18000,32.94
20101028,36.59,36.59,36.21,36.39,11200,32.96
20101027,36.23,36.33,36.01,36.32,22000,32.90
20101026,36.37,36.45,36.32,36.41,13700,32.98
20101025,36.71,36.77,36.41,36.41,48300,32.98
20101022,36.42,36.47,36.31,36.41,16600,32.98
20101021,36.60,36.71,36.19,36.43,21000,33.00
20101020,36.13,36.52,36.03,36.42,26400,32.99
20101019,36.15,36.35,35.85,36.02,34500,32.63
20101018,36.24,36.55,36.20,36.55,12100,33.11
20101015,36.63,36.63,36.00,36.18,51800,32.77
20101014,36.54,36.56,36.23,36.40,32700,32.97
20101013,36.70,36.79,36.55,36.62,30000,33.17
20101012,36.04,36.54,36.04,36.46,17500,33.03
20101011,36.30,36.38,36.24,36.29,14200,32.87
20101008,36.26,36.37,36.13,36.30,17600,32.88
20101007,36.39,36.39,36.00,36.19,13200,32.78
20101006,36.18,36.26,36.09,36.17,43600,32.77
20101005,35.77,36.19,35.77,36.16,85400,32.76
20101004,35.71,35.74,35.29,35.38,41300,32.05
20101001,35.72,35.74,35.52,35.68,46800,32.32
20100930,35.75,35.84,35.32,35.40,41000,32.07
20100929,35.53,35.65,35.38,35.50,19300,32.16
20100928,35.56,35.72,35.34,35.70,22900,32.34
20100927,35.59,35.69,35.48,35.50,13800,32.16
20100924,35.46,35.72,35.46,35.72,17300,32.36
20100923,35.39,35.67,35.24,35.30,21600,31.75
20100922,35.88,36.01,35.68,35.72,28500,32.13
20100921,36.09,36.19,35.75,35.90,43800,32.29
20100920,35.62,36.07,35.54,36.01,18000,32.39
20100917,35.70,35.71,35.42,35.45,27400,31.89
20100916,35.39,35.50,35.33,35.48,47800,31.92
20100915,35.39,35.60,35.26,35.56,25900,31.99
20100914,35.53,35.63,35.36,35.50,31700,31.93
20100913,35.61,35.61,35.40,35.56,72000,31.99
20100910,35.09,35.21,35.03,35.19,11000,31.66
20100909,35.08,35.17,34.95,35.01,22900,31.49
20100908,34.55,34.86,34.55,34.72,28600,31.23
20100907,34.76,34.76,34.45,34.47,30400,31.01
20100903,34.85,34.95,34.67,34.89,26800,31.39
20100902,34.36,34.50,34.27,34.49,31000,31.03
20100901,33.65,34.27,33.65,34.27,17100,30.83
20100831,33.05,33.37,32.92,33.22,26400,29.88
20100830,33.61,33.61,33.18,33.18,35400,29.85
20100827,33.30,33.69,33.01,33.67,19600,30.29
20100826,33.49,33.51,33.05,33.12,25400,29.79
20100825,33.11,33.41,32.87,33.34,86900,29.99
20100824,33.38,33.47,33.10,33.30,19300,29.96
20100823,33.87,34.05,33.68,33.70,23700,30.31
20100820,33.85,33.85,33.58,33.77,53000,30.38
20100819,34.41,34.41,33.78,33.94,41000,30.53
20100818,34.40,34.70,34.36,34.57,9800,31.10
20100817,34.47,34.75,34.34,34.50,27900,31.03
20100816,34.01,34.23,33.94,34.17,126100,30.74
20100813,34.30,34.40,34.16,34.16,17500,30.73
20100812,34.04,34.43,33.97,34.34,17000,30.89
20100811,34.71,34.71,34.39,34.43,10200,30.97
20100810,35.26,35.51,35.09,35.37,30100,31.82
20100809,35.60,35.60,35.33,35.52,43800,31.95
20100806,35.23,35.35,34.97,35.34,23500,31.79
20100805,35.30,35.52,35.30,35.52,10500,31.95
20100804,35.47,35.55,35.34,35.55,31700,31.98
20100803,35.42,35.49,35.24,35.28,21600,31.74
20100802,35.33,35.51,35.14,35.49,42200,31.93
20100730,34.39,34.81,34.39,34.80,19500,31.30
20100729,34.97,35.05,34.48,34.67,17000,31.19
20100728,35.01,35.01,34.72,34.79,17300,31.30
20100727,35.21,35.22,34.90,35.05,31300,31.53
20100726,34.64,34.98,34.53,34.98,268800,31.47
20100723,34.27,34.53,34.18,34.48,9700,31.02
20100722,34.10,34.34,34.08,34.27,33700,30.83
20100721,34.21,34.21,33.40,33.56,51600,30.19
20100720,33.26,33.97,33.20,33.97,13400,30.56
20100719,33.59,33.72,33.42,33.65,12300,30.27
20100716,34.30,34.31,33.48,33.54,23300,30.17
20100715,34.51,34.58,34.06,34.58,221600,31.11
20100714,34.45,34.52,34.24,34.44,235300,30.98
20100713,34.46,34.64,34.41,34.54,33600,31.07
20100712,33.91,34.02,33.76,34.02,13700,30.60
20100709,33.76,34.04,33.71,34.04,12900,30.62
20100708,33.81,33.83,33.47,33.69,30700,30.31
20100707,32.56,33.45,32.55,33.41,12300,30.05
20100706,32.56,32.77,32.19,32.46,18500,29.20
20100702,32.51,32.51,32.07,32.21,29400,28.97
20100701,32.61,32.62,31.90,32.33,48300,29.08
20100630,32.84,33.01,32.50,32.57,27500,29.30
20100629,33.31,33.31,32.68,32.88,51900,29.58
20100628,33.85,33.93,33.79,33.81,27700,30.41
20100625,33.77,34.05,33.62,33.93,131500,30.52
20100624,34.12,34.12,33.67,33.71,20700,30.32
20100623,34.69,34.69,34.38,34.49,14700,30.84
20100622,35.21,35.27,34.61,34.65,21500,30.98
20100621,35.76,35.76,35.04,35.17,26600,31.45
20100618,35.22,35.33,35.16,35.31,21300,31.57
20100617,35.17,35.24,34.93,35.21,18300,31.48
20100616,35.00,35.26,34.96,35.16,195900,31.44
20100615,34.67,35.15,34.66,35.13,13600,31.41
20100614,34.75,34.85,34.39,34.42,33400,30.78
20100611,34.19,34.55,34.14,34.53,11900,30.87
20100610,34.11,34.41,34.01,34.39,17100,30.75
20100609,33.77,34.08,33.34,33.49,19500,29.94
20100608,33.25,33.70,33.02,33.68,39400,30.11
20100607,33.66,33.72,33.17,33.17,36700,29.66
20100604,34.14,34.20,33.44,33.66,220600,30.10
20100603,34.81,34.87,34.48,34.75,16500,31.07
20100602,34.00,34.68,33.97,34.68,20700,31.01
20100601,34.04,34.53,33.88,33.88,345800,30.29
20100528,34.87,34.87,34.41,34.41,32500,30.77
20100527,34.42,34.84,34.29,34.84,33700,31.15
20100526,34.16,34.33,33.72,33.72,61100,30.15
20100525,33.07,33.88,32.95,33.88,83700,30.29
20100524,34.29,34.40,33.83,33.83,31400,30.25
20100521,33.46,34.43,33.16,34.43,58300,30.78
20100520,34.49,34.60,33.91,33.91,105000,30.32
20100519,35.18,35.46,34.84,35.24,30600,31.51
20100518,36.24,36.26,35.33,35.46,30400,31.71
20100517,35.95,35.95,35.35,35.92,53300,32.12
20100514,36.18,36.28,35.59,35.86,35300,32.06
20100513,36.82,36.89,36.55,36.55,22400,32.68
20100512,36.57,36.93,36.57,36.91,15900,33.00
20100511,36.31,36.95,36.31,36.60,101200,32.73
20100510,36.17,36.81,36.17,36.63,68800,32.75
20100507,35.42,35.83,34.98,35.17,112800,31.45
20100506,36.66,37.98,31.36,35.59,100100,31.82
20100505,36.70,37.06,36.59,36.83,34800,32.93
20100504,37.47,37.50,36.89,37.07,44000,33.15
20100503,37.60,37.96,37.53,37.88,17800,33.87
20100430,37.97,37.99,37.38,37.38,20800,33.42
20100429,37.74,38.00,37.73,37.94,13200,33.92
20100428,37.24,37.52,37.15,37.34,87300,33.39
20100427,37.67,37.91,37.01,37.10,54200,33.17
20100426,38.08,38.19,37.94,37.95,29700,33.93
20100423,37.85,38.13,37.71,38.13,17100,34.09
20100422,37.69,37.93,37.49,37.92,22300,33.91
20100421,38.11,38.13,37.69,37.90,19800,33.89
20100420,37.92,38.09,37.90,38.01,24100,33.99
20100419,37.40,37.68,37.30,37.63,18500,33.65
20100416,38.09,38.09,37.45,37.53,19500,33.56
20100415,38.10,38.27,38.10,38.18,16200,34.14
20100414,37.95,38.20,37.87,38.20,14500,34.16
20100413,37.70,37.80,37.59,37.76,11400,33.76
20100412,37.81,37.82,37.73,37.73,14400,33.74
20100409,37.55,37.69,37.50,37.69,18400,33.70
20100408,37.20,37.49,37.20,37.44,9500,33.48
20100407,37.47,37.50,37.19,37.28,42300,33.33
20100406,37.29,37.57,37.29,37.48,12900,33.51
20100405,37.32,37.45,37.23,37.44,37800,33.48
20100401,37.20,37.23,36.98,37.08,20600,33.15
20100331,36.80,36.99,36.79,36.89,30400,32.98
20100330,37.00,37.06,36.81,36.90,27200,32.99
20100329,36.85,36.98,36.83,36.95,10200,33.04
20100326,36.75,36.92,36.63,36.69,19400,32.81
20100325,37.04,37.14,36.71,36.71,11600,32.82
20100324,37.02,37.11,36.96,37.00,26000,32.90
20100323,36.93,37.14,36.84,37.13,63700,33.02
20100322,36.44,36.86,36.44,36.82,12700,32.74
20100319,36.72,37.00,36.58,36.72,25100,32.65
20100318,36.89,36.89,36.66,36.83,12000,32.75
20100317,36.78,36.94,36.72,36.86,22200,32.78
20100316,36.43,36.64,36.33,36.64,11900,32.58
20100315,36.21,36.29,36.00,36.28,23200,32.26
20100312,36.50,36.50,36.20,36.24,12100,32.23
20100311,36.13,36.34,36.09,36.34,12900,32.32
20100310,36.08,36.28,36.04,36.21,20600,32.20
20100309,35.93,36.17,35.93,36.04,24900,32.05
20100308,35.98,36.01,35.94,35.95,20000,31.97
20100305,35.66,35.96,35.59,35.94,26900,31.96
20100304,35.41,35.46,35.30,35.46,45200,31.53
20100303,35.45,35.56,35.28,35.32,13100,31.41
20100302,35.33,35.48,35.28,35.31,13700,31.40
20100301,35.11,35.25,35.05,35.23,15500,31.33
20100226,34.95,35.04,34.84,34.96,16300,31.09
20100225,34.52,34.94,34.43,34.94,44100,31.07
20100224,34.79,35.04,34.70,35.01,85800,31.13
20100223,34.95,35.14,34.64,34.69,32800,30.85
20100222,35.22,35.23,35.04,35.09,30600,31.21
20100219,34.89,35.16,34.79,35.04,26900,31.16
20100218,34.80,35.01,34.78,34.97,61300,31.10
20100217,34.82,34.82,34.70,34.76,8900,30.91
20100216,34.38,34.65,34.22,34.61,43000,30.78
20100212,33.80,34.00,33.63,33.98,36000,30.22
20100211,33.77,34.16,33.72,34.13,15600,30.35
20100210,33.90,34.03,33.64,33.91,19800,30.16
20100209,33.95,34.19,33.75,33.95,15300,30.19
20100208,33.92,33.97,33.62,33.62,12600,29.90
20100205,33.91,33.97,33.18,33.92,62600,30.16
20100204,34.68,34.68,33.88,33.88,40200,30.13
20100203,35.06,35.13,34.88,34.95,19400,31.08
20100202,34.81,35.25,34.69,35.22,37300,31.32
20100201,34.49,34.72,34.47,34.72,26100,30.88
20100129,34.58,34.85,34.27,34.31,33700,30.51
20100128,34.88,34.88,34.29,34.51,26700,30.69
20100127,34.45,34.76,34.30,34.71,34400,30.87
20100126,34.74,34.90,34.50,34.56,26400,30.73
20100125,34.97,34.97,34.69,34.74,28100,30.89
20100122,35.13,35.29,34.53,34.55,43800,30.73
20100121,36.05,36.07,35.24,35.25,35000,31.35
20100120,36.13,36.13,35.85,36.07,24400,32.08
20100119,35.89,36.37,35.89,36.37,15500,32.34
20100115,36.22,36.22,35.69,35.90,38200,31.93
20100114,36.23,36.34,36.15,36.32,12000,32.30
20100113,36.08,36.31,35.92,36.26,44900,32.25
20100112,36.06,36.11,35.81,35.97,16100,31.99
20100111,36.32,36.33,36.12,36.30,24400,32.28
20100108,35.98,36.14,35.92,36.10,16100,32.10
20100107,35.82,36.14,35.82,36.14,14200,32.14
20100106,35.81,35.97,35.75,35.92,31500,31.94
20100105,35.76,35.83,35.68,35.83,37900,31.86
20100104,35.45,35.75,35.42,35.73,33200,31.77
20091231,35.45,35.49,35.10,35.10,28500,31.21
20091230,35.30,35.42,35.30,35.39,10300,31.47
20091229,35.64,35.65,35.44,35.48,35300,31.55
20091228,35.60,35.60,35.37,35.48,9600,31.55
20091224,35.33,35.45,35.33,35.45,8700,31.53
20091223,35.37,35.37,35.21,35.31,20500,31.40
20091222,35.32,35.39,35.27,35.32,47700,31.41
20091221,35.42,35.71,35.42,35.55,29300,31.33
20091218,35.28,35.28,35.03,35.25,28500,31.06
20091217,35.25,35.35,35.14,35.16,33400,30.98
20091216,35.66,35.72,35.50,35.56,8700,31.34
20091215,35.57,35.67,35.40,35.47,34500,31.26
20091214,35.85,35.89,35.63,35.74,17500,31.49
20091211,35.50,35.65,35.42,35.62,20500,31.39
20091210,35.35,35.51,35.35,35.40,21900,31.20
20091209,35.01,35.25,35.00,35.22,16700,31.04
20091208,35.33,35.33,35.06,35.14,10400,30.97
20091207,35.62,35.72,35.45,35.53,19400,31.31
20091204,35.95,35.95,35.30,35.55,47600,31.33
20091203,35.81,36.01,35.40,35.40,18800,31.20
20091202,35.65,35.87,35.55,35.70,8500,31.46
20091201,35.68,35.76,35.54,35.70,93700,31.46
20091130,35.23,35.36,35.00,35.33,9600,31.13
20091127,34.75,35.33,34.62,35.06,11800,30.90
20091125,35.55,35.75,35.55,35.75,39200,31.50
20091124,35.55,35.64,35.32,35.57,34100,31.34
20091123,35.58,35.76,35.50,35.59,21500,31.36
20091120,35.03,35.13,34.96,35.10,8600,30.93
20091119,35.28,35.28,35.06,35.20,13400,31.02
20091118,35.66,35.69,35.43,35.69,53300,31.45
20091117,35.50,35.61,35.36,35.61,27700,31.38
20091116,35.32,35.74,35.29,35.53,41400,31.31
20091113,34.92,35.18,34.78,35.02,47100,30.86
20091112,35.17,35.36,34.80,34.86,76100,30.72
20091111,35.41,35.51,35.16,35.25,69600,31.06
20091110,35.03,35.18,34.92,35.10,41700,30.93
20091109,34.60,35.08,34.56,35.05,39500,30.89
20091106,33.97,34.30,33.95,34.27,5900,30.20
20091105,33.86,34.22,33.80,34.22,17700,30.16
20091104,33.87,34.07,33.53,33.54,33200,29.56
20091103,33.26,33.61,33.26,33.53,27700,29.55
20091102,33.41,33.77,33.00,33.47,36000,29.49
20091030,34.22,34.22,33.17,33.24,47700,29.29
20091029,33.79,34.35,33.65,34.31,13400,30.23
20091028,34.15,34.15,33.50,33.53,68600,29.55
20091027,34.28,34.39,34.00,34.18,45000,30.12
20091026,34.72,35.02,34.10,34.19,25800,30.13
20091023,35.29,35.30,34.60,34.71,28400,30.59
20091022,34.72,35.33,34.70,35.24,34400,31.05
20091021,35.12,35.41,34.77,34.77,31700,30.64
20091020,35.45,35.45,35.06,35.17,26900,30.99
20091019,35.17,35.49,35.15,35.33,21700,31.13
20091016,35.06,35.12,34.90,35.07,26500,30.90
20091015,35.17,35.43,35.10,35.43,14700,31.22
20091014,35.11,35.33,34.98,35.32,16200,31.12
20091013,34.67,34.68,34.45,34.63,24000,30.52
20091012,34.71,34.83,34.66,34.74,24600,30.61
20091009,34.37,34.55,34.33,34.55,161800,30.45
20091008,34.43,34.53,34.25,34.38,240000,30.30
20091007,33.98,34.15,33.93,34.15,30300,30.09
20091006,33.88,34.23,33.80,34.02,21300,29.98
20091005,33.06,33.63,33.06,33.60,23600,29.61
20091002,32.81,33.14,32.72,32.97,36200,29.05
20091001,33.95,33.95,33.13,33.13,30100,29.19
20090930,34.34,34.35,33.82,34.06,28600,30.01
20090929,34.34,34.51,34.17,34.24,30500,30.17
20090928,33.83,34.31,33.83,34.29,17100,30.22
20090925,33.94,33.96,33.57,33.66,31900,29.66
20090924,34.39,34.43,33.74,33.90,45300,29.87
20090923,34.95,35.12,34.50,34.50,36100,30.20
20090922,34.80,34.90,34.69,34.87,13300,30.53
20090921,34.47,34.59,34.46,34.56,24400,30.26
20090918,34.93,34.93,34.69,34.76,15200,30.43
20090917,34.74,35.05,34.61,34.71,36800,30.39
20090916,34.32,34.80,34.26,34.80,22100,30.47
20090915,34.11,34.29,34.02,34.25,15100,29.98
20090914,33.56,34.15,33.53,34.15,10100,29.90
20090911,34.08,34.08,33.75,33.82,10400,29.61
20090910,33.58,33.93,33.45,33.93,25700,29.70
20090909,33.39,33.68,33.33,33.58,41600,29.40
20090908,33.37,33.37,33.21,33.28,15700,29.13
20090904,32.69,32.99,32.64,32.99,10200,28.88
20090903,32.50,32.61,32.36,32.57,21000,28.51
20090902,32.35,32.48,32.25,32.29,23900,28.27
20090901,33.10,33.37,32.37,32.46,49800,28.42
20090831,33.29,33.32,33.15,33.32,29000,29.17
20090828,33.93,33.93,33.35,33.57,517400,29.39
20090827,33.56,33.70,33.19,33.67,23700,29.48
20090826,33.46,33.66,33.39,33.54,28600,29.36
20090825,33.69,34.10,33.57,33.57,17700,29.39
20090824,33.65,33.82,33.46,33.49,23900,29.32
20090821,33.07,33.52,33.03,33.43,52400,29.27
20090820,32.42,32.79,32.42,32.74,13400,28.66
20090819,31.80,32.50,31.77,32.39,32500,28.36
20090818,31.91,32.19,31.88,32.11,33200,28.11
20090817,31.96,32.06,31.79,31.85,26000,27.88
20090814,32.93,32.93,32.28,32.58,29900,28.52
20090813,32.82,32.86,32.50,32.86,17600,28.77
20090812,32.23,32.84,32.23,32.62,73600,28.56
20090811,32.68,32.68,32.20,32.28,17500,28.26
20090810,32.76,32.85,32.61,32.78,18700,28.70
20090807,32.76,33.15,32.68,32.88,19200,28.78
20090806,32.75,32.76,32.27,32.45,21000,28.41
20090805,32.11,32.62,32.11,32.54,54000,28.49
20090804,32.15,32.44,32.10,32.42,25100,28.38
20090803,32.15,32.34,31.95,32.26,27000,28.24
20090731,31.66,31.87,31.63,31.73,27200,27.78
20090730,31.82,31.95,31.64,31.67,28200,27.73
20090729,31.21,31.30,31.00,31.20,20400,27.31
20090728,31.50,31.54,31.16,31.39,19900,27.48
20090727,31.37,31.57,31.25,31.57,29500,27.64
20090724,31.08,31.41,31.00,31.41,17400,27.50
20090723,30.45,31.27,30.45,31.18,26400,27.30
20090722,30.24,30.61,30.24,30.43,25800,26.64
20090721,30.54,30.54,30.15,30.44,35900,26.65
20090720,30.14,30.32,30.01,30.25,11900,26.48
20090717,30.06,30.07,29.84,29.99,117200,26.25
20090716,29.80,30.20,29.67,30.06,24700,26.32
20090715,29.43,29.97,29.43,29.94,15600,26.21
20090714,28.85,28.99,28.74,28.95,22900,25.34
20090713,28.17,28.81,28.03,28.80,11400,25.21
20090710,28.11,28.11,27.83,28.01,25400,24.52
20090709,28.23,28.36,28.05,28.15,16700,24.64
20090708,28.40,28.40,27.73,28.10,32400,24.60
20090707,28.73,28.73,28.20,28.25,23600,24.73
20090706,28.40,28.79,28.34,28.79,24800,25.20
20090702,29.30,29.30,28.75,28.75,40000,25.17
20090701,29.67,29.85,29.63,29.63,8700,25.94
20090630,29.83,29.84,29.35,29.50,32500,25.83
20090629,29.52,29.81,29.46,29.77,21100,26.06
20090626,29.46,29.54,29.26,29.46,9800,25.79
20090625,28.82,29.54,28.80,29.50,23300,25.83
20090624,29.07,29.27,28.78,28.84,49300,25.25
20090623,28.99,29.07,28.78,29.03,34200,25.22
20090622,29.57,29.57,28.88,28.88,188900,25.09
20090619,30.10,30.10,29.68,29.83,67000,25.91
20090618,29.57,29.91,29.57,29.77,37600,25.86
20090617,29.64,29.70,29.35,29.49,14200,25.62
20090616,30.25,30.25,29.68,29.70,29000,25.80
20090615,30.52,30.52,29.96,30.11,19700,26.15
20090612,30.65,30.87,30.59,30.87,27500,26.81
20090611,30.59,31.14,30.59,30.91,27100,26.85
20090610,30.89,30.89,30.14,30.38,81100,26.39
20090609,30.68,30.69,30.41,30.60,36600,26.58
20090608,30.28,30.70,30.13,30.49,21500,26.48
20090605,30.91,31.03,30.45,30.49,53500,26.48
20090604,30.38,30.62,30.16,30.62,32600,26.60
20090603,30.45,30.45,29.98,30.19,66700,26.22
20090602,30.64,30.81,30.56,30.70,35400,26.67
20090601,30.57,30.83,30.38,30.68,38500,26.65
20090529,29.85,30.09,29.53,30.09,33600,26.14
20090528,29.40,29.67,29.00,29.60,33200,25.71
20090527,29.69,29.82,29.06,29.08,28400,25.26
20090526,28.85,29.75,28.83,29.68,44800,25.78
20090522,29.03,29.34,29.02,29.06,21000,25.24
20090521,29.02,29.23,28.78,29.10,45200,25.28
20090520,30.10,30.28,29.47,29.52,21600,25.64
20090519,29.82,30.13,29.76,29.76,32200,25.85
20090518,29.30,29.92,29.30,29.87,25700,25.95
20090515,29.35,29.39,28.78,28.91,18900,25.11
20090514,29.16,29.49,28.95,29.38,22600,25.52
20090513,29.44,29.58,28.98,29.05,29000,25.23
20090512,30.28,30.28,29.49,29.87,23600,25.95
20090511,30.25,30.34,29.93,29.94,25300,26.01
20090508,30.40,30.85,30.19,30.82,53400,26.77
20090507,30.67,30.75,29.67,29.79,51600,25.88
20090506,29.71,30.22,29.54,30.22,37300,26.25
20090505,29.36,29.37,29.09,29.23,27800,25.39
20090504,28.57,29.41,28.57,29.41,36000,25.55
20090501,28.00,28.25,27.82,28.17,21600,24.47
20090430,28.53,28.53,27.87,28.02,48400,24.34
20090429,27.82,28.23,27.80,27.96,34200,24.29
20090428,27.44,27.70,27.35,27.38,30400,23.78
20090427,27.28,27.83,27.28,27.55,87100,23.93
20090424,27.63,28.04,27.52,27.83,38500,24.17
20090423,27.28,27.41,26.83,27.40,87200,23.80
20090422,26.99,27.71,26.99,27.14,149600,23.57
20090421,26.50,27.41,26.45,27.35,73800,23.76
20090420,27.44,27.45,26.74,26.75,60900,23.24
20090417,28.05,28.82,27.99,28.25,64800,24.54
20090416,28.04,28.24,27.54,28.04,67400,24.36
20090415,27.15,27.83,27.07,27.82,25200,24.17
20090414,27.64,27.87,27.24,27.24,40800,23.66
20090413,27.48,28.19,27.44,28.05,28100,24.37
20090409,27.52,27.80,27.24,27.79,33400,24.14
20090408,26.45,26.60,26.19,26.49,108000,23.01
20090407,26.48,26.57,26.31,26.33,142000,22.87
20090406,26.88,27.03,26.61,26.96,32400,23.42
20090403,26.90,27.18,26.67,27.16,37500,23.59
20090402,27.01,27.23,26.74,26.88,205000,23.35
20090401,25.22,26.22,25.20,26.14,102400,22.71
20090331,25.60,26.04,25.39,25.58,97200,22.22
20090330,25.81,25.81,25.04,25.26,359000,21.94
20090327,26.38,26.68,26.22,26.46,568900,22.98
20090326,26.83,26.96,26.36,26.86,60300,23.33
20090325,26.59,26.84,25.76,26.49,52000,23.01
20090324,26.63,27.05,26.37,26.37,94700,22.66
20090323,25.97,26.96,25.71,26.91,47200,23.13
20090320,25.67,25.70,24.98,24.99,33600,21.48
20090319,26.64,26.69,25.62,25.64,35000,22.04
20090318,25.33,26.44,25.00,26.12,68500,22.45
20090317,24.55,25.31,24.54,25.31,22400,21.75
20090316,24.84,25.44,24.59,24.64,36100,21.18
20090313,24.68,24.71,24.13,24.63,37000,21.17
20090312,23.50,24.42,23.50,24.34,20100,20.92
20090311,23.64,23.68,22.96,23.21,66200,19.95
20090310,22.32,23.17,22.31,23.14,110400,19.89
20090309,21.29,22.27,21.29,21.66,62900,18.61
20090306,21.90,22.30,21.18,21.82,81400,18.75
20090305,21.99,22.36,21.43,21.62,87100,18.58
20090304,22.78,23.06,22.33,22.68,53900,19.49
20090303,23.03,23.03,22.10,22.30,109600,19.16
20090302,23.15,23.38,22.51,22.55,100900,19.38
20090227,23.96,24.35,23.75,23.75,81600,20.41
20090226,25.36,25.55,24.63,24.63,61300,21.17
20090225,24.94,25.45,24.40,24.87,86000,21.37
20090224,24.10,25.10,23.93,25.05,184400,21.53
20090223,25.15,25.15,23.90,23.90,61000,20.54
20090220,24.53,24.97,24.10,24.68,154100,21.21
20090219,25.76,25.82,25.08,25.16,109800,21.62
20090218,25.76,25.76,25.23,25.46,66900,21.88
20090217,25.91,26.06,25.57,25.57,45900,21.98
20090213,27.36,27.48,26.99,26.99,149300,23.20
20090212,26.97,27.34,26.45,27.34,124000,23.50
20090211,27.38,27.58,27.04,27.40,106200,23.55
20090210,28.68,28.68,27.00,27.14,133900,23.32
20090209,28.67,28.96,28.55,28.79,113600,24.74
20090206,28.25,28.74,28.18,28.64,95600,24.61
20090205,27.27,28.00,26.96,27.75,59400,23.85
20090204,27.94,28.14,27.37,27.48,114500,23.62
20090203,27.72,27.87,27.37,27.72,193100,23.82
20090202,27.18,27.67,27.14,27.47,58300,23.61
20090130,28.36,28.39,27.46,27.60,35200,23.72
20090129,28.79,28.81,28.18,28.20,102600,24.24
20090128,28.86,29.42,28.80,29.28,75600,25.16
20090127,28.05,28.40,27.83,28.30,131200,24.32
20090126,27.99,28.47,27.66,27.86,73300,23.94
20090123,26.88,27.92,26.85,27.67,267900,23.78
20090122,27.56,28.06,27.02,27.60,274500,23.72
20090121,27.22,28.14,26.78,28.14,234400,24.18
20090120,28.13,28.18,26.79,26.79,231900,23.02
20090116,28.87,28.96,27.83,28.48,152100,24.48
20090115,28.56,28.77,27.54,28.42,230700,24.42
20090114,29.17,29.17,28.39,28.70,64100,24.66
20090113,29.49,29.84,29.39,29.69,131700,25.52
20090112,30.30,30.30,29.43,29.68,126200,25.51
20090109,31.20,31.20,30.41,30.43,204500,26.15
20090108,30.80,31.06,30.73,31.01,103900,26.65
20090107,31.42,31.54,30.79,30.91,18300,26.56
20090106,32.21,32.36,31.80,31.91,35200,27.42
20090105,31.98,32.15,31.66,31.80,186400,27.33
20090102,31.35,32.22,31.12,32.16,27800,27.64
20081231,30.76,31.42,30.64,31.38,89000,26.97
20081230,30.39,30.62,30.12,30.62,84600,26.31
20081229,30.15,30.15,29.61,29.91,57900,25.70
20081226,30.29,30.29,29.85,30.08,124000,25.85
20081224,29.70,29.90,29.58,29.84,45100,25.64
20081223,30.23,30.23,29.55,29.69,116200,25.52
20081222,30.60,30.60,29.41,29.86,117800,25.66
20081219,30.94,31.47,30.63,30.82,157700,26.24
20081218,31.67,31.84,30.40,30.75,116800,26.18
20081217,31.50,32.20,31.30,31.61,86700,26.91
20081216,30.75,32.14,30.70,32.14,70900,27.36
20081215,31.14,31.14,29.95,30.39,56300,25.87
20081212,29.82,30.74,29.39,30.74,91200,26.17
20081211,31.45,31.67,30.43,30.62,98000,26.07
20081210,31.55,31.80,31.07,31.55,76900,26.86
20081209,31.66,32.02,31.02,31.08,81800,26.46
20081208,31.71,32.31,31.44,31.99,108400,27.24
20081205,29.13,30.88,28.75,30.87,132700,26.28
20081204,30.01,30.68,29.14,29.54,62800,25.15
20081203,28.64,30.49,28.64,30.49,87600,25.96
20081202,29.27,29.62,28.42,29.58,136900,25.18
20081201,30.24,30.24,28.18,28.18,70000,23.99
20081128,30.94,31.66,30.62,31.21,17300,26.57
20081126,29.16,30.74,29.09,30.74,473800,26.17
20081125,29.87,30.12,28.96,29.66,271900,25.25
20081124,28.30,29.86,27.84,29.25,54000,24.90
20081121,26.68,27.40,25.50,27.40,54000,23.33
20081120,27.54,28.23,25.63,25.88,172300,22.03
20081119,29.68,29.70,27.86,27.90,101400,23.75
20081118,29.57,30.00,28.63,29.68,48200,25.27
20081117,29.64,30.53,29.48,29.51,120600,25.12
20081114,31.04,31.67,30.02,30.21,134000,25.72
20081113,29.50,31.35,28.29,31.35,153500,26.69
20081112,30.43,30.62,29.27,29.35,82900,24.99
20081111,30.94,31.22,30.43,30.96,283700,26.36
20081110,32.92,32.92,31.10,31.60,41400,26.90
20081107,31.41,32.00,31.23,32.00,74700,27.24
20081106,32.60,32.71,30.89,30.96,68900,26.36
20081105,34.34,34.43,32.54,32.54,85600,27.70
20081104,33.83,34.72,33.75,34.71,36900,29.55
20081103,33.28,33.39,32.86,33.33,87700,28.38
20081031,32.77,33.60,32.52,33.14,28000,28.21
20081030,33.52,33.52,32.00,32.65,40500,27.80
20081029,31.67,33.38,31.67,31.75,40700,27.03
20081028,31.07,32.45,29.56,32.45,26800,27.63
20081027,30.95,30.95,29.49,29.49,50300,25.11
20081024,27.76,31.00,27.76,30.50,44900,25.97
20081023,31.21,31.76,29.80,31.53,107400,26.84
20081022,32.04,32.04,30.13,30.76,133000,26.19
20081021,33.65,33.72,32.77,32.78,75700,27.91
20081020,32.72,33.43,32.25,33.43,56500,28.46
20081017,31.63,33.41,31.63,31.94,160400,27.19
20081016,31.63,32.26,29.38,32.26,124900,27.47
20081015,33.44,33.44,31.01,31.01,62000,26.40
20081014,35.69,36.44,32.98,34.18,77900,29.10
20081013,34.00,34.00,31.13,33.62,104400,28.62
20081010,29.00,31.01,27.99,30.41,77400,25.89
20081009,33.65,33.85,30.31,31.03,44500,26.42
20081008,33.46,34.65,32.89,33.51,57800,28.53
20081007,36.56,36.56,34.27,34.30,44400,29.20
20081006,36.51,36.60,34.75,36.48,58500,31.06
20081003,39.70,39.70,37.56,37.56,33700,31.98
20081002,39.92,39.92,38.08,38.16,32400,32.49
20081001,38.72,39.50,38.47,39.45,24400,33.59
20080930,39.98,39.98,37.93,39.17,95200,33.35
20080929,39.64,39.94,37.16,38.12,129200,32.45
20080926,39.69,40.76,39.62,40.76,64900,34.70
20080925,40.25,40.86,39.81,40.29,52800,34.30
20080924,39.57,39.92,38.78,39.46,223700,33.60
20080923,40.53,40.96,39.85,40.08,49700,33.88
20080922,43.07,43.07,40.62,40.63,24500,34.35
20080919,42.16,42.16,41.71,42.16,21100,35.64
20080918,38.85,40.11,37.41,39.77,44000,33.62
20080917,39.19,39.29,38.10,38.10,36400,32.21
20080916,38.10,40.00,38.00,39.85,103100,33.69
20080915,41.26,41.26,39.36,39.37,46900,33.28
20080912,41.14,41.47,41.14,41.37,7900,34.97
20080911,40.50,41.28,40.25,41.28,14600,34.90
20080910,41.10,41.44,40.90,41.44,2000,35.03
20080909,42.52,42.52,41.15,41.15,13100,34.79
20080908,43.27,43.63,41.92,42.50,6300,35.93
20080905,40.74,41.55,40.65,41.49,21900,35.08
20080904,42.17,42.20,41.14,41.14,10000,34.78
20080903,42.20,42.48,42.18,42.48,50900,35.91
20080902,42.71,42.86,42.20,42.29,11900,35.75
20080829,42.56,42.65,42.25,42.25,11300,35.72
20080828,42.07,42.65,42.04,42.65,7400,36.06
20080827,41.45,41.87,41.45,41.77,32300,35.31
20080826,41.55,41.55,41.19,41.48,14800,35.07
20080825,42.04,42.04,41.28,41.28,22200,34.90
20080822,41.99,42.05,41.85,42.02,19400,35.52
20080821,41.20,41.70,41.17,41.63,27400,35.19
20080820,41.09,41.48,41.00,41.48,22600,35.07
20080819,41.52,41.52,41.08,41.20,45500,34.83
20080818,42.21,42.26,41.61,41.65,14500,35.21
20080815,42.50,42.50,42.24,42.34,700,35.79
20080814,41.68,42.31,41.56,42.13,45200,35.62
20080813,41.91,42.10,41.57,41.89,29700,35.41
20080812,42.62,42.72,42.00,42.06,7100,35.56
20080811,42.63,43.23,42.54,42.80,17300,36.18
20080808,41.55,42.65,41.55,42.55,47400,35.97
20080807,41.93,42.04,41.43,41.51,44000,35.09
20080806,42.26,42.49,42.11,42.44,16200,35.88
20080805,41.70,42.41,41.70,42.41,58300,35.85
20080804,41.26,41.42,41.21,41.22,6200,34.85
20080801,41.67,41.74,41.38,41.53,49000,35.11
20080731,41.93,42.20,41.59,41.63,38800,35.19
20080730,41.86,42.26,41.65,42.26,21400,35.73
20080729,40.53,41.42,40.45,41.42,15100,35.02
20080728,41.35,41.35,40.41,40.41,23900,34.16
20080725,41.60,41.60,41.02,41.28,2300,34.90
20080724,42.37,42.37,41.28,41.28,14100,34.90
20080723,42.48,42.64,42.20,42.41,52800,35.85
20080722,41.08,41.92,40.86,41.92,110400,35.44
20080721,41.77,41.77,41.22,41.30,59900,34.92
20080718,41.49,41.49,40.94,41.36,77700,34.97
20080717,40.85,41.07,40.40,41.06,28900,34.71
20080716,39.35,40.42,39.35,40.42,13700,34.17
20080715,40.35,40.35,38.98,39.25,37600,33.18
20080714,40.85,40.86,39.88,39.90,17000,33.73
20080711,40.35,41.05,40.07,40.39,13400,34.15
20080710,40.88,41.12,40.63,41.02,12300,34.68
20080709,41.78,41.96,41.18,41.18,8100,34.81
20080708,40.98,41.79,40.71,41.79,35800,35.33
20080707,41.67,41.67,40.54,41.00,83700,34.66
20080703,41.26,41.69,41.23,41.53,8800,35.11
20080702,42.10,42.18,41.29,41.29,23800,34.91
20080701,41.34,41.81,41.17,41.77,18800,35.31
20080630,41.47,41.90,41.47,41.66,19300,35.22
20080627,41.90,41.98,41.50,41.53,9400,35.11
20080626,42.44,42.48,41.75,41.79,10200,35.33
20080625,43.04,43.49,43.03,43.03,13900,36.38
20080624,42.65,43.00,42.39,42.72,6500,36.12
20080623,43.04,43.05,42.87,42.94,9700,36.09
20080620,43.36,43.39,42.96,42.96,28900,36.11
20080619,43.76,43.81,43.48,43.62,27300,36.67
20080618,43.95,43.95,43.60,43.74,10000,36.77
20080617,44.76,44.76,44.20,44.20,13100,37.15
20080616,44.46,44.71,44.39,44.61,16800,37.50
20080613,44.28,44.48,43.94,44.48,12200,37.39
20080612,44.29,44.44,43.89,43.89,25100,36.89
20080611,44.43,44.43,43.90,43.90,13300,36.90
20080610,44.45,44.78,44.45,44.58,9800,37.47
20080609,44.92,45.01,44.40,44.63,11100,37.51
20080606,45.54,45.54,44.67,44.67,29600,37.55
20080605,45.57,46.17,45.57,46.15,15500,38.79
20080604,45.42,45.67,45.21,45.27,21800,38.05
20080603,46.02,46.02,45.33,45.54,17800,38.28
20080602,46.08,46.08,45.59,45.79,4200,38.49
20080530,46.60,46.60,46.24,46.24,7300,38.87
20080529,46.12,46.64,46.12,46.41,8100,39.01
20080528,46.08,46.08,45.75,45.79,9500,38.49
20080527,45.89,46.09,45.70,46.01,11200,38.67
20080523,46.51,46.51,45.90,45.90,30900,38.58
20080522,46.60,46.83,46.58,46.61,14300,39.18
20080521,47.28,47.30,46.54,46.54,24700,39.12
20080520,47.62,47.62,47.09,47.23,22100,39.70
20080519,47.66,48.08,47.61,47.67,9400,40.07
20080516,47.70,47.70,47.32,47.53,11500,39.95
20080515,47.18,47.54,47.05,47.54,21600,39.96
20080514,47.07,47.43,47.07,47.33,4800,39.78
20080513,47.08,47.12,46.83,46.90,13100,39.42
20080512,46.64,47.02,46.62,47.02,15300,39.52
20080509,46.57,46.57,46.43,46.51,9500,39.09
20080508,46.72,47.01,46.72,46.88,4000,39.41
20080507,47.60,47.70,46.81,46.81,22100,39.35
20080506,47.28,47.87,47.10,47.84,6500,40.21
20080505,47.77,47.77,47.42,47.55,29900,39.97
20080502,48.16,48.16,47.67,47.80,9200,40.18
20080501,46.83,47.57,46.80,47.41,4200,39.85
20080430,47.08,47.51,46.86,46.86,22700,39.39
20080429,47.09,47.12,46.82,46.93,24000,39.45
20080428,47.30,47.36,47.10,47.33,5300,39.78
20080425,47.09,47.25,46.75,47.25,16800,39.72
20080424,46.46,47.14,46.25,46.86,10000,39.39
20080423,46.31,46.65,46.26,46.34,14000,38.95
20080422,46.42,46.45,46.24,46.41,19400,39.01
20080421,46.67,46.67,46.35,46.58,6300,39.15
20080418,47.09,47.09,46.81,46.94,21300,39.46
20080417,46.09,46.38,45.93,46.27,15500,38.89
20080416,45.56,46.17,45.56,46.17,9800,38.81
20080415,45.33,45.33,44.93,45.23,17900,38.02
20080414,45.12,45.20,44.89,45.02,51200,37.84
20080411,45.45,45.72,45.17,45.20,17700,37.99
20080410,46.25,46.49,46.10,46.24,5200,38.87
20080409,46.70,46.70,46.14,46.25,44400,38.88
20080408,46.66,46.82,46.50,46.70,69000,39.25
20080407,47.41,47.41,46.86,46.93,11400,39.45
20080404,46.81,47.02,46.59,46.68,25300,39.24
20080403,46.60,47.00,46.60,46.84,5100,39.37
20080402,47.02,47.13,46.70,46.76,22900,39.30
20080401,45.82,46.63,45.82,46.63,13900,39.20
20080331,44.81,45.35,44.81,45.08,30600,37.89
20080328,45.62,45.62,44.92,44.92,4700,37.76
20080327,45.96,46.02,45.42,45.42,136000,38.18
20080326,45.96,46.06,45.63,45.69,13800,38.41
20080325,46.22,46.33,45.93,46.17,156600,38.81
20080324,46.55,46.85,46.30,46.50,24300,38.88
20080320,45.20,46.06,45.11,46.06,11000,38.51
20080319,45.92,46.17,44.75,44.75,10300,37.41
20080318,44.58,45.63,44.55,45.63,12500,38.15
20080317,43.23,43.94,42.99,43.73,14100,36.56
20080314,45.00,45.00,43.39,43.88,66200,36.69
20080313,44.14,45.11,43.79,44.88,24100,37.52
20080312,45.42,45.68,44.73,45.44,11400,37.99
20080311,46.33,46.33,44.06,45.24,14500,37.82
20080310,43.95,43.96,43.34,43.39,34400,36.28
20080307,44.43,44.44,43.59,43.99,26500,36.78
20080306,44.81,44.81,44.42,44.42,5100,37.14
20080305,45.50,45.68,45.22,45.22,4800,37.81
20080304,45.10,45.29,44.77,45.25,18500,37.83
20080303,45.53,45.58,45.15,45.47,3800,38.01
20080229,46.28,46.32,45.31,45.31,69900,37.88
20080228,47.00,47.11,46.69,46.84,11600,39.16
20080227,47.20,47.60,47.18,47.37,12400,39.60
20080226,45.85,47.49,40.07,47.29,24900,39.54
20080225,48.42,48.42,46.42,47.24,12000,39.49
20080222,45.87,46.56,45.60,46.56,4700,38.93
20080221,46.75,46.75,46.00,46.02,90100,38.47
20080220,45.50,46.71,45.50,46.53,30500,38.90
20080219,49.27,49.27,46.30,46.39,15900,38.78
20080215,46.00,46.45,45.99,46.45,15300,38.83
20080214,48.65,48.65,46.27,46.27,66200,38.68
20080213,47.96,47.96,46.51,46.88,17600,39.19
20080212,46.17,47.40,46.11,46.28,80300,38.69
20080211,47.53,47.53,45.29,45.74,12400,38.24
20080208,46.11,46.18,45.51,45.73,24800,38.23
20080207,45.95,46.54,45.95,46.28,4000,38.69
20080206,46.77,46.77,45.96,45.96,16700,38.42
20080205,48.52,48.52,46.22,46.22,12700,38.64
20080204,49.82,49.82,47.91,47.91,30300,40.05
20080201,47.84,48.44,47.80,48.36,13000,40.43
20080131,46.24,48.05,46.24,47.61,17300,39.80
20080130,47.54,47.78,47.00,47.00,11300,39.29
20080129,48.68,48.68,47.01,47.34,7000,39.58
20080128,46.78,46.78,43.08,46.74,17400,39.08
20080125,49.15,49.15,45.80,45.80,27600,38.29
20080124,46.44,46.76,46.25,46.49,5200,38.87
20080123,44.55,46.58,44.11,46.31,40800,38.72
20080122,46.79,46.79,43.49,45.15,28200,37.75
20080118,48.96,48.96,45.12,45.83,14200,38.32
20080117,48.85,48.85,46.00,46.01,18100,38.47
20080116,47.73,47.92,47.40,47.87,10100,40.02
20080115,48.97,48.97,47.70,47.71,10200,39.89
20080114,50.47,50.47,48.50,48.77,17700,40.77
20080111,51.00,51.00,48.43,48.60,29000,40.63
20080110,46.96,49.22,46.96,48.99,27200,40.96
20080109,47.87,48.44,47.65,48.44,37300,40.50
20080108,49.99,49.99,47.95,48.05,80600,40.17
20080107,49.00,49.00,48.36,48.51,46700,40.56
20080104,50.56,50.56,48.40,48.41,33300,40.47
20080103,50.50,50.50,49.27,49.37,28900,41.28
20080102,50.10,50.12,49.12,49.53,123800,41.41
20071231,49.96,50.13,49.77,50.13,67800,41.91
20071228,50.27,50.27,50.14,50.17,26300,41.94
20071227,50.59,50.59,50.36,50.36,30600,42.10
