20140814,86.73,86.82,86.66,86.77,260900,86.77
20140813,86.45,86.70,86.42,86.68,206600,86.68
20140812,86.45,86.54,86.35,86.47,151800,86.47
20140811,86.48,86.62,86.35,86.51,206100,86.51
20140808,86.76,86.79,86.40,86.40,379500,86.40
20140807,86.44,86.58,86.35,86.58,376400,86.58
20140806,86.48,86.49,86.30,86.35,351000,86.35
20140805,86.29,86.35,86.04,86.35,302500,86.35
20140804,86.30,86.33,86.20,86.26,204000,86.26
20140801,85.93,86.22,85.88,86.21,552500,86.21
20140731,86.10,86.18,85.95,86.12,229500,85.89
20140730,86.35,86.53,86.15,86.23,1148700,86.00
20140729,86.55,86.65,86.46,86.59,190500,86.36
20140728,86.53,86.59,86.42,86.54,263200,86.31
20140725,86.63,86.64,86.47,86.60,242700,86.37
20140724,86.49,86.49,86.28,86.38,175800,86.15
20140723,86.69,86.71,86.53,86.58,211800,86.35
20140722,86.52,86.55,86.41,86.55,328700,86.32
20140721,86.55,86.63,86.41,86.54,249500,86.31
20140718,86.60,86.61,86.36,86.42,296200,86.19
20140717,86.50,86.69,86.36,86.62,334900,86.39
20140716,86.25,86.29,86.15,86.26,379700,86.03
20140715,86.23,86.34,86.09,86.18,499100,85.95
20140714,86.29,86.29,86.15,86.23,414200,86.00
20140711,86.24,86.45,86.24,86.34,682600,86.11
20140710,86.36,86.42,86.18,86.27,321100,86.04
20140709,86.10,86.28,85.97,86.21,171500,85.98
20140708,86.12,86.18,85.96,86.13,196700,85.90
20140707,85.82,85.90,85.76,85.86,214100,85.63
20140703,85.46,85.78,85.44,85.74,173500,85.51
20140702,85.88,85.98,85.80,85.82,190400,85.59
20140701,86.25,86.29,85.94,86.00,570000,85.77
20140630,86.51,86.62,86.43,86.56,306500,86.10
20140627,86.47,86.63,86.42,86.49,110600,86.03
20140626,86.33,86.51,86.32,86.47,145500,86.01
20140625,86.35,86.45,86.28,86.34,136200,85.88
20140624,86.18,86.23,85.97,86.22,167900,85.76
20140623,86.04,86.13,85.96,86.00,180100,85.55
20140620,85.92,86.01,85.85,85.96,339000,85.51
20140619,86.22,86.23,85.90,85.93,165500,85.48
20140618,85.77,86.04,85.65,86.04,565800,85.59
20140617,85.78,85.78,85.55,85.59,243900,85.14
20140616,85.91,85.97,85.83,85.97,182900,85.52
20140613,85.87,85.96,85.72,85.91,136900,85.46
20140612,85.82,86.08,85.79,86.04,185900,85.59
20140611,85.88,85.93,85.73,85.83,242000,85.38
20140610,85.89,85.95,85.76,85.84,155800,85.39
20140609,85.93,85.98,85.81,85.96,307900,85.51
20140606,86.09,86.17,85.88,85.99,280900,85.54
20140605,85.81,86.02,85.76,86.02,110500,85.57
20140604,85.96,85.96,85.71,85.85,217100,85.40
20140603,86.09,86.09,85.83,85.85,181200,85.40
20140602,86.30,86.37,86.05,86.12,282000,85.66
20140530,86.67,86.72,86.57,86.66,333300,85.97
20140529,86.83,86.99,86.70,86.72,144000,86.03
20140528,86.50,86.84,86.48,86.80,294600,86.11
20140527,86.32,86.40,86.14,86.39,215800,85.70
20140523,86.28,86.28,86.16,86.26,140500,85.57
20140522,86.21,86.21,86.05,86.10,190700,85.41
20140521,86.31,86.32,86.08,86.22,350900,85.53
20140520,86.28,86.41,86.26,86.34,263600,85.65
20140519,86.43,86.51,86.23,86.27,223800,85.58
20140516,86.37,86.40,86.22,86.33,121600,85.64
20140515,86.35,86.52,86.26,86.37,227500,85.68
20140514,86.00,86.32,85.95,86.22,216500,85.53
20140513,85.80,85.91,85.68,85.91,202900,85.23
20140512,85.77,85.77,85.61,85.66,216000,84.98
20140509,85.90,85.90,85.75,85.77,271500,85.09
20140508,85.82,85.93,85.70,85.83,188600,85.15
20140507,85.69,85.79,85.58,85.78,680900,85.10
20140506,85.75,85.77,85.63,85.68,614000,85.00
20140505,85.93,85.93,85.62,85.65,298400,84.97
20140502,85.38,85.82,85.37,85.80,206800,85.12
20140501,85.46,85.72,85.36,85.68,196000,85.00
20140430,85.47,85.67,85.40,85.67,281600,84.76
20140429,85.30,85.43,85.21,85.40,182800,84.49
20140428,85.37,85.47,85.22,85.31,201100,84.41
20140425,85.44,85.53,85.32,85.36,225300,84.46
20140424,85.32,85.43,85.21,85.34,145200,84.44
20140423,85.39,85.49,85.24,85.32,339100,84.42
20140422,85.17,85.29,85.12,85.25,212100,84.35
20140421,85.24,85.32,85.20,85.23,201900,84.33
20140417,85.49,85.54,85.13,85.22,196400,84.32
20140416,85.48,85.54,85.40,85.49,275500,84.58
20140415,85.49,85.71,85.41,85.56,188400,84.65
20140414,85.55,85.55,85.41,85.54,259000,84.63
20140411,85.59,85.64,85.45,85.55,132200,84.64
20140410,85.33,85.59,85.33,85.47,221200,84.56
20140409,85.09,85.34,84.94,85.28,398200,84.38
20140408,85.07,85.18,84.99,85.16,288800,84.26
20140407,85.01,85.07,84.95,84.99,265500,84.09
20140404,84.80,84.98,84.65,84.98,300200,84.08
20140403,84.45,84.66,84.40,84.58,184300,83.68
20140402,84.64,84.64,84.41,84.42,197900,83.53
20140401,84.66,84.79,84.53,84.75,1193100,83.85
20140331,84.81,84.98,84.70,84.98,206000,83.85
20140328,84.83,84.88,84.70,84.86,279000,83.73
20140327,84.82,84.98,84.76,84.93,253000,83.80
20140326,84.67,84.93,84.65,84.80,157400,83.67
20140325,84.55,84.75,84.50,84.60,218300,83.48
20140324,84.44,84.61,84.35,84.50,178400,83.38
20140321,84.40,84.54,84.36,84.49,179700,83.37
20140320,84.43,84.43,84.27,84.36,239100,83.24
20140319,85.09,85.09,84.27,84.42,521800,83.30
20140318,84.87,85.04,84.80,85.04,734800,83.91
20140317,84.89,84.91,84.74,84.77,215500,83.65
20140314,85.03,85.12,84.81,84.94,123500,83.81
20140313,84.47,84.95,84.40,84.89,200900,83.76
20140312,84.57,84.63,84.46,84.59,132700,83.47
20140311,84.44,84.50,84.32,84.40,167500,83.28
20140310,84.34,84.42,84.22,84.35,787500,83.23
20140307,84.54,84.54,84.25,84.34,361600,83.22
20140306,84.56,84.76,84.50,84.67,268500,83.55
20140305,84.78,84.99,84.76,84.98,198100,83.85
20140304,85.15,85.15,84.81,84.83,250700,83.70
20140303,85.20,85.25,85.05,85.20,183500,84.07
20140228,85.16,85.20,84.96,85.20,194600,83.85
20140227,85.17,85.28,85.11,85.26,176800,83.91
20140226,84.85,85.09,84.83,85.07,253800,83.72
20140225,84.76,84.91,84.65,84.80,187900,83.45
20140224,84.62,84.66,84.50,84.61,854100,83.27
20140221,84.45,84.63,84.39,84.59,187300,83.25
20140220,84.40,84.58,84.28,84.44,184100,83.10
20140219,84.82,84.82,84.46,84.48,219600,83.14
20140218,84.65,84.78,84.60,84.70,244500,83.36
20140214,84.58,84.59,84.43,84.55,237800,83.21
20140213,84.35,84.51,84.25,84.49,145600,83.15
20140212,84.26,84.31,84.12,84.29,191600,82.95
20140211,84.42,84.46,84.21,84.37,203900,83.03
20140210,84.47,84.51,84.37,84.51,164800,83.17
20140207,84.38,84.55,84.32,84.55,230900,83.21
20140206,84.21,84.26,84.12,84.22,222100,82.88
20140205,84.54,84.54,84.22,84.28,227000,82.94
20140204,84.55,84.58,84.34,84.52,218600,83.18
20140203,84.26,84.61,84.13,84.60,264300,83.26
20140131,84.32,84.45,84.28,84.38,397100,82.82
20140130,84.11,84.27,84.05,84.25,191100,82.69
20140129,84.05,84.24,84.00,84.16,139700,82.61
20140128,83.80,84.05,83.79,84.03,152100,82.48
20140127,83.98,84.00,83.75,83.75,220600,82.20
20140124,84.14,84.20,83.83,83.91,302700,82.36
20140123,84.00,84.23,83.81,84.00,292300,82.45
20140122,83.83,83.88,83.69,83.72,141400,82.17
20140121,83.92,83.98,83.78,83.87,199900,82.32
20140117,83.83,83.92,83.70,83.91,203800,82.36
20140116,83.63,83.85,83.63,83.77,225900,82.22
20140115,83.61,83.64,83.45,83.61,252100,82.07
20140114,83.80,83.83,83.61,83.69,397100,82.14
20140113,83.79,83.87,83.61,83.84,351400,82.29
20140110,83.37,83.67,83.37,83.64,326800,82.10
20140109,82.97,83.16,82.92,83.12,216700,81.59
20140108,83.09,83.13,82.90,82.94,271900,81.41
20140107,83.32,83.36,83.16,83.31,271400,81.77
20140106,83.09,83.23,83.05,83.22,294300,81.68
20140103,82.98,83.06,82.86,82.92,212400,81.39
20140102,82.76,82.92,82.75,82.87,952400,81.34
20131231,82.91,82.91,82.62,82.70,412600,81.17
20131230,82.76,82.96,82.74,82.90,448000,81.37
20131227,82.71,82.85,82.62,82.76,189600,81.23
20131226,82.77,82.80,82.58,82.72,332500,81.19
20131224,82.95,82.97,82.60,82.78,416500,81.25
20131223,83.80,83.88,83.67,83.71,203700,81.36
20131220,83.70,83.92,83.53,83.87,305900,81.52
20131219,83.55,83.74,83.55,83.71,331200,81.36
20131218,83.98,84.18,83.73,83.96,395600,81.61
20131217,83.80,83.97,83.55,83.90,447400,81.55
20131216,83.74,83.78,83.56,83.66,1040700,81.32
20131213,83.53,83.64,83.49,83.55,246400,81.21
20131212,83.72,83.72,83.40,83.49,1217500,81.15
20131211,84.00,84.01,83.65,83.71,904000,81.36
20131210,83.78,84.06,83.76,84.03,278100,81.68
20131209,83.66,83.76,83.54,83.68,336700,81.34
20131206,83.54,83.65,83.43,83.56,283000,81.22
20131205,83.53,83.59,83.38,83.55,424900,81.21
20131204,83.41,83.63,83.37,83.59,250400,81.25
20131203,83.71,83.91,83.70,83.78,532100,81.43
20131202,83.80,83.80,83.59,83.68,190100,81.34
20131129,83.85,83.93,83.75,83.92,162600,81.57
20131127,84.28,84.28,83.92,84.19,246700,81.61
20131126,84.05,84.31,84.04,84.27,476700,81.69
20131125,84.00,84.16,84.00,84.04,411600,81.47
20131122,83.70,83.96,83.68,83.95,213500,81.38
20131121,83.45,83.83,83.41,83.69,350100,81.13
20131120,83.93,84.15,83.58,83.59,423300,81.03
20131119,84.00,84.15,83.93,83.96,237100,81.39
20131118,84.10,84.21,84.01,84.17,165500,81.59
20131115,84.11,84.11,83.90,84.07,164100,81.50
20131114,83.65,84.03,83.65,83.99,211300,81.42
20131113,83.48,83.65,83.48,83.62,172800,81.06
20131112,83.38,83.45,83.28,83.35,222400,80.80
20131111,83.43,83.53,83.36,83.36,139300,80.81
20131108,83.57,83.59,83.35,83.35,292300,80.80
20131107,84.16,84.28,84.07,84.10,234500,81.53
20131106,84.05,84.11,83.93,84.11,201500,81.54
20131105,83.97,83.98,83.77,83.85,139900,81.28
20131104,84.22,84.29,84.13,84.19,105700,81.61
20131101,84.40,84.40,84.05,84.12,169100,81.55
20131031,84.59,84.59,84.17,84.24,141700,81.66
20131030,84.81,84.94,84.47,84.56,170900,81.76
20131029,84.66,84.75,84.59,84.75,148100,81.94
20131028,84.62,84.67,84.55,84.65,212800,81.84
20131025,84.57,84.70,84.55,84.60,115800,81.79
20131024,84.78,84.78,84.51,84.56,205700,81.76
20131023,84.70,84.83,84.57,84.64,175600,81.83
20131022,84.50,84.62,84.39,84.53,475900,81.73
20131021,84.08,84.24,84.00,84.13,189600,81.34
20131018,84.25,84.40,84.06,84.20,267200,81.41
20131017,84.06,84.25,83.91,84.17,134800,81.38
20131016,83.31,83.82,83.23,83.82,152300,81.04
20131015,83.48,83.52,83.31,83.32,107700,80.56
20131014,83.50,83.64,83.29,83.32,111000,80.56
20131011,83.57,83.72,83.46,83.52,184200,80.75
20131010,83.37,83.50,83.22,83.44,153700,80.67
20131009,83.54,83.62,83.41,83.41,254500,80.64
20131008,83.48,83.64,83.45,83.48,179700,80.71
20131007,83.60,83.67,83.51,83.56,437100,80.79
20131004,83.50,83.59,83.31,83.42,190100,80.65
20131003,83.61,83.75,83.53,83.55,190100,80.78
20131002,83.50,83.67,83.46,83.59,136300,80.82
20131001,83.29,83.44,83.27,83.42,1446700,80.65
20130930,83.25,83.44,83.13,83.42,168900,80.65
20130927,83.49,83.62,83.40,83.49,145400,80.51
20130926,83.47,83.59,83.45,83.53,160000,80.55
20130925,83.40,83.68,83.40,83.54,168400,80.55
20130924,83.19,83.52,83.15,83.43,495400,80.45
20130923,82.97,83.16,82.97,83.15,183200,80.18
20130920,82.89,83.07,82.80,82.97,194000,80.01
20130919,83.09,83.15,82.74,82.82,160700,79.86
20130918,82.16,83.19,81.89,82.96,428600,80.00
20130917,82.13,82.25,82.03,82.15,193500,79.21
20130916,82.40,82.53,81.98,82.13,430800,79.20
20130913,81.87,82.00,81.78,81.82,383000,78.90
20130912,81.87,81.99,81.73,81.88,546000,78.95
20130911,81.48,81.77,81.40,81.76,231500,78.84
20130910,81.64,81.79,81.39,81.46,153900,78.55
20130909,82.06,82.06,81.73,81.80,345100,78.88
20130906,81.87,82.03,81.61,81.76,216700,78.84
20130905,81.69,81.75,81.34,81.52,523900,78.61
20130904,82.22,82.30,81.87,81.93,195800,79.00
20130903,82.39,82.39,81.90,82.13,247800,79.20
20130830,82.62,82.72,82.45,82.46,227700,79.51
20130829,82.26,82.90,82.20,82.83,529700,79.66
20130828,82.60,82.62,82.38,82.58,227100,79.41
20130827,82.39,82.70,82.36,82.65,212000,79.48
20130826,82.44,82.49,82.22,82.37,411800,79.21
20130823,81.78,82.30,81.77,82.16,516200,79.01
20130822,81.73,81.99,81.64,81.71,166700,78.58
20130821,82.12,82.27,81.81,81.85,225200,78.71
20130820,82.10,82.30,82.09,82.19,278300,79.04
20130819,82.05,82.15,81.82,81.91,270800,78.77
20130816,82.40,82.48,82.02,82.14,304400,78.99
20130815,82.47,82.73,82.32,82.47,230200,79.31
20130814,83.06,83.18,82.88,82.99,247000,79.81
20130813,83.22,83.35,83.00,83.05,274500,79.87
20130812,83.79,83.98,83.56,83.60,171800,80.40
20130809,83.53,83.96,83.53,83.79,206300,80.58
20130808,83.80,83.90,83.75,83.76,169100,80.55
20130807,83.49,83.72,83.46,83.46,264500,80.26
20130806,83.60,83.65,83.41,83.65,266700,80.44
20130805,83.70,83.70,83.44,83.61,146900,80.41
20130802,83.40,83.73,83.40,83.73,237900,80.52
20130801,83.48,83.54,83.05,83.30,432400,80.11
20130731,83.24,83.81,83.12,83.71,388800,80.50
20130730,84.06,84.08,83.74,83.90,578900,80.47
20130729,83.98,84.00,83.75,83.97,463500,80.53
20130726,83.82,84.18,83.79,84.16,605900,80.72
20130725,83.51,83.91,83.39,83.88,440900,80.45
20130724,83.80,83.93,83.55,83.77,420200,80.34
20130723,84.12,84.25,84.06,84.17,230300,80.73
20130722,84.20,84.31,84.13,84.21,155800,80.76
20130719,83.88,84.14,83.83,84.07,237800,80.63
20130718,84.00,84.02,83.74,83.82,230500,80.39
20130717,83.94,84.12,83.81,83.99,255800,80.55
20130716,83.58,83.69,83.49,83.59,268800,80.17
20130715,83.36,83.59,83.36,83.55,306400,80.13
20130712,83.67,83.69,83.17,83.31,289700,79.90
20130711,83.20,83.50,83.14,83.45,265900,80.04
20130710,82.77,82.92,82.48,82.48,202200,79.11
20130709,82.78,82.92,82.68,82.82,272600,79.43
20130708,82.27,82.65,82.27,82.57,396400,79.19
20130705,82.12,82.12,81.79,81.90,301300,78.55
20130703,83.44,83.54,83.32,83.39,122700,79.98
20130702,83.23,83.49,83.23,83.40,173700,79.99
20130701,83.21,83.37,83.05,83.37,501100,79.96
20130628,82.97,83.18,82.80,83.01,231800,79.61
20130627,83.16,83.44,83.01,83.35,270500,79.73
20130626,82.71,83.00,82.51,82.90,1392300,79.30
20130625,82.65,82.65,82.22,82.35,393900,78.77
20130624,81.99,82.37,81.70,82.22,533900,78.65
20130621,83.19,83.43,82.67,82.71,877500,79.12
20130620,83.51,83.81,83.15,83.39,730100,79.77
20130619,85.20,85.30,83.90,83.97,425800,80.32
20130618,85.07,85.29,85.03,85.22,234800,81.52
20130617,85.55,85.58,85.32,85.34,325900,81.63
20130614,85.55,85.78,85.36,85.38,455200,81.67
20130613,84.99,85.43,84.98,85.34,288900,81.63
20130612,85.02,85.09,84.73,84.73,292400,81.05
20130611,84.72,84.98,84.52,84.88,582800,81.19
20130610,85.33,85.39,85.09,85.13,460300,81.43
20130607,85.71,85.84,85.42,85.53,277600,81.81
20130606,85.69,85.92,85.29,85.84,558100,82.11
20130605,85.59,85.71,85.42,85.47,400300,81.76
20130604,85.73,85.86,85.58,85.72,615800,82.00
20130603,85.64,86.15,85.55,85.78,290800,82.05
20130531,86.50,86.55,85.67,85.81,857500,82.08
20130530,86.67,86.77,86.56,86.64,346700,82.67
20130529,86.73,86.77,86.50,86.67,336300,82.70
20130528,87.37,87.39,86.70,86.74,371500,82.77
20130524,87.55,87.61,87.36,87.36,184900,83.36
20130523,87.64,87.64,87.28,87.45,211400,83.45
20130522,88.07,88.20,87.33,87.40,710900,83.40
20130521,87.77,88.02,87.67,87.93,388100,83.90
20130520,88.00,88.00,87.76,87.78,208100,83.76
20130517,88.05,88.06,87.78,87.87,626100,83.85
20130516,87.97,88.22,87.82,88.09,717200,84.06
20130515,87.76,87.80,87.57,87.72,703200,83.70
20130514,87.90,87.98,87.61,87.61,621500,83.60
20130513,87.81,87.95,87.81,87.91,587700,83.89
20130510,88.23,88.23,87.78,88.01,985000,83.98
20130509,88.43,88.52,88.29,88.35,479700,84.31
20130508,88.43,88.47,88.34,88.43,414400,84.38
20130507,88.45,88.47,88.36,88.36,376300,84.32
20130506,88.58,88.58,88.38,88.41,864800,84.36
20130503,88.79,88.79,88.56,88.65,734900,84.59
20130502,88.96,89.00,88.88,88.91,544800,84.84
20130501,88.92,89.00,88.81,88.92,654400,84.85
20130430,88.90,88.90,88.66,88.73,481100,84.67
20130429,88.98,89.01,88.92,88.98,656800,84.69
20130426,88.89,88.99,88.81,88.97,316900,84.68
20130425,88.70,88.75,88.60,88.75,316400,84.47
20130424,88.61,88.75,88.60,88.75,210800,84.47
20130423,88.67,88.74,88.56,88.67,213200,84.39
20130422,88.49,88.55,88.44,88.53,226700,84.26
20130419,88.47,88.50,88.38,88.50,169800,84.23
20130418,88.42,88.48,88.36,88.38,302600,84.12
20130417,88.26,88.42,88.23,88.36,359400,84.10
20130416,88.22,88.31,88.20,88.28,188000,84.02
20130415,88.24,88.28,88.09,88.22,196100,83.97
20130412,88.00,88.25,88.00,88.24,214800,83.99
20130411,87.86,87.93,87.77,87.81,462100,83.58
20130410,87.82,87.89,87.68,87.68,369600,83.45
20130409,87.92,87.95,87.84,87.90,351100,83.66
20130408,87.90,87.91,87.79,87.81,1735900,83.58
20130405,87.75,87.92,87.65,87.81,868700,83.58
20130404,87.58,87.63,87.44,87.51,4694800,83.29
20130403,87.37,87.53,87.33,87.37,846600,83.16
20130402,87.32,87.34,87.20,87.20,351200,83.00
20130401,87.37,87.43,87.21,87.24,1437400,83.03
20130328,87.45,87.48,87.31,87.37,308800,83.16
20130327,87.62,87.72,87.56,87.69,662900,83.24
20130326,87.36,87.49,87.29,87.43,570300,82.99
20130325,87.35,87.52,87.27,87.47,600600,83.03
20130322,87.45,87.50,87.32,87.43,290900,82.99
20130321,87.30,87.52,87.30,87.41,687700,82.97
20130320,87.25,87.34,87.10,87.22,498700,82.79
20130319,87.25,87.43,87.20,87.35,200200,82.92
20130318,87.27,87.30,87.10,87.30,183500,82.87
20130315,86.83,87.10,86.82,87.05,198800,82.63
20130314,86.73,87.17,86.72,87.17,300000,82.75
20130313,86.95,86.95,86.76,86.82,531900,82.41
20130312,86.93,86.98,86.81,86.93,207100,82.52
20130311,86.78,86.84,86.72,86.77,541400,82.37
20130308,86.82,86.89,86.72,86.78,229400,82.38
20130307,87.20,87.20,86.98,87.09,270800,82.67
20130306,87.26,87.35,87.18,87.24,224800,82.81
20130305,87.40,87.45,87.26,87.38,171300,82.95
20130304,87.40,87.42,87.28,87.37,304600,82.94
20130301,87.39,87.46,87.27,87.46,243200,83.02
20130228,87.30,87.30,87.12,87.27,163400,82.84
20130227,87.67,87.67,87.34,87.37,158900,82.68
20130226,87.33,87.58,87.33,87.33,224900,82.65
20130225,87.09,87.52,86.99,87.33,280200,82.65
20130222,87.07,87.19,87.02,87.18,377800,82.50
20130221,86.96,87.06,86.93,86.98,222700,82.32
20130220,86.84,86.98,86.78,86.96,236000,82.30
20130219,86.96,86.99,86.80,86.84,257200,82.18
20130215,86.99,86.99,86.79,86.90,226600,82.24
20130214,86.68,86.90,86.64,86.87,381700,82.21
20130213,86.79,86.94,86.72,86.74,403800,82.09
20130212,86.88,87.03,86.87,87.00,268400,82.33
20130211,87.07,87.13,86.96,87.09,169900,82.42
20130208,86.92,87.10,86.87,86.98,406300,82.32
20130207,86.84,87.10,86.84,86.94,227200,82.28
20130206,87.00,87.00,86.77,86.96,259900,82.30
20130205,86.80,86.86,86.68,86.80,305300,82.14
20130204,86.58,86.96,86.58,86.86,322100,82.20
20130201,87.05,87.12,86.60,86.60,445500,81.96
20130131,86.85,86.88,86.69,86.84,240500,82.18
20130130,87.05,87.08,86.85,87.05,494000,82.17
20130129,87.10,87.24,87.03,87.09,653500,82.21
20130128,87.10,87.25,87.05,87.13,336400,82.25
20130125,87.54,87.57,87.36,87.46,273400,82.56
20130124,87.80,87.82,87.62,87.78,334500,82.86
20130123,87.82,87.82,87.65,87.76,379700,82.84
20130122,87.65,87.82,87.60,87.71,256100,82.80
20130118,87.70,87.73,87.54,87.71,586600,82.80
20130117,87.63,87.68,87.50,87.56,493200,82.65
20130116,87.91,87.91,87.69,87.80,437300,82.88
20130115,87.71,87.80,87.63,87.76,220200,82.84
20130114,87.88,87.89,87.55,87.57,410900,82.66
20130111,87.54,87.73,87.52,87.68,519600,82.77
20130110,87.53,87.71,87.52,87.62,382300,82.71
20130109,87.93,87.99,87.73,87.86,376500,82.94
20130108,87.78,87.93,87.75,87.92,501900,82.99
20130107,87.84,87.85,87.66,87.69,608400,82.78
20130104,87.66,87.84,87.58,87.82,1274500,82.90
20130103,88.05,88.09,87.69,87.73,1152000,82.81
20130102,88.03,88.12,87.79,88.09,2057500,83.15
20121231,88.10,88.12,87.66,87.66,629600,82.75
20121228,87.98,88.19,87.93,88.19,389200,83.25
20121227,87.85,87.85,87.50,87.80,238900,82.88
20121226,87.62,87.88,87.62,87.86,144000,82.94
20121224,87.74,87.76,87.59,87.69,145000,82.78
20121221,88.40,88.45,88.27,88.34,286500,82.77
20121220,88.22,88.27,88.05,88.20,198200,82.64
20121219,87.97,88.17,87.97,88.02,314400,82.47
20121218,88.07,88.15,87.77,87.77,423300,82.23
20121217,88.35,88.43,88.07,88.13,271000,82.57
20121214,88.41,88.49,88.35,88.49,227400,82.91
20121213,88.32,88.43,88.30,88.32,296300,82.75
20121212,88.69,88.72,88.37,88.41,484800,82.83
20121211,88.65,88.71,88.57,88.61,371700,83.02
20121210,88.64,88.65,88.44,88.47,344600,82.89
20121207,88.59,88.66,88.50,88.50,234800,82.92
20121206,88.77,88.78,88.67,88.71,212600,83.11
20121205,88.61,88.71,88.59,88.70,297400,83.10
20121204,88.41,88.55,88.41,88.54,176000,82.95
20121203,88.30,88.40,88.22,88.38,213500,82.80
20121130,88.48,88.53,88.39,88.46,309800,82.88
20121129,88.64,88.74,88.55,88.68,163300,82.87
20121128,88.60,88.65,88.45,88.55,221900,82.75
20121127,88.35,88.50,88.22,88.50,262900,82.70
20121126,88.42,88.49,88.20,88.22,355600,82.44
20121123,88.22,88.36,88.16,88.31,124400,82.52
20121121,88.23,88.27,88.11,88.20,209200,82.42
20121120,88.42,88.49,88.23,88.28,177200,82.50
20121119,88.45,88.61,88.38,88.61,160000,82.80
20121116,88.44,88.60,88.41,88.51,160600,82.71
20121115,88.38,88.42,88.23,88.39,577300,82.60
20121114,88.57,88.61,88.40,88.42,445300,82.63
20121113,88.70,88.73,88.43,88.61,337900,82.80
20121112,88.35,88.66,88.35,88.65,387700,82.84
20121109,88.57,88.59,88.24,88.35,320300,82.56
20121108,88.50,88.57,88.38,88.43,266400,82.64
20121107,88.61,88.72,88.44,88.57,579800,82.77
20121106,88.48,88.56,88.23,88.25,180000,82.47
20121105,88.73,88.74,88.59,88.60,343600,82.80
20121102,88.61,88.65,88.27,88.60,179700,82.80
20121101,88.87,88.88,88.71,88.82,251900,82.79
20121031,88.55,88.87,88.44,88.79,243200,82.76
20121026,88.50,88.58,88.39,88.55,254200,82.54
20121025,88.27,88.43,88.15,88.31,558900,82.31
20121024,88.32,88.59,88.28,88.42,231900,82.41
20121023,88.32,88.47,88.21,88.43,413700,82.42
20121022,88.52,88.52,88.25,88.27,257200,82.27
20121019,88.64,88.71,88.52,88.59,183000,82.57
20121018,88.66,88.73,88.53,88.58,533700,82.56
20121017,88.79,88.80,88.63,88.70,759800,82.67
20121016,88.66,88.78,88.62,88.75,326500,82.72
20121015,88.70,88.74,88.60,88.69,280400,82.67
20121012,88.50,88.67,88.40,88.54,314900,82.53
20121011,88.04,88.41,88.04,88.36,182100,82.36
20121010,87.98,88.26,87.92,88.26,151200,82.26
20121009,88.01,88.13,87.97,88.08,161600,82.10
20121008,87.99,88.11,87.90,88.08,233200,82.10
20121005,88.02,88.09,87.89,87.96,319600,81.99
20121004,88.12,88.20,88.02,88.10,916900,82.12
20121003,88.07,88.15,88.01,88.03,895200,82.05
20121002,88.00,88.08,87.90,88.05,245000,82.07
20121001,87.74,87.98,87.72,87.85,567000,81.88
20120928,87.66,87.72,87.53,87.67,253500,81.71
20120927,87.70,87.89,87.66,87.70,747400,81.52
20120926,87.73,87.88,87.70,87.80,155900,81.61
20120925,87.69,87.80,87.51,87.77,336100,81.59
20120924,87.75,87.79,87.65,87.75,428500,81.57
20120921,87.42,87.68,87.38,87.68,251200,81.50
20120920,87.74,87.74,87.42,87.53,186800,81.36
20120919,87.67,87.67,87.52,87.64,262600,81.47
20120918,87.45,87.54,87.30,87.47,422800,81.31
20120917,87.10,87.31,87.06,87.27,201600,81.12
20120914,87.16,87.17,86.87,86.99,227800,80.86
20120913,87.04,87.29,86.70,87.20,257500,81.06
20120912,86.91,87.00,86.86,86.90,329800,80.78
20120911,87.02,87.13,86.88,87.07,338200,80.94
20120910,86.98,87.13,86.89,87.00,1026900,80.87
20120907,87.24,87.26,86.94,86.94,537900,80.82
20120906,86.88,86.88,86.56,86.76,1243400,80.65
20120905,87.03,87.09,86.94,87.01,384600,80.88
20120904,87.22,87.22,86.99,87.07,292700,80.94
20120831,86.89,87.25,86.80,87.25,577500,81.10
20120830,87.10,87.15,86.97,86.98,662200,80.63
20120829,87.12,87.12,86.90,87.09,710600,80.73
20120828,87.05,87.11,86.95,87.04,303600,80.69
20120827,87.00,87.02,86.89,86.93,334600,80.59
20120824,86.90,86.94,86.75,86.81,323200,80.47
20120823,86.88,86.90,86.76,86.88,533900,80.54
20120822,86.50,86.76,86.36,86.74,442300,80.41
20120821,86.08,86.22,85.98,86.17,271800,79.88
20120820,86.03,86.14,86.01,86.11,203900,79.83
20120817,86.06,86.19,85.89,86.05,188400,79.77
20120816,86.12,86.12,85.84,85.95,412900,79.68
20120815,86.16,86.20,85.95,85.99,268800,79.71
20120814,86.40,86.40,86.21,86.36,303400,80.06
20120813,86.67,86.67,86.54,86.57,159700,80.25
20120810,86.66,86.66,86.50,86.58,229000,80.26
20120809,86.32,86.43,86.11,86.38,278800,80.08
20120808,86.43,86.59,86.34,86.36,178700,80.06
20120807,86.43,86.66,86.38,86.43,354400,80.12
20120806,86.89,86.99,86.79,86.89,756900,80.55
20120803,86.74,86.76,86.45,86.60,169300,80.28
20120802,86.93,87.00,86.61,86.62,236600,80.30
20120801,86.90,87.09,86.73,86.86,264600,80.52
20120731,87.05,87.05,86.82,86.98,327700,80.63
20120730,86.78,86.98,86.67,86.96,199400,80.39
20120727,86.85,86.85,86.46,86.74,183800,80.18
20120726,86.96,87.04,86.87,86.97,207400,80.40
20120725,87.00,87.03,86.89,87.03,164300,80.45
20120724,86.78,87.01,86.71,86.94,270200,80.37
20120723,86.93,86.93,86.75,86.87,167400,80.30
20120720,87.00,87.06,86.89,87.03,225700,80.45
20120719,86.85,86.96,86.68,86.68,371400,80.13
20120718,86.86,86.90,86.72,86.84,293700,80.28
20120717,86.50,86.69,86.50,86.65,152600,80.10
20120716,86.45,86.64,86.45,86.53,499900,79.99
20120713,86.37,86.38,86.23,86.36,175100,79.83
20120712,86.25,86.35,86.08,86.34,229400,79.81
20120711,86.29,86.29,86.04,86.21,246100,79.69
20120710,86.05,86.12,85.99,86.08,159300,79.57
20120709,86.00,86.10,85.95,86.09,174400,79.58
20120706,85.99,86.05,85.80,86.01,289400,79.51
20120705,85.74,85.85,85.71,85.82,176800,79.33
20120703,85.66,85.75,85.59,85.70,135600,79.22
20120702,85.37,85.72,85.33,85.66,454400,79.18
20120629,85.09,85.22,85.00,85.21,236600,78.77
20120628,85.36,85.41,85.28,85.37,194900,78.69
20120627,85.27,85.27,85.09,85.19,180200,78.53
20120626,85.20,85.27,85.11,85.16,201200,78.50
20120625,85.33,85.42,85.27,85.35,309100,78.67
20120622,85.19,85.26,85.11,85.22,259200,78.55
20120621,85.32,85.47,85.21,85.30,221500,78.63
20120620,85.01,85.19,84.86,85.14,184300,78.48
20120619,85.18,85.18,84.93,85.09,203100,78.44
20120618,85.13,85.16,84.96,85.16,125900,78.50
20120615,85.00,85.10,84.93,85.10,129400,78.44
20120614,84.84,84.84,84.65,84.74,137600,78.11
20120613,84.59,84.80,84.50,84.78,178200,78.15
20120612,84.76,84.77,84.60,84.64,168100,78.02
20120611,84.80,84.98,84.74,84.90,149600,78.26
20120608,84.88,84.96,84.67,84.73,151300,78.10
20120607,84.50,84.62,84.45,84.55,142300,77.94
20120606,84.50,84.60,84.25,84.44,288000,77.84
20120605,84.51,84.67,84.45,84.57,213800,77.96
20120604,84.90,84.90,84.65,84.72,229700,78.09
20120601,84.83,85.05,84.71,85.01,227800,78.36
20120531,84.79,84.92,84.64,84.83,229600,78.20
20120530,84.70,84.86,84.65,84.84,223800,77.98
20120529,84.51,84.60,84.39,84.39,94700,77.57
20120525,84.35,84.49,84.26,84.46,176000,77.63
20120524,84.18,84.24,84.09,84.20,337600,77.39
20120523,84.23,84.35,84.15,84.23,124100,77.42
20120522,84.08,84.21,84.01,84.21,174100,77.40
20120521,84.25,84.28,84.15,84.18,181600,77.37
20120518,84.49,84.58,84.26,84.42,187000,77.60
20120517,84.55,84.78,84.50,84.52,258400,77.69
20120516,84.78,84.96,84.70,84.88,172000,78.02
20120515,85.13,85.13,84.92,85.04,226800,78.17
20120514,85.15,85.20,85.00,85.16,227000,78.28
20120511,85.04,85.14,84.96,85.09,270000,78.21
20120510,84.88,84.89,84.65,84.87,263000,78.01
20120509,85.25,85.25,84.90,84.97,556900,78.10
20120508,85.13,85.24,85.01,85.05,249700,78.17
20120507,85.12,85.15,85.03,85.12,140900,78.24
20120504,85.10,85.18,84.96,85.15,492200,78.27
20120503,84.84,85.00,84.82,84.97,173100,78.10
20120502,84.83,84.93,84.79,84.93,189000,78.06
20120501,84.99,84.99,84.60,84.77,281000,77.92
20120430,84.73,84.79,84.60,84.73,176600,77.88
20120427,84.78,84.96,84.75,84.96,149000,77.86
20120426,84.72,84.89,84.66,84.82,200500,77.73
20120425,84.56,84.66,84.40,84.58,206100,77.51
20120424,84.61,84.64,84.54,84.57,153400,77.51
20120423,84.70,84.70,84.56,84.60,140600,77.53
20120420,84.55,84.63,84.43,84.63,154900,77.56
20120419,84.60,84.63,84.52,84.60,166600,77.53
20120418,84.50,84.55,84.42,84.50,146100,77.44
20120417,84.39,84.43,84.27,84.42,272600,77.37
20120416,84.55,84.66,84.45,84.51,209300,77.45
20120413,84.45,84.57,84.36,84.51,215100,77.45
20120412,84.34,84.34,84.21,84.27,185300,77.23
20120411,84.29,84.32,84.05,84.32,154400,77.28
20120410,84.40,84.44,84.22,84.43,188600,77.38
20120409,84.35,84.35,84.09,84.28,140900,77.24
20120405,83.86,83.90,83.64,83.86,757700,76.85
20120404,83.53,83.76,83.50,83.76,212500,76.76
20120403,83.83,83.97,83.27,83.36,127800,76.40
20120402,83.89,83.98,83.57,83.66,751600,76.67
20120330,84.15,84.15,83.67,83.75,188400,76.75
20120329,84.30,84.36,84.20,84.36,120900,77.09
20120328,84.19,84.32,84.01,84.13,154200,76.88
20120327,83.80,84.25,83.80,84.22,372200,76.97
20120326,83.99,83.99,83.68,83.89,207500,76.66
20120323,83.83,83.89,83.71,83.81,136800,76.59
20120322,83.79,83.79,83.64,83.70,135200,76.49
20120321,83.56,83.72,83.43,83.70,111900,76.49
20120320,83.18,83.56,83.02,83.35,189600,76.17
20120319,83.75,83.77,83.44,83.53,1071200,76.33
20120316,83.66,83.84,83.51,83.83,163700,76.61
20120315,83.51,83.88,83.51,83.73,168500,76.52
20120314,84.09,84.09,83.60,83.70,317700,76.49
20120313,84.41,84.41,84.17,84.25,360300,76.99
20120312,84.62,84.62,84.45,84.50,149300,77.22
20120309,84.50,84.55,84.32,84.55,420800,77.27
20120308,84.70,84.70,84.51,84.60,222500,77.31
20120307,84.66,84.75,84.55,84.67,238400,77.38
20120306,84.81,84.81,84.60,84.62,173500,77.33
20120305,84.86,84.86,84.51,84.71,370800,77.41
20120302,84.56,84.94,84.56,84.88,171200,77.57
20120301,84.56,84.70,84.44,84.63,160100,77.34
20120229,84.95,84.95,84.55,84.60,213600,77.31
20120228,84.90,85.07,84.90,84.93,268500,77.40
20120227,84.91,84.92,84.70,84.76,156800,77.25
20120224,84.58,84.58,84.36,84.52,212600,77.03
20120223,84.20,84.50,84.18,84.37,160800,76.89
20120222,84.20,84.35,84.00,84.35,144300,76.88
20120221,84.18,84.18,83.92,84.05,217400,76.60
20120217,84.00,84.19,83.96,84.19,127800,76.73
20120216,84.30,84.32,83.92,84.09,235400,76.64
20120215,84.48,84.58,84.34,84.43,191900,76.95
20120214,84.30,84.43,84.21,84.32,217800,76.85
20120213,84.22,84.43,84.20,84.34,339800,76.87
20120210,84.33,84.42,84.17,84.33,187200,76.86
20120209,84.28,84.28,83.91,84.13,230000,76.68
20120208,84.12,84.30,84.11,84.23,214000,76.77
20120207,84.37,84.37,84.14,84.20,1046900,76.74
20120206,84.21,84.54,84.02,84.49,5261000,77.00
20120203,84.15,84.33,83.88,84.33,131500,76.86
20120202,84.20,84.33,83.98,84.33,160600,76.86
20120201,84.33,84.33,83.90,84.18,247200,76.72
20120131,84.01,84.27,83.83,84.27,138800,76.80
20120130,84.23,84.23,84.05,84.11,112600,76.45
20120127,84.09,84.17,83.68,84.13,190200,76.46
20120126,83.65,83.85,83.47,83.82,199800,76.18
20120125,82.88,83.51,82.73,83.30,145800,75.71
20120124,82.81,82.89,82.65,82.89,129200,75.34
20120123,82.80,82.95,82.71,82.90,139100,75.35
20120120,83.27,83.27,82.75,82.81,192500,75.26
20120119,83.21,83.21,82.90,83.09,265600,75.52
20120118,83.10,83.13,82.90,83.01,288600,75.45
20120117,82.90,83.03,82.86,83.01,198800,75.45
20120113,82.60,82.91,82.60,82.77,133200,75.23
20120112,82.76,82.76,82.42,82.63,413900,75.10
20120111,82.80,82.80,82.50,82.67,517900,75.14
20120110,82.49,82.61,82.25,82.48,129400,74.96
20120109,82.47,82.68,82.33,82.42,250100,74.91
20120106,82.27,82.37,82.11,82.28,82500,74.78
20120105,81.88,82.17,81.88,82.06,81500,74.58
20120104,82.28,82.29,82.05,82.13,114200,74.65
20120103,82.36,82.46,82.12,82.34,296100,74.84
20111230,82.17,82.44,82.10,82.37,152900,74.86
20111229,81.95,82.17,81.81,82.08,82900,74.60
20111228,81.88,82.01,81.52,81.96,66600,74.49
20111227,81.52,81.74,81.41,81.71,44200,74.26
20111223,82.15,82.15,81.34,81.39,135200,73.97
20111222,82.10,82.20,81.73,82.11,117500,74.33
20111221,81.95,81.95,81.67,81.76,99100,74.01
20111220,82.13,82.14,81.86,82.00,113600,74.23
20111219,81.96,82.22,81.94,82.16,92700,74.38
20111216,82.15,82.15,81.83,81.99,124100,74.22
20111215,81.79,81.92,81.71,81.91,95800,74.15
20111214,81.78,81.96,81.68,81.94,281300,74.18
20111213,81.39,81.78,81.25,81.74,101900,74.00
20111212,81.52,81.52,81.20,81.21,54000,73.52
20111209,81.61,81.61,81.19,81.29,68000,73.59
20111208,81.47,81.68,81.30,81.60,106200,73.87
20111207,81.54,81.64,81.19,81.59,62800,73.86
20111206,81.08,81.25,80.90,81.04,104700,73.36
20111205,81.11,81.50,81.11,81.46,88500,73.74
20111202,80.76,81.15,80.51,81.14,124700,73.45
20111201,81.00,81.00,80.18,80.57,114300,72.94
20111130,80.66,80.72,80.35,80.64,92300,73.00
20111129,80.76,80.85,80.49,80.69,78400,72.81
20111128,80.51,80.92,80.44,80.89,51900,72.99
20111125,81.00,81.00,80.52,80.73,39100,72.85
20111123,80.95,81.02,80.75,80.89,77000,72.99
20111122,81.28,81.33,81.01,81.30,93800,73.36
20111121,81.59,81.59,81.17,81.29,91800,73.35
20111118,81.66,81.69,81.35,81.48,78600,73.52
20111117,82.00,82.00,81.51,81.63,132900,73.66
20111116,82.17,82.26,82.02,82.25,60100,74.22
20111115,82.26,82.37,82.02,82.14,62800,74.12
20111114,82.35,82.50,82.11,82.28,117500,74.24
20111111,82.28,82.36,82.16,82.31,50400,74.27
20111110,82.31,82.48,82.13,82.38,71900,74.33
20111109,82.41,82.81,82.41,82.65,68800,74.58
20111108,82.77,82.99,82.45,82.54,62700,74.48
20111107,82.67,82.99,82.44,82.78,41300,74.70
20111104,82.59,82.77,82.46,82.71,145300,74.63
20111103,82.68,82.83,82.45,82.75,86900,74.67
20111102,82.68,82.98,82.60,82.98,57300,74.88
20111101,81.80,82.86,81.80,82.86,75500,74.77
20111031,82.20,82.49,82.04,82.27,56200,74.23
20111028,82.10,82.28,81.95,82.21,70200,73.94
20111027,82.45,82.45,81.76,82.00,66700,73.75
20111026,82.27,82.40,82.00,82.16,148300,73.89
20111025,81.89,82.41,81.75,82.30,98300,74.02
20111024,81.78,81.83,81.53,81.83,116400,73.60
20111021,81.57,81.69,81.36,81.66,58500,73.45
20111020,81.24,81.43,81.09,81.28,61400,73.10
20111019,81.17,81.34,80.93,81.31,98400,73.13
20111018,80.65,81.03,80.64,80.99,120700,72.84
20111017,80.59,80.72,80.33,80.67,56700,72.55
20111014,80.17,80.43,79.92,80.33,64300,72.25
20111013,80.24,80.41,80.09,80.25,97500,72.18
20111012,80.00,80.17,79.78,80.16,85500,72.10
20111011,79.90,80.18,79.83,80.18,44100,72.11
20111010,79.84,79.84,79.39,79.71,39800,71.69
20111007,80.03,80.13,79.71,79.91,54900,71.87
20111006,80.09,80.10,79.72,80.06,298800,72.01
20111005,80.01,80.31,79.95,80.08,230900,72.02
20111004,80.90,81.21,80.06,80.09,142600,72.03
20111003,80.77,81.03,80.42,80.54,493100,72.44
20110930,81.02,81.02,80.75,80.96,53800,72.82
20110929,81.06,81.40,80.91,81.08,38700,72.69
20110928,81.29,81.29,80.87,81.16,55900,72.77
20110927,81.09,81.50,81.04,81.41,228400,72.99
20110926,81.50,81.71,81.38,81.49,207200,73.06
20110923,82.15,82.25,81.57,81.85,152700,73.38
20110922,82.40,82.47,82.07,82.45,54300,73.92
20110921,82.44,82.65,82.20,82.43,53500,73.90
20110920,82.56,82.57,82.28,82.49,60400,73.96
20110919,82.37,82.48,82.14,82.40,58800,73.88
20110916,82.05,82.21,81.75,82.15,40400,73.65
20110915,82.00,82.12,81.75,82.08,60300,73.59
20110914,82.50,82.56,82.19,82.46,171000,73.93
20110913,82.52,82.52,82.10,82.45,68800,73.92
20110912,82.80,82.92,82.51,82.66,80600,74.11
20110909,83.04,83.22,82.79,83.00,41700,74.42
20110908,83.03,83.06,82.64,83.05,115700,74.46
20110907,82.83,82.92,82.50,82.80,68600,74.24
20110906,82.99,82.99,82.63,82.91,87100,74.33
20110902,82.83,83.00,82.59,82.91,59700,74.33
20110901,82.32,82.72,82.03,82.72,37000,74.16
20110831,82.63,82.67,82.25,82.32,138000,73.81
20110830,82.27,82.48,82.10,82.36,50400,73.61
20110829,81.68,81.91,81.50,81.86,171900,73.16
20110826,81.65,81.89,81.59,81.84,45400,73.14
20110825,81.37,81.80,81.31,81.54,26300,72.88
20110824,81.86,81.86,81.12,81.42,58200,72.77
20110823,82.60,82.60,82.00,82.07,66300,73.35
20110822,82.89,82.89,82.50,82.53,97600,73.76
20110819,82.56,82.87,82.49,82.87,53900,74.06
20110818,83.56,83.56,82.40,82.90,155000,74.09
20110817,83.00,83.24,82.63,83.23,85400,74.39
20110816,82.85,82.85,82.28,82.69,50400,73.90
20110815,84.67,84.67,82.52,82.61,92100,73.83
20110812,82.48,82.79,82.27,82.70,90700,73.91
20110811,83.05,83.05,82.00,82.22,173300,73.48
20110810,83.91,84.08,82.90,83.10,124700,74.27
20110809,82.46,83.92,81.96,83.52,125400,74.65
20110808,82.42,83.02,81.67,82.07,264500,73.35
20110805,83.17,83.17,82.40,82.63,119000,73.85
20110804,83.11,83.31,82.83,83.27,87100,74.42
20110803,83.00,83.05,82.64,82.84,188200,74.04
20110802,82.70,82.82,82.40,82.78,70100,73.98
20110801,82.26,82.53,82.11,82.45,232400,73.69
20110729,81.84,82.10,81.52,82.01,43800,73.30
20110728,81.40,81.67,81.40,81.66,37200,72.74
20110727,81.24,81.59,81.15,81.35,32700,72.47
20110726,81.16,81.68,81.16,81.64,44200,72.72
20110725,81.14,81.47,81.12,81.32,181000,72.44
20110722,81.57,81.57,81.31,81.40,34900,72.51
20110721,81.41,81.42,81.12,81.25,68400,72.38
20110720,81.47,81.85,81.46,81.52,32200,72.62
20110719,81.47,81.74,81.35,81.74,46400,72.81
20110718,81.67,81.67,81.35,81.39,43400,72.50
20110715,81.50,81.60,81.32,81.58,41600,72.67
20110714,81.60,81.66,81.38,81.41,67700,72.52
20110713,81.48,81.79,81.40,81.79,128800,72.86
20110712,81.81,81.81,81.41,81.61,84900,72.70
20110711,81.64,81.64,81.28,81.61,77500,72.70
20110708,81.36,81.36,81.03,81.29,182600,72.41
20110707,80.57,80.78,80.47,80.76,157900,71.94
20110706,81.14,81.14,80.61,80.75,89100,71.93
20110705,80.77,80.77,80.45,80.66,70000,71.85
20110701,80.01,80.58,80.01,80.36,336300,71.58
20110630,80.45,80.51,79.89,80.21,124600,71.45
20110629,80.72,80.81,80.48,80.61,135900,71.57
20110628,81.24,81.24,80.61,80.80,47000,71.74
20110627,81.65,81.65,81.19,81.27,83500,72.16
20110624,81.35,81.59,81.20,81.49,39800,72.35
20110623,81.42,81.46,81.21,81.32,45000,72.20
20110622,81.42,81.42,80.98,81.13,27100,72.03
20110621,80.86,81.22,80.86,81.14,44400,72.04
20110620,81.47,81.47,81.00,81.14,46400,72.04
20110617,81.23,81.31,81.12,81.28,49900,72.17
20110616,81.38,81.38,81.09,81.30,36200,72.18
20110615,80.77,81.13,80.64,81.10,38000,72.01
20110614,80.62,80.88,80.51,80.64,49000,71.60
20110613,80.88,81.22,80.86,81.01,40100,71.93
20110610,81.33,81.43,81.09,81.15,58300,72.05
20110609,81.55,81.55,81.06,81.11,44000,72.01
20110608,81.41,81.49,81.34,81.40,118300,72.27
20110607,81.61,81.61,80.97,81.34,65700,72.22
20110606,81.25,81.25,81.00,81.20,111500,72.09
20110603,81.13,81.40,81.00,81.24,42900,72.13
20110602,81.59,81.59,81.05,81.11,74200,72.01
20110601,81.16,81.64,81.16,81.64,56300,72.48
20110531,81.30,81.30,80.90,81.09,55800,72.00
20110527,81.40,82.00,81.16,81.35,50500,72.00
20110526,81.26,81.34,81.12,81.32,33200,71.97
20110525,81.19,81.19,80.88,81.03,178500,71.72
20110524,80.99,81.06,80.88,81.03,34000,71.72
20110523,81.27,81.27,80.92,80.99,51300,71.68
20110520,81.04,81.04,80.70,80.96,57000,71.65
20110519,80.65,80.98,80.50,80.96,35800,71.65
20110518,81.28,81.28,80.77,80.88,52800,71.58
20110517,81.17,81.17,80.89,81.08,91900,71.76
20110516,81.08,81.08,80.77,81.03,132000,71.72
20110513,80.86,81.09,80.66,81.00,63100,71.69
20110512,80.83,80.83,80.45,80.64,221500,71.37
20110511,80.50,80.80,80.47,80.78,46900,71.50
20110510,81.02,81.02,80.59,80.63,46600,71.36
20110509,80.91,81.00,80.87,80.96,71700,71.65
20110506,80.73,80.97,80.59,80.87,130000,71.58
20110505,80.74,80.89,80.57,80.81,84000,71.52
20110504,80.52,80.64,80.42,80.61,62000,71.35
20110503,80.50,80.50,80.30,80.42,39500,71.18
20110502,80.61,80.61,80.20,80.33,114400,71.10
20110429,80.11,80.31,80.00,80.30,79800,71.07
20110428,80.36,80.40,80.20,80.32,71100,70.86
20110427,80.15,80.20,79.99,80.16,77900,70.71
20110426,80.24,80.29,79.95,80.29,52100,70.83
20110425,80.08,80.08,79.78,80.00,55300,70.57
20110421,80.22,80.22,79.74,79.86,65300,70.45
20110420,79.96,79.96,79.67,79.78,50900,70.38
20110419,80.00,80.00,79.71,79.90,57500,70.49
20110418,80.11,80.11,79.24,79.67,37300,70.28
20110415,79.50,79.62,79.30,79.60,35800,70.22
20110414,79.42,79.42,79.12,79.14,25400,69.81
20110413,79.12,79.43,79.05,79.43,36300,70.07
20110412,78.91,79.24,78.90,79.20,81400,69.87
20110411,78.91,78.91,78.63,78.74,248400,69.46
20110408,78.84,78.85,78.65,78.78,33600,69.50
20110407,79.01,79.01,78.78,78.88,41600,69.59
20110406,79.11,79.13,78.91,78.96,167700,69.66
20110405,79.35,79.35,78.85,79.05,129500,69.74
20110404,79.43,79.43,79.12,79.28,29800,69.94
20110401,78.79,79.10,78.70,79.09,25600,69.77
20110331,79.44,79.44,78.88,78.92,37900,69.62
20110330,79.27,79.39,79.12,79.38,43800,69.76
20110329,79.33,79.36,79.04,79.17,40900,69.58
20110328,79.34,79.37,79.15,79.34,52600,69.73
20110325,79.39,79.71,79.19,79.33,42100,69.72
20110324,79.71,79.71,79.48,79.57,57800,69.93
20110323,79.80,80.09,79.73,79.77,45300,70.11
20110322,79.82,79.97,79.62,79.96,36400,70.27
20110321,80.37,80.37,79.64,79.96,89300,70.27
20110318,80.13,80.27,80.00,80.16,85800,70.45
20110317,80.17,80.22,79.85,80.17,72300,70.46
20110316,79.95,80.69,79.91,80.20,72500,70.48
20110315,80.09,80.09,79.61,79.74,29600,70.08
20110314,80.06,80.06,79.68,79.81,22000,70.14
20110311,79.85,79.85,79.41,79.68,46800,70.03
20110310,79.50,79.72,79.12,79.69,52300,70.04
20110309,79.17,79.39,78.97,79.28,21800,69.68
20110308,79.04,79.08,78.79,78.93,85600,69.37
20110307,79.02,79.27,78.80,79.06,42400,69.48
20110304,78.82,79.23,78.82,79.20,33000,69.61
20110303,79.02,79.02,78.71,78.82,38800,69.27
20110302,79.13,79.46,79.10,79.19,31000,69.60
20110301,79.29,79.41,79.05,79.41,39900,69.79
20110228,79.52,79.52,79.19,79.30,50400,69.69
20110225,79.03,79.52,79.03,79.52,57900,69.68
20110224,79.40,79.45,79.08,79.23,22500,69.42
20110223,79.47,79.47,79.12,79.19,37400,69.39
20110222,79.52,79.52,79.01,79.43,47600,69.60
20110218,78.97,79.05,78.58,79.01,28500,69.23
20110217,78.93,78.99,78.75,78.91,83200,69.14
20110216,78.97,78.97,78.43,78.68,31900,68.94
20110215,78.69,78.69,78.36,78.60,29700,68.87
20110214,78.49,78.54,78.34,78.39,23700,68.69
20110211,78.03,78.62,78.03,78.47,109200,68.76
20110210,78.42,78.42,78.01,78.04,69400,68.38
20110209,78.49,78.49,77.91,78.35,39600,68.65
20110208,78.15,78.35,77.85,77.93,53900,68.28
20110207,78.16,78.39,77.95,78.31,83700,68.62
20110204,78.50,78.50,78.04,78.24,32600,68.56
20110203,78.51,78.83,78.51,78.56,53300,68.84
20110202,79.31,79.31,78.72,78.85,24800,69.09
20110201,79.09,79.12,78.82,79.00,126700,69.22
20110131,79.41,79.64,79.09,79.10,181500,69.31
20110128,79.03,79.68,79.03,79.52,25700,69.44
20110127,79.33,79.46,79.04,79.41,45200,69.34
20110126,79.43,79.43,79.02,79.16,34100,69.12
20110125,78.80,79.56,78.80,79.49,86900,69.41
20110124,79.37,79.37,78.98,79.19,48500,69.15
20110121,78.76,79.19,78.74,79.15,28700,69.12
20110120,79.17,79.17,78.82,79.04,124900,69.02
20110119,79.22,79.41,79.19,79.39,70100,69.32
20110118,79.03,79.26,78.88,79.23,55200,69.19
20110114,79.54,79.54,79.23,79.36,91300,69.30
20110113,78.77,79.37,78.77,79.22,38600,69.18
20110112,78.84,79.13,78.68,79.06,125400,69.04
20110111,79.11,79.11,78.70,78.93,41600,68.92
20110110,78.72,79.05,78.72,78.99,15900,68.98
20110107,78.44,78.99,78.44,78.80,44400,68.81
20110106,78.37,78.63,78.34,78.50,36400,68.55
20110105,78.55,78.57,78.10,78.25,45700,68.33
20110104,78.66,78.96,78.60,78.88,31900,68.88
20110103,78.53,78.68,78.17,78.63,53200,68.66
20101231,78.55,78.74,78.52,78.68,16600,68.70
20101230,78.11,78.41,78.05,78.37,49500,68.43
20101229,77.65,78.56,77.65,78.41,51500,68.47
20101228,77.97,78.39,77.65,77.77,36400,67.91
20101227,77.99,78.39,77.80,78.39,23300,68.45
20101223,79.03,79.03,78.65,78.69,16700,68.13
20101222,78.88,79.00,78.75,78.98,53400,68.39
20101221,79.27,79.27,78.68,78.96,33100,68.37
20101220,79.46,79.46,78.77,78.82,25600,68.25
20101217,78.37,79.02,78.37,78.90,25300,68.32
20101216,78.21,78.35,77.77,78.30,41000,67.80
20101215,78.20,78.53,77.70,77.82,30300,67.38
20101214,78.40,78.58,77.98,78.09,46800,67.62
20101213,78.43,78.93,78.38,78.71,661400,68.15
20101210,78.71,78.92,78.60,78.60,162400,68.06
20101209,78.80,79.29,78.79,78.95,90300,68.36
20101208,79.03,79.20,78.54,78.85,96800,68.27
20101207,80.16,80.16,79.41,79.53,64400,68.86
20101206,80.59,80.59,80.18,80.21,318400,69.45
20101203,80.28,80.45,79.86,79.96,49300,69.23
20101202,80.00,80.29,79.93,80.04,40300,69.30
20101201,80.50,80.50,80.00,80.07,52400,69.33
20101130,80.78,80.89,80.65,80.68,31600,69.86
20101129,81.17,81.17,80.74,80.94,39000,69.84
20101126,81.04,81.04,80.63,80.81,10300,69.73
20101124,81.22,81.22,80.57,80.60,29400,69.55
20101123,81.45,81.46,80.95,81.11,32600,69.99
20101122,80.93,81.14,80.71,81.13,24100,70.01
20101119,80.61,80.73,80.45,80.55,41000,69.51
20101118,80.17,80.65,80.13,80.65,37100,69.59
20101117,80.51,80.92,80.45,80.62,36800,69.57
20101116,80.25,80.45,80.00,80.42,40800,69.40
20101115,80.77,81.28,80.17,80.17,66800,69.18
20101112,81.75,81.80,81.11,81.28,54300,70.14
20101111,82.36,82.36,81.68,81.94,25600,70.71
20101110,82.29,82.29,81.77,82.19,36100,70.92
20101109,82.62,82.62,82.07,82.15,29400,70.89
20101108,82.70,82.70,82.51,82.57,24100,71.25
20101105,82.96,82.96,82.45,82.47,62000,71.16
20101104,82.70,82.88,82.53,82.88,60500,71.52
20101103,82.61,82.61,81.80,81.95,279500,70.72
20101102,82.02,82.24,82.02,82.15,31300,70.89
20101101,82.53,82.53,81.98,82.05,31000,70.80
20101029,82.01,82.11,81.83,82.09,19800,70.84
20101028,81.93,82.14,81.84,82.11,39200,70.62
20101027,81.91,81.91,81.50,81.65,26700,70.23
20101026,82.21,82.21,81.77,81.93,63500,70.47
20101025,82.20,82.44,82.15,82.16,50900,70.67
20101022,82.09,82.24,82.06,82.21,28400,70.71
20101021,82.35,82.35,82.08,82.09,20800,70.61
20101020,82.32,82.49,82.18,82.35,40100,70.83
20101019,82.16,82.47,82.01,82.29,50400,70.78
20101018,81.88,82.22,81.84,82.21,37900,70.71
20101015,82.13,82.13,81.61,81.84,70200,70.39
20101014,82.58,82.58,82.02,82.08,87500,70.60
20101013,82.37,82.61,82.30,82.57,144600,71.02
20101012,82.70,82.77,82.43,82.48,57000,70.94
20101011,82.41,82.80,82.41,82.80,183000,71.22
20101008,82.99,82.99,82.60,82.71,40600,71.14
20101007,82.74,82.78,82.50,82.57,114400,71.02
20101006,82.73,82.75,82.38,82.58,297100,71.03
20101005,82.03,82.21,81.89,82.15,49600,70.66
20101004,81.93,82.01,81.81,81.93,49700,70.47
20101001,81.50,81.88,81.48,81.82,15800,70.37
20100930,81.70,81.75,81.22,81.74,75900,70.31
20100929,82.07,82.07,81.81,81.93,34100,70.24
20100928,81.81,82.06,81.67,81.95,42200,70.26
20100927,81.58,81.78,81.42,81.60,130100,69.96
20100924,81.47,81.47,81.14,81.20,42100,69.62
20100923,81.73,81.73,81.36,81.51,35500,69.88
20100922,81.67,81.70,81.32,81.51,25600,69.88
20100921,81.11,81.41,80.91,81.28,93100,69.69
20100920,80.55,80.97,80.55,80.88,113200,69.34
20100917,80.68,80.82,80.60,80.73,35800,69.21
20100916,80.75,80.75,80.50,80.56,452900,69.07
20100915,80.86,81.00,80.62,80.74,53500,69.22
20100914,80.74,80.98,80.54,80.97,23300,69.42
20100913,80.31,80.61,80.10,80.59,39000,69.09
20100910,80.42,80.42,79.87,80.17,22200,68.73
20100909,80.50,80.59,80.26,80.32,27400,68.86
20100908,80.68,80.84,80.60,80.74,27900,69.22
20100907,80.76,80.89,80.46,80.88,29000,69.34
20100903,80.35,80.41,79.84,79.88,139900,68.49
20100902,80.68,80.77,80.51,80.74,38200,69.22
20100901,81.10,81.10,80.48,80.85,46100,69.32
20100831,81.29,81.29,80.92,81.12,19800,69.55
20100830,81.01,81.24,80.74,81.15,44600,69.34
20100827,81.30,81.30,80.60,80.65,31600,68.91
20100826,81.27,81.43,81.10,81.43,41800,69.58
20100825,81.71,81.71,81.05,81.30,48600,69.47
20100824,81.46,81.61,81.30,81.43,38000,69.58
20100823,81.11,81.21,81.00,81.21,15900,69.39
20100820,81.26,81.29,81.01,81.07,53500,69.27
20100819,80.97,81.31,80.88,81.24,40400,69.42
20100818,81.20,81.20,80.84,81.01,37900,69.22
20100817,81.19,81.19,80.72,80.95,39000,69.17
20100816,81.16,81.22,80.87,81.20,30400,69.38
20100813,80.19,80.70,80.19,80.70,38600,68.95
20100812,80.59,80.59,80.31,80.37,40300,68.67
20100811,80.58,80.70,80.51,80.70,54600,68.95
20100810,80.27,80.58,80.02,80.57,33900,68.84
20100809,80.20,80.29,80.02,80.02,28100,68.37
20100806,80.23,80.27,79.92,80.25,46600,68.57
20100805,79.53,79.96,79.53,79.85,51600,68.23
20100804,79.80,79.95,79.54,79.55,54800,67.97
20100803,79.85,79.94,79.69,79.80,134600,68.19
20100802,79.81,79.84,79.60,79.71,116700,68.11
20100730,79.69,79.87,79.45,79.85,36500,68.23
20100729,79.52,79.76,79.34,79.67,40800,67.83
20100728,79.66,79.66,79.22,79.53,28200,67.71
20100727,79.39,79.39,79.05,79.30,44800,67.51
20100726,79.30,79.38,79.00,79.31,18700,67.52
20100723,79.36,79.41,79.14,79.19,24100,67.42
20100722,79.49,79.49,79.00,79.41,38600,67.60
20100721,79.32,79.54,79.09,79.54,59000,67.71
20100720,79.26,79.33,79.02,79.02,29200,67.27
20100719,79.24,79.27,79.03,79.10,50100,67.34
20100716,79.04,79.26,79.02,79.14,24000,67.37
20100715,78.75,78.94,78.66,78.84,39300,67.12
20100714,78.53,78.63,78.21,78.61,31100,66.92
20100713,78.33,78.33,78.04,78.20,35500,66.57
20100712,78.17,78.26,78.06,78.15,29000,66.53
20100709,78.17,78.17,77.91,78.10,31100,66.49
20100708,78.13,78.18,78.00,78.14,44600,66.52
20100707,78.36,78.37,78.12,78.24,41300,66.61
20100706,77.79,78.34,77.79,78.29,20600,66.65
20100702,78.12,78.12,77.82,77.98,27200,66.39
20100701,78.31,78.43,78.14,78.18,20500,66.56
20100630,78.20,78.22,77.90,78.20,21300,66.57
20100629,78.35,78.40,78.11,78.38,25200,66.50
20100628,78.13,78.27,77.95,78.27,21100,66.41
20100625,77.64,77.88,77.59,77.80,34200,66.01
20100624,77.72,77.86,77.40,77.67,43400,65.90
20100623,77.31,77.88,77.31,77.80,32100,66.01
20100622,77.27,77.45,77.05,77.40,25400,65.67
20100621,77.03,77.19,76.81,77.17,29900,65.47
20100618,77.15,77.19,77.05,77.05,29900,65.37
20100617,77.05,77.26,76.89,77.07,25100,65.39
20100616,76.72,76.80,76.49,76.67,37800,65.05
20100615,76.75,76.75,76.39,76.51,16600,64.91
20100614,76.69,76.69,76.30,76.64,21800,65.02
20100611,76.68,76.86,76.31,76.73,56700,65.10
20100610,76.78,76.88,76.25,76.25,22900,64.69
20100609,77.15,77.15,76.70,77.00,53200,65.33
20100608,77.41,77.41,77.00,77.15,54700,65.46
20100607,77.00,77.36,76.93,77.33,24100,65.61
20100604,77.34,77.34,76.20,76.76,59600,65.12
20100603,76.25,76.57,76.17,76.37,53700,64.79
20100602,76.76,76.76,76.44,76.49,14300,64.90
20100601,77.47,77.47,76.55,76.76,14500,65.12
20100528,76.78,76.78,76.46,76.71,22900,65.08
20100527,77.01,77.01,76.62,76.78,29600,64.88
20100526,77.31,77.42,77.00,77.35,30900,65.36
20100525,77.71,77.71,77.33,77.45,67300,65.44
20100524,77.69,77.75,77.34,77.53,16800,65.51
20100521,77.70,77.70,77.10,77.39,106600,65.39
20100520,77.70,77.70,77.04,77.30,43800,65.32
20100519,77.63,77.67,77.30,77.40,31700,65.40
20100518,77.16,77.40,77.05,77.29,25100,65.31
20100517,77.52,77.52,77.00,77.07,28300,65.12
20100514,77.35,77.53,77.09,77.24,29500,65.27
20100513,77.11,77.21,76.89,77.15,25300,65.19
20100512,77.03,77.27,76.92,77.15,29700,65.19
20100511,77.28,77.28,76.77,77.11,11600,65.16
20100510,77.77,77.77,76.50,76.92,20000,65.00
20100507,77.56,77.76,76.64,76.90,39400,64.98
20100506,77.32,77.39,76.64,76.64,23900,64.76
20100505,77.62,77.62,76.76,77.11,51800,65.16
20100504,77.40,77.48,77.17,77.45,41700,65.44
20100503,77.21,77.24,76.86,77.06,25700,65.11
20100430,77.09,77.23,76.91,77.22,21700,65.25
20100429,77.17,77.25,77.04,77.20,33900,65.02
20100428,77.19,77.39,77.02,77.08,11900,64.91
20100427,77.39,77.39,76.98,77.34,10700,65.13
20100426,77.23,77.23,76.94,77.01,35800,64.86
20100423,77.06,77.06,76.72,77.03,33700,64.87
20100422,77.61,77.61,77.00,77.12,45100,64.95
20100421,76.91,77.30,76.91,77.28,18300,65.08
20100420,77.00,77.05,76.90,77.05,27400,64.89
20100419,77.05,77.10,76.90,76.96,22500,64.81
20100416,76.97,77.16,76.86,77.00,25700,64.85
20100415,76.30,76.90,76.30,76.89,37000,64.75
20100414,76.95,76.95,76.53,76.63,29700,64.54
20100413,76.83,76.83,76.52,76.65,25900,64.55
20100412,76.54,76.59,76.18,76.57,15800,64.49
20100409,76.20,76.33,75.94,76.16,22500,64.14
20100408,76.53,76.53,76.03,76.26,17900,64.22
20100407,76.00,76.41,75.79,76.41,12900,64.35
20100406,75.48,75.95,75.48,75.92,34700,63.94
20100405,75.86,75.86,75.51,75.64,45500,63.70
20100401,76.19,76.28,76.10,76.21,17600,64.18
20100331,76.37,76.37,76.01,76.25,24100,64.22
20100330,76.32,76.39,76.04,76.35,19500,64.06
20100329,76.40,76.50,76.25,76.38,60900,64.08
20100326,76.20,76.42,76.20,76.40,29700,64.10
20100325,76.38,76.38,75.74,76.20,33200,63.93
20100324,76.78,76.78,76.33,76.35,36800,64.06
20100323,77.24,77.24,77.00,77.00,26400,64.60
20100322,77.19,77.21,76.86,76.98,50100,64.59
20100319,76.88,77.04,76.76,76.88,11200,64.50
20100318,77.00,77.15,76.93,77.01,22900,64.61
20100317,77.06,77.20,76.94,77.09,12500,64.68
20100316,76.72,77.03,76.71,76.85,29300,64.48
20100315,76.54,76.64,76.40,76.58,32600,64.25
20100312,76.48,76.64,76.30,76.58,11700,64.25
20100311,76.59,76.59,76.23,76.35,39000,64.06
20100310,76.38,76.53,76.36,76.53,31800,64.21
20100309,76.52,76.52,76.27,76.47,23100,64.16
20100308,76.46,76.46,76.15,76.32,16400,64.03
20100305,76.47,76.47,76.17,76.24,20200,63.97
20100304,76.32,76.46,76.21,76.43,30200,64.13
20100303,76.29,76.33,76.20,76.33,29700,64.04
20100302,75.91,76.27,75.91,76.25,13500,63.97
20100301,76.14,76.19,76.00,76.14,23800,63.88
20100226,76.18,76.20,75.83,76.08,25100,63.83
20100225,75.83,76.15,75.83,76.05,26500,63.62
20100224,75.93,76.06,75.79,75.96,11700,63.54
20100223,75.67,75.91,75.40,75.90,13700,63.49
20100222,75.51,75.53,75.40,75.41,21300,63.08
20100219,75.27,75.42,75.06,75.28,18600,62.97
20100218,75.41,75.41,75.06,75.10,40000,62.82
20100217,75.29,75.37,75.07,75.29,25600,62.98
20100216,75.29,75.60,75.29,75.58,25900,63.23
20100212,76.08,76.08,75.39,75.42,10300,63.09
20100211,75.47,75.56,75.12,75.37,29400,63.05
20100210,75.74,75.80,75.41,75.44,26800,63.11
20100209,75.95,76.14,75.81,75.83,65300,63.43
20100208,76.14,76.14,75.73,75.99,147900,63.57
20100205,76.19,76.19,75.93,76.02,18700,63.59
20100204,75.83,76.04,75.61,76.04,20900,63.61
20100203,75.83,75.85,75.50,75.71,17300,63.33
20100202,75.90,75.95,75.81,75.93,23000,63.52
20100201,76.06,76.06,75.86,75.89,12700,63.48
20100129,76.13,76.13,75.65,75.96,11600,63.54
20100128,75.80,76.14,75.78,75.87,37600,63.30
20100127,76.27,80.60,75.92,75.93,27500,63.35
20100126,76.22,76.24,75.80,76.10,33700,63.49
20100125,76.20,76.30,76.20,76.25,21800,63.61
20100122,76.27,76.42,76.25,76.41,17800,63.75
20100121,76.07,76.57,76.07,76.32,15300,63.67
20100120,76.48,76.48,76.03,76.08,20900,63.47
20100119,76.48,76.48,75.87,76.04,87200,63.44
20100115,76.20,76.29,76.19,76.21,45500,63.58
20100114,76.01,76.13,75.93,76.10,37400,63.49
20100113,76.20,76.26,75.91,75.94,35000,63.35
20100112,76.56,76.56,76.05,76.17,8900,63.55
20100111,75.94,75.95,75.71,75.79,22800,63.23
20100108,75.76,75.96,75.60,75.82,28400,63.25
20100107,75.80,75.86,75.57,75.74,8900,63.19
20100106,75.80,75.82,75.50,75.50,15100,62.99
20100105,75.38,75.68,75.35,75.66,58300,63.12
20100104,75.21,75.21,74.90,75.16,83000,62.70
20091231,74.73,74.92,74.63,74.89,107800,62.48
20091230,74.99,75.00,74.76,74.88,21800,62.47
20091229,74.79,74.80,74.10,74.78,17100,62.39
20091228,74.84,74.84,74.54,74.54,14700,62.19
20091224,75.00,75.06,74.91,74.91,7100,62.50
20091223,75.58,75.60,75.35,75.43,5400,62.59
20091222,75.32,75.38,75.32,75.37,7400,62.54
20091221,75.92,75.92,75.46,75.53,16700,62.67
20091218,76.06,76.10,75.93,75.95,6500,63.02
20091217,76.41,76.41,75.78,76.02,10100,63.08
20091216,76.22,76.22,75.70,75.87,29800,62.95
20091215,75.61,75.70,75.45,75.64,28600,62.76
20091214,75.58,75.73,75.54,75.65,11600,62.77
20091211,75.67,75.78,75.38,75.56,7300,62.70
20091210,75.57,75.78,75.50,75.76,5200,62.86
20091209,75.96,75.96,75.61,75.70,6300,62.81
20091208,75.87,76.00,75.66,75.77,28500,62.87
20091207,75.50,75.56,75.49,75.55,6100,62.69
20091204,75.42,75.47,75.29,75.40,9200,62.56
20091203,75.60,75.69,75.47,75.69,51100,62.80
20091202,75.68,75.69,75.60,75.60,1900,62.73
20091201,75.88,75.97,75.67,75.67,9700,62.79
20091130,75.71,75.94,75.71,75.94,8400,63.01
20091127,76.44,76.44,75.68,75.73,1900,62.84
20091125,75.47,75.74,75.36,75.60,6000,62.73
20091124,75.43,75.50,75.30,75.50,5000,62.65
20091123,75.04,75.16,75.04,75.16,2300,62.36
