20140814,90.59,90.74,90.18,90.57,112900,90.57
20140813,89.85,90.39,89.70,90.20,162500,90.20
20140812,90.16,90.16,89.75,89.85,82100,89.85
20140811,90.23,90.38,90.07,90.30,84700,90.30
20140808,90.68,90.71,90.25,90.31,51300,90.31
20140807,90.36,90.56,90.02,90.22,107100,90.22
20140806,90.44,90.44,89.95,89.99,68000,89.99
20140805,89.87,90.14,89.62,90.07,52600,90.07
20140804,90.39,90.39,90.02,90.14,47500,90.14
20140801,89.08,90.47,89.08,90.09,280500,90.09
20140731,89.91,90.14,89.62,90.00,240200,89.67
20140730,91.06,91.06,90.22,90.30,84000,89.97
20140729,91.17,91.29,90.90,91.13,54100,90.80
20140728,91.07,91.20,90.81,90.97,151600,90.64
20140725,90.69,91.12,90.69,90.99,63700,90.66
20140724,90.58,90.58,90.23,90.32,48100,89.99
20140723,91.01,91.08,90.87,90.98,95200,90.65
20140722,90.79,90.90,90.54,90.84,124200,90.51
20140721,90.65,90.84,90.59,90.73,58900,90.40
20140718,90.62,90.77,90.13,90.40,32200,90.07
20140717,90.45,90.80,90.22,90.74,125700,90.41
20140716,89.90,90.16,89.73,89.95,98600,89.62
20140715,89.58,90.02,89.39,89.83,44200,89.50
20140714,89.91,89.98,89.68,89.81,42300,89.48
20140711,89.92,90.09,89.73,90.09,93000,89.76
20140710,89.97,90.00,89.58,89.68,116400,89.35
20140709,89.53,90.02,89.50,89.84,25500,89.51
20140708,89.56,89.65,89.40,89.58,92900,89.25
20140707,88.75,89.16,88.75,89.05,65800,88.72
20140703,88.32,88.75,88.14,88.59,68900,88.27
20140702,89.24,89.24,88.51,88.71,205000,88.38
20140701,89.60,89.80,89.41,89.53,36300,89.20
20140630,90.22,90.36,90.02,90.25,68500,89.58
20140627,90.40,90.54,90.10,90.19,46300,89.52
20140626,90.22,90.40,90.08,90.25,33700,89.58
20140625,90.17,90.36,89.98,90.10,87900,89.44
20140624,89.75,89.89,89.34,89.79,49500,89.13
20140623,89.67,89.69,89.16,89.19,27100,88.53
20140620,88.84,89.34,88.70,89.17,43500,88.51
20140619,89.45,89.71,88.75,88.95,50400,88.29
20140618,89.16,89.61,89.01,89.45,25200,88.79
20140617,89.46,89.46,88.83,88.94,37600,88.28
20140616,89.33,89.45,89.16,89.33,52300,88.67
20140613,88.92,89.45,88.80,89.23,43300,88.57
20140612,88.82,89.28,88.72,89.28,124500,88.62
20140611,88.83,88.99,88.59,88.63,196500,87.98
20140610,88.77,89.08,88.66,88.79,48800,88.14
20140609,89.06,89.10,88.74,89.05,62800,88.39
20140606,89.23,89.44,89.00,89.12,74700,88.46
20140605,88.58,89.09,88.56,89.07,81000,88.41
20140604,89.05,89.05,88.74,88.87,62200,88.21
20140603,89.41,89.41,88.83,88.92,349900,88.26
20140602,89.77,90.00,89.34,89.73,101600,89.07
20140530,90.35,90.56,90.23,90.50,55500,89.52
20140529,90.90,91.12,90.45,90.51,74600,89.53
20140528,90.41,90.87,90.32,90.83,96900,89.84
20140527,89.61,89.94,89.36,89.87,197200,88.89
20140523,89.48,89.56,89.31,89.36,94200,88.39
20140522,89.64,89.64,89.10,89.20,191700,88.23
20140521,89.60,89.62,89.25,89.45,164300,88.48
20140520,89.84,90.13,89.73,89.86,79700,88.88
20140519,90.72,90.77,89.90,89.90,104600,88.92
20140516,90.32,90.56,90.18,90.40,70400,89.42
20140515,90.57,90.84,90.19,90.33,46400,89.35
20140514,89.65,90.20,89.63,90.20,82600,89.22
20140513,89.12,89.51,89.00,89.21,79300,88.24
20140512,89.08,89.08,88.70,88.81,233200,87.85
20140509,89.20,89.40,89.01,89.19,90500,88.22
20140508,89.72,90.00,89.25,89.45,131600,88.48
20140507,89.88,89.88,89.55,89.72,115200,88.75
20140506,89.65,89.93,89.56,89.85,59800,88.87
20140505,89.97,89.97,89.40,89.45,80500,88.48
20140502,89.44,90.14,89.11,89.99,123700,89.01
20140501,88.84,89.52,88.71,89.44,75000,88.47
20140430,88.82,89.19,88.77,89.17,73000,87.88
20140429,88.64,88.90,88.49,88.77,134500,87.49
20140428,89.07,89.12,88.70,88.91,67700,87.63
20140425,89.25,89.53,89.10,89.28,59000,87.99
20140424,88.72,89.14,88.72,89.13,60600,87.84
20140423,88.81,88.97,88.64,88.93,44700,87.65
20140422,88.32,88.68,88.13,88.62,107100,87.34
20140421,88.48,88.70,88.18,88.38,97900,87.10
20140417,89.05,89.21,88.18,88.34,94300,87.06
20140416,88.65,89.15,88.60,88.98,124200,87.69
20140415,88.71,89.00,88.51,88.85,148500,87.57
20140414,88.47,88.69,88.37,88.69,72700,87.41
20140411,88.24,88.39,88.04,88.37,63700,87.09
20140410,87.73,88.20,87.53,88.04,55300,86.77
20140409,87.50,87.75,87.34,87.45,97600,86.19
20140408,87.56,87.74,87.19,87.63,277200,86.36
20140407,87.18,87.48,87.15,87.29,163100,86.03
20140404,86.99,87.24,86.53,87.18,101700,85.92
20140403,86.37,86.57,86.33,86.52,29500,85.27
20140402,86.47,86.47,86.07,86.33,67400,85.08
20140401,86.64,86.75,86.36,86.36,186800,85.11
20140331,87.06,87.30,86.67,87.26,59100,85.67
20140328,87.53,87.58,87.05,87.11,115100,85.52
20140327,87.33,87.98,87.23,87.39,52800,85.79
20140326,86.84,87.35,86.77,87.24,42200,85.65
20140325,86.61,86.88,86.52,86.71,40200,85.13
20140324,86.37,86.93,86.35,86.88,47800,85.29
20140321,86.02,86.34,85.89,86.31,82000,84.73
20140320,85.83,85.96,85.61,85.66,27500,84.09
20140319,86.20,86.20,85.60,85.86,58300,84.29
20140318,85.70,86.16,85.60,85.98,21400,84.41
20140317,86.02,86.07,85.75,85.77,49900,84.20
20140314,86.25,86.45,86.11,86.19,110600,84.61
20140313,85.20,86.05,85.04,86.05,21600,84.48
20140312,85.25,85.42,85.19,85.35,35700,83.79
20140311,85.04,85.18,84.87,85.15,41000,83.59
20140310,85.03,85.07,84.80,84.95,46300,83.40
20140307,85.10,85.21,84.79,85.10,46400,83.54
20140306,85.65,85.89,85.35,85.35,73700,83.79
20140305,86.13,86.25,85.85,86.01,83600,84.44
20140304,86.95,86.95,86.12,86.15,38300,84.58
20140303,86.87,86.98,86.58,86.96,89000,85.37
20140228,86.71,86.91,86.49,86.86,80200,84.95
20140227,86.76,86.82,86.54,86.73,62800,84.83
20140226,86.05,86.49,86.05,86.34,266400,84.44
20140225,85.88,86.17,85.83,86.07,36800,84.18
20140224,85.66,85.80,85.37,85.42,62100,83.54
20140221,85.33,85.64,85.20,85.62,68200,83.74
20140220,85.35,85.40,85.00,85.20,70400,83.33
20140219,85.86,85.92,85.18,85.18,128700,83.31
20140218,85.38,85.77,85.28,85.60,58200,83.72
20140214,85.17,85.58,85.15,85.18,234200,83.31
20140213,85.26,85.37,85.03,85.23,696800,83.36
20140212,85.40,85.56,85.10,85.10,1296100,83.23
20140211,85.52,85.60,85.25,85.56,275900,83.68
20140210,85.37,85.59,85.27,85.59,106300,83.71
20140207,85.46,85.65,85.25,85.48,53100,83.60
20140206,85.26,85.56,85.11,85.17,213400,83.30
20140205,85.89,85.94,85.35,85.55,774300,83.67
20140204,86.26,86.26,85.86,85.95,160800,84.06
20140203,85.61,86.65,85.46,86.65,196700,84.75
20140131,86.00,86.03,85.64,86.02,54000,83.80
20140130,85.41,85.75,85.23,85.62,85700,83.41
20140129,85.68,85.94,85.10,85.72,53900,83.50
20140128,85.05,85.29,84.78,85.29,57200,83.08
20140127,85.12,85.36,84.66,84.66,39800,82.47
20140124,85.61,85.61,85.12,85.32,42300,83.11
20140123,85.07,85.51,84.96,85.33,87900,83.12
20140122,84.87,84.94,84.71,84.78,190300,82.59
20140121,85.00,85.02,84.80,84.91,60800,82.71
20140117,84.41,84.97,84.41,84.97,59000,82.77
20140116,84.31,84.72,84.30,84.51,98200,82.32
20140115,84.09,84.31,83.99,84.12,96500,81.94
20140114,84.54,84.73,84.36,84.40,25900,82.22
20140113,84.59,84.96,84.48,84.86,96300,82.67
20140110,84.00,84.60,84.00,84.50,139900,82.31
20140109,83.85,83.90,83.51,83.90,10500,81.73
20140108,83.66,83.66,83.13,83.47,51400,81.31
20140107,83.63,83.91,83.60,83.84,58200,81.67
20140106,83.69,83.87,83.55,83.55,21800,81.39
20140103,83.21,83.59,83.12,83.54,25900,81.38
20140102,83.24,83.59,83.15,83.21,61900,81.06
20131231,83.48,83.50,82.64,82.99,67900,80.84
20131230,82.93,83.41,82.93,83.30,28700,81.15
20131227,83.00,83.21,82.75,82.75,28600,80.61
20131226,83.11,83.22,83.00,83.02,64700,80.87
20131224,83.62,83.62,83.14,83.28,47900,81.13
20131223,83.94,84.19,83.72,83.99,91800,81.49
20131220,83.82,84.00,83.58,83.99,40800,81.49
20131219,83.47,83.47,83.02,83.10,29000,80.63
20131218,83.03,83.73,82.78,83.32,82900,80.84
20131217,82.80,83.35,82.80,83.22,28700,80.75
20131216,83.15,83.39,82.81,83.07,40100,80.60
20131213,82.75,83.00,82.71,82.99,68400,80.52
20131212,82.68,82.83,82.45,82.45,168300,80.00
20131211,83.02,83.21,82.71,82.83,90600,80.37
20131210,82.70,83.26,82.70,83.22,32400,80.75
20131209,82.34,82.63,82.34,82.63,33800,80.17
20131206,81.85,82.35,81.85,82.34,44900,79.89
20131205,82.21,82.21,81.91,82.04,36200,79.60
20131204,82.25,82.31,81.87,82.09,73400,79.65
20131203,82.78,82.82,82.49,82.49,259600,80.04
20131202,82.50,82.82,82.34,82.43,196400,79.98
20131129,82.72,82.72,82.25,82.62,106300,80.17
20131127,83.00,83.17,82.84,82.87,206300,80.09
20131126,82.80,83.30,82.80,83.01,67200,80.22
20131125,82.23,82.97,82.23,82.71,567700,79.93
20131122,81.96,82.38,81.96,82.21,113000,79.45
20131121,81.30,81.87,81.24,81.71,74300,78.96
20131120,82.60,82.71,81.33,81.53,30700,78.79
20131119,82.51,82.78,82.37,82.54,43200,79.77
20131118,82.19,82.72,82.19,82.71,70600,79.93
20131115,82.37,82.38,82.11,82.24,64000,79.48
20131114,82.03,82.42,81.88,82.16,146600,79.40
20131113,81.72,81.80,81.52,81.75,57900,79.00
20131112,81.26,81.43,81.20,81.27,17400,78.54
20131111,81.36,81.52,81.12,81.20,14800,78.47
20131108,81.81,81.81,81.37,81.37,47100,78.64
20131107,82.63,82.92,82.47,82.84,36700,80.06
20131106,82.62,82.62,82.36,82.43,23100,79.66
20131105,82.95,82.95,82.40,82.40,46700,79.63
20131104,83.43,83.69,83.31,83.35,53800,80.55
20131101,83.91,83.95,83.26,83.31,61400,80.51
20131031,84.20,84.31,83.73,83.73,80000,80.92
20131030,84.47,84.79,84.17,84.38,66800,81.24
20131029,84.39,84.58,84.29,84.46,120100,81.32
20131028,84.56,84.78,84.48,84.62,19500,81.47
20131025,84.57,84.84,84.48,84.80,97400,81.65
20131024,84.84,84.85,84.31,84.45,116100,81.31
20131023,84.41,84.75,84.12,84.57,65900,81.43
20131022,84.00,84.44,84.00,84.42,20400,81.28
20131021,83.71,83.73,83.30,83.73,530200,80.62
20131018,83.66,83.74,83.45,83.61,26400,80.50
20131017,83.01,83.43,82.92,83.39,29500,80.29
20131016,81.91,82.64,81.72,82.63,97400,79.56
20131015,82.03,82.21,81.77,81.85,41100,78.81
20131014,82.04,82.33,81.67,81.70,22200,78.66
20131011,82.47,82.69,82.13,82.20,59200,79.14
20131010,81.66,82.21,81.55,82.12,130900,79.07
20131009,82.06,82.15,81.83,81.96,29800,78.91
20131008,82.11,82.30,82.09,82.23,159800,79.17
20131007,82.07,82.20,82.07,82.11,34500,79.06
20131004,81.99,82.04,81.78,82.03,36700,78.98
20131003,81.98,82.35,81.97,81.97,66000,78.92
20131002,82.04,82.11,81.92,82.10,703900,79.05
20131001,81.86,82.01,81.75,81.89,48200,78.85
20130930,82.18,82.27,81.86,81.99,230000,78.94
20130927,82.40,82.79,82.40,82.53,186100,79.13
20130926,82.60,82.83,82.53,82.57,70800,79.17
20130925,82.79,83.07,82.52,82.97,62100,79.56
20130924,82.04,82.77,82.04,82.68,136100,79.28
20130923,81.53,81.97,81.53,81.86,44400,78.49
20130920,81.47,81.89,81.31,81.70,35300,78.34
20130919,81.89,81.94,81.25,81.56,77200,78.20
20130918,80.46,81.92,80.12,81.57,152600,78.21
20130917,80.30,80.57,80.17,80.54,46500,77.23
20130916,81.01,81.04,80.02,80.03,168100,76.74
20130913,80.55,80.63,80.31,80.43,26800,77.12
20130912,80.81,81.00,80.20,80.28,166700,76.98
20130911,80.11,80.58,79.94,80.58,71900,77.27
20130910,80.39,80.63,79.91,79.93,18700,76.64
20130909,80.88,80.88,80.26,80.45,204600,77.14
20130906,80.59,80.71,80.11,80.25,72500,76.95
20130905,80.80,80.82,79.81,79.92,283200,76.63
20130904,81.59,81.59,81.02,81.05,64500,77.72
20130903,81.84,81.84,80.74,81.16,83500,77.82
20130830,82.10,82.38,81.65,81.86,74100,78.49
20130829,81.62,82.44,81.57,82.12,154700,78.41
20130828,81.76,81.96,81.59,81.76,75300,78.06
20130827,81.53,82.27,81.50,81.99,21600,78.28
20130826,81.77,81.77,81.26,81.67,28000,77.98
20130823,80.20,81.26,80.20,81.26,107300,77.58
20130822,79.80,80.33,79.80,80.33,61500,76.70
20130821,80.00,80.19,79.64,79.64,65800,76.04
20130820,80.19,80.50,80.05,80.50,344500,76.86
20130819,80.31,80.31,79.80,79.94,67500,76.32
20130816,80.82,81.00,80.19,80.47,41300,76.83
20130815,81.20,81.30,80.78,80.92,81400,77.26
20130814,81.99,82.12,81.81,81.83,30900,78.13
20130813,82.25,82.25,81.80,81.95,56200,78.24
20130812,83.32,83.45,82.79,82.89,13900,79.14
20130809,83.18,83.39,82.85,83.39,36000,79.62
20130808,83.25,83.50,83.11,83.17,37600,79.41
20130807,82.79,83.13,82.77,82.97,91100,79.22
20130806,82.66,82.66,82.10,82.57,1466800,78.83
20130805,82.65,82.75,82.43,82.56,44900,78.83
20130802,82.70,83.19,82.70,83.15,261700,79.39
20130801,83.21,83.21,82.34,82.44,115100,78.71
20130731,82.63,83.55,82.42,83.43,95600,79.66
20130730,83.76,84.08,83.50,83.57,66600,79.47
20130729,83.90,83.94,83.39,83.61,39800,79.51
20130726,84.00,84.27,83.65,84.15,274700,80.02
20130725,83.71,83.95,83.38,83.60,384700,79.50
20130724,84.20,84.40,83.60,84.31,44300,80.17
20130723,84.50,84.77,84.30,84.57,59200,80.42
20130722,84.91,85.18,84.62,84.85,39000,80.69
20130719,84.02,84.61,84.02,84.52,133900,80.37
20130718,84.33,84.39,83.75,83.91,86900,79.79
20130717,84.20,84.47,84.08,84.09,27000,79.96
20130716,83.90,84.01,83.76,83.98,22800,79.86
20130715,83.31,83.87,83.28,83.60,45600,79.50
20130712,84.00,84.12,83.13,83.53,37400,79.43
20130711,83.25,83.73,83.20,83.69,84200,79.58
20130710,83.14,83.19,82.28,83.06,78200,78.98
20130709,83.00,83.29,82.47,83.14,116300,79.06
20130708,81.93,82.80,81.93,82.64,137200,78.59
20130705,82.63,82.63,81.36,81.36,95400,77.37
20130703,83.71,84.13,83.71,83.79,39100,79.68
20130702,83.61,84.10,83.61,83.71,79400,79.60
20130701,83.69,83.69,82.82,83.58,80400,79.48
20130628,83.05,83.40,82.12,82.95,131700,78.88
20130627,82.57,83.09,82.52,82.88,42900,78.50
20130626,81.93,82.16,81.49,81.71,50700,77.40
20130625,81.59,81.89,80.94,81.57,44600,77.26
20130624,81.59,81.89,80.55,81.42,88800,77.12
20130621,82.79,83.49,82.00,82.00,164200,77.67
20130620,83.83,83.83,82.21,82.76,204400,78.39
20130619,86.24,86.50,84.61,84.78,61200,80.30
20130618,86.00,86.68,85.97,86.49,89800,81.92
20130617,86.85,87.23,86.27,86.56,24200,81.99
20130614,86.79,87.30,86.79,86.95,78900,82.36
20130613,85.57,86.84,85.57,86.75,182600,82.17
20130612,85.78,86.43,85.49,85.92,91200,81.38
20130611,84.20,86.17,84.00,86.16,92800,81.61
20130610,86.51,86.70,86.21,86.27,56400,81.71
20130607,87.20,87.61,86.83,86.99,84900,82.40
20130606,87.00,87.90,86.51,87.36,979600,82.75
20130605,86.70,86.91,86.61,86.67,71000,82.09
20130604,86.81,87.08,86.34,86.34,59400,81.78
20130603,86.75,87.60,86.73,87.36,199800,82.75
20130531,88.00,88.02,86.65,87.13,178400,82.53
20130530,88.13,88.70,88.13,88.39,61900,83.42
20130529,88.31,88.77,88.15,88.43,89900,83.45
20130528,89.74,89.74,88.15,88.30,85700,83.33
20130524,89.75,90.24,89.64,89.72,39300,84.67
20130523,90.02,90.02,89.30,89.76,85900,84.71
20130522,90.75,91.07,89.63,89.63,74600,84.59
20130521,90.27,90.63,90.01,90.60,30900,85.50
20130520,90.39,90.54,90.10,90.14,67200,85.07
20130517,90.70,90.86,90.16,90.22,57100,85.14
20130516,91.00,91.36,90.68,91.20,63200,86.07
20130515,90.15,90.55,89.96,90.52,92600,85.43
20130514,90.48,90.87,89.98,89.99,412200,84.93
20130513,90.42,90.60,90.29,90.45,49600,85.36
20130510,91.52,91.63,90.45,90.91,81000,85.79
20130509,91.70,92.13,91.45,91.45,61500,86.30
20130508,91.52,91.95,91.51,91.79,82100,86.62
20130507,91.73,91.90,91.59,91.62,127300,86.46
20130506,92.12,92.41,91.67,91.79,116800,86.62
20130503,92.80,92.80,92.06,92.16,415600,86.97
20130502,93.32,93.49,93.15,93.31,146000,88.06
20130501,93.38,93.50,93.10,93.29,51400,88.04
20130430,93.13,93.21,92.69,92.84,124400,87.62
20130429,93.62,93.68,93.15,93.22,76800,87.64
20130426,93.12,93.37,92.93,93.29,51100,87.71
20130425,92.80,92.85,92.59,92.81,258400,87.26
20130424,92.70,93.12,92.61,92.81,100200,87.26
20130423,92.91,93.00,92.54,92.70,441700,87.15
20130422,92.56,92.80,92.51,92.70,144000,87.15
20130419,92.47,92.61,92.36,92.57,88100,87.03
20130418,92.65,92.82,92.47,92.55,218700,87.01
20130417,92.18,92.61,92.06,92.35,714700,86.82
20130416,91.95,92.13,91.72,92.05,61300,86.54
20130415,91.94,92.15,91.75,92.05,86400,86.54
20130412,91.54,91.90,91.54,91.88,277700,86.38
20130411,90.90,91.23,90.90,91.16,54400,85.70
20130410,91.07,91.35,90.84,90.84,300200,85.40
20130409,91.44,91.67,91.26,91.38,120300,85.91
20130408,91.88,91.95,91.32,91.38,1121900,85.91
20130405,91.39,91.70,91.17,91.55,868900,86.07
20130404,89.99,90.32,89.80,90.24,5394600,84.84
20130403,89.30,89.77,89.30,89.51,546900,84.15
20130402,89.40,89.40,89.16,89.16,181200,83.82
20130401,89.00,89.46,89.00,89.33,60300,83.98
20130328,89.12,89.28,89.01,89.18,97600,83.84
20130327,89.50,89.81,89.31,89.56,95100,83.88
20130326,89.05,89.35,88.59,89.20,439400,83.54
20130325,89.03,89.19,88.81,88.86,124400,83.23
20130322,89.32,89.32,88.88,89.18,77600,83.53
20130321,88.85,89.00,88.70,88.99,63100,83.35
20130320,88.88,89.03,88.50,88.50,137700,82.89
20130319,88.98,89.29,88.94,89.13,586600,83.48
20130318,88.93,88.97,88.74,88.82,294800,83.19
20130315,88.38,88.62,88.38,88.51,178100,82.90
20130314,88.44,88.56,88.33,88.41,61900,82.80
20130313,88.32,88.60,88.32,88.45,130600,82.84
20130312,88.78,88.78,88.53,88.57,304900,82.95
20130311,88.71,88.85,88.41,88.43,256500,82.82
20130308,88.92,89.07,88.72,88.74,137900,83.11
20130307,89.63,89.63,89.24,89.28,406900,83.62
20130306,89.99,90.08,89.83,89.86,95900,84.16
20130305,90.07,90.31,90.05,90.28,51200,84.56
20130304,91.04,91.04,90.16,90.16,472000,84.44
20130301,90.94,91.07,90.64,91.06,237900,85.29
20130228,90.86,90.86,90.31,90.51,42000,84.77
20130227,91.52,91.52,90.77,91.02,75000,84.93
20130226,90.79,91.25,90.63,91.02,69900,84.93
20130225,89.58,91.15,89.41,90.80,224900,84.73
20130222,90.25,90.39,90.17,90.34,51000,84.30
20130221,90.04,90.33,89.93,90.04,265000,84.02
20130220,89.32,89.73,89.23,89.72,347500,83.72
20130219,89.30,89.49,89.21,89.33,279700,83.35
20130215,89.20,89.47,89.14,89.26,157800,83.29
20130214,89.10,89.36,88.99,89.25,70100,83.28
20130213,88.81,89.00,88.71,88.90,117800,82.95
20130212,89.12,89.38,89.12,89.18,40900,83.21
20130211,89.24,89.50,89.24,89.37,64500,83.39
20130208,89.21,89.41,89.00,89.26,58300,83.29
20130207,89.32,89.61,89.08,89.08,125200,83.12
20130206,89.00,89.26,88.88,89.25,195000,83.28
20130205,88.74,88.99,88.56,88.70,490500,82.77
20130204,89.08,89.25,88.72,89.00,274800,83.05
20130201,89.76,89.98,88.79,88.79,154600,82.85
20130131,89.63,89.65,89.11,89.30,65400,83.33
20130130,89.78,89.78,89.45,89.68,124900,83.38
20130129,90.35,90.35,89.85,90.04,238500,83.71
20130128,90.00,90.40,89.88,90.13,213100,83.79
20130125,91.03,91.03,90.44,90.65,196200,84.28
20130124,91.31,91.51,91.04,91.35,245300,84.93
20130123,91.62,91.76,91.55,91.68,75900,85.24
20130122,91.24,91.62,91.15,91.62,59100,85.18
20130118,91.04,91.45,91.03,91.37,93100,84.95
20130117,91.17,91.18,90.77,90.98,92500,84.58
20130116,91.59,91.70,91.30,91.30,94600,84.88
20130115,91.47,91.79,91.39,91.50,129700,85.07
20130114,91.54,91.86,91.30,91.37,100000,84.95
20130111,90.89,91.74,90.85,91.74,147500,85.29
20130110,91.00,91.44,90.94,91.25,88000,84.84
20130109,91.53,91.53,91.15,91.29,112000,84.87
20130108,91.50,91.66,91.30,91.35,141900,84.93
20130107,90.74,91.30,90.74,91.30,99600,84.88
20130104,90.40,91.08,90.27,91.08,126100,84.68
20130103,91.22,91.31,90.51,90.52,159800,84.16
20130102,91.72,91.72,91.10,91.32,120500,84.90
20121231,92.39,92.46,91.55,91.71,119900,85.26
20121228,92.50,92.60,92.27,92.54,114100,86.03
20121227,91.95,92.33,91.72,92.13,90000,85.65
20121226,91.60,91.79,91.46,91.54,121900,85.10
20121224,91.39,91.60,91.36,91.42,96600,84.99
20121221,91.71,92.15,91.71,91.88,65800,84.90
20121220,91.47,91.73,91.45,91.58,90200,84.62
20121219,91.16,91.65,91.16,91.32,203400,84.38
20121218,91.50,91.63,90.82,91.10,148900,84.18
20121217,92.29,92.31,91.63,91.64,87900,84.68
20121214,92.22,92.42,92.04,92.21,197500,85.20
20121213,91.95,92.11,91.68,91.88,138900,84.90
20121212,92.67,92.70,92.00,92.05,107400,85.06
20121211,92.94,92.94,92.59,92.71,89900,85.67
20121210,92.85,93.15,92.84,93.15,78300,86.07
20121207,92.97,93.10,92.69,92.76,72200,85.71
20121206,93.57,93.70,93.29,93.51,194200,86.40
20121205,93.36,93.47,93.11,93.41,188200,86.31
20121204,93.23,93.23,92.93,93.09,55100,86.02
20121203,92.42,92.93,92.26,92.93,84100,85.87
20121130,93.25,93.28,92.77,92.82,94800,85.77
20121129,93.21,93.46,93.00,93.32,452600,85.93
20121128,93.44,93.60,93.02,93.02,262500,85.65
20121127,93.30,93.34,93.16,93.19,227500,85.81
20121126,93.36,93.37,93.01,93.09,77200,85.71
20121123,92.89,93.03,92.85,92.92,71600,85.56
20121121,92.85,92.93,92.76,92.88,108800,85.52
20121120,93.30,93.39,92.84,92.92,182400,85.56
20121119,93.07,93.34,92.91,93.34,150700,85.94
20121116,93.25,93.30,92.90,93.07,50200,85.70
20121115,93.22,93.22,92.91,93.15,160000,85.77
20121114,93.55,93.63,93.20,93.26,251000,85.87
20121113,94.29,94.30,93.70,93.85,96200,86.41
20121112,93.40,93.84,93.40,93.63,70900,86.21
20121109,94.36,94.36,93.02,93.85,64200,86.41
20121108,93.74,93.86,93.18,93.85,152900,86.41
20121107,93.80,94.18,93.22,93.44,207500,86.04
20121106,93.39,93.44,93.00,93.00,232700,85.63
20121105,93.55,93.85,93.55,93.64,329700,86.22
20121102,93.60,93.60,93.10,93.47,60600,86.06
20121101,94.12,94.12,93.80,93.99,70200,86.24
20121031,94.12,94.35,93.78,94.17,81900,86.41
20121026,93.24,93.51,92.90,93.51,255400,85.80
20121025,93.01,93.35,92.75,93.00,468800,85.33
20121024,93.67,93.70,93.40,93.47,716700,85.76
20121023,93.54,93.70,93.38,93.60,116500,85.88
20121022,93.46,93.74,93.19,93.19,163400,85.51
20121019,93.24,93.77,93.00,93.53,193600,85.82
20121018,93.79,94.04,93.21,93.38,268300,85.68
20121017,94.60,94.60,93.26,93.72,3259100,85.99
20121016,94.71,94.77,94.43,94.67,491800,86.87
20121015,95.36,95.36,94.69,94.83,189200,87.01
20121012,94.80,95.22,94.64,94.91,114300,87.09
20121011,93.49,94.43,93.40,94.42,69700,86.64
20121010,93.07,94.11,93.02,94.05,337900,86.30
20121009,92.99,93.47,92.95,93.27,141200,85.58
20121008,92.97,93.13,92.65,92.95,51000,85.29
20121005,92.79,92.82,92.51,92.65,193500,85.01
20121004,93.38,93.65,93.03,93.07,673300,85.40
20121003,93.11,93.62,93.05,93.40,261000,85.70
20121002,93.49,93.56,93.23,93.43,148300,85.73
20121001,93.07,93.35,92.76,93.35,120900,85.65
20120928,93.00,93.30,92.66,92.95,71700,85.29
20120927,93.20,93.31,92.86,92.94,77500,84.97
20120926,93.10,93.29,92.79,93.20,72600,85.21
20120925,92.65,92.96,92.30,92.88,56000,84.92
20120924,92.45,92.68,92.21,92.55,70100,84.62
20120921,91.85,92.20,91.61,92.17,95100,84.27
20120920,92.56,92.56,91.90,92.14,104700,84.24
20120919,92.03,92.23,91.79,92.16,123900,84.26
20120918,91.69,91.87,91.39,91.60,307300,83.75
20120917,90.61,91.35,90.54,91.29,163100,83.47
20120914,90.82,90.82,89.90,90.15,212900,82.42
20120913,91.69,91.99,90.43,91.37,179500,83.54
20120912,91.16,91.31,91.02,91.28,308800,83.46
20120911,91.64,91.78,91.36,91.63,93200,83.78
20120910,91.44,91.83,91.34,91.63,524600,83.78
20120907,92.44,92.64,91.41,91.57,104800,83.72
20120906,92.52,92.52,91.33,91.35,1110400,83.52
20120905,92.54,92.87,92.50,92.67,147000,84.73
20120904,93.25,93.25,92.20,92.88,227700,84.92
20120831,92.26,93.29,92.20,93.29,133000,85.29
20120830,92.80,92.80,92.49,92.56,89600,84.33
20120829,92.43,92.46,92.15,92.46,77400,84.24
20120828,92.55,92.76,92.41,92.58,109000,84.35
20120827,92.54,92.54,92.21,92.41,102900,84.19
20120824,92.48,92.48,91.96,92.02,67000,83.84
20120823,91.90,92.14,91.87,91.99,149000,83.81
20120822,91.43,91.82,91.10,91.82,116900,83.65
20120821,90.16,90.72,89.93,90.70,337600,82.63
20120820,90.30,90.60,90.08,90.47,210300,82.42
20120817,90.16,90.52,89.97,90.37,162900,82.33
20120816,90.25,90.47,89.56,89.73,225300,81.75
20120815,90.79,90.79,90.14,90.18,206700,82.16
20120814,91.43,91.52,91.13,91.34,233400,83.22
20120813,92.39,92.43,91.83,91.83,109400,83.66
20120810,92.50,92.50,92.01,92.24,55100,84.04
20120809,91.76,91.98,91.32,91.86,156100,83.69
20120808,92.34,92.34,91.80,91.87,56900,83.70
20120807,92.09,92.16,91.74,92.04,107200,83.85
20120806,93.09,93.25,92.78,92.99,84000,84.72
20120803,93.00,93.00,92.19,92.53,89500,84.30
20120802,94.10,94.27,93.09,93.09,133200,84.81
20120801,93.78,93.78,93.00,93.21,90700,84.92
20120731,94.04,94.14,93.14,93.78,58700,85.44
20120730,93.30,94.00,93.24,93.95,80700,85.29
20120727,93.96,93.96,92.42,93.13,131700,84.55
20120726,94.48,94.76,94.19,94.40,117800,85.70
20120725,94.14,94.57,93.99,94.57,153200,85.86
20120724,93.29,94.17,93.00,94.10,98900,85.43
20120723,93.78,94.02,93.34,93.57,91600,84.95
20120720,93.43,93.83,93.36,93.74,115100,85.10
20120719,93.00,93.10,93.00,93.03,106900,84.46
20120718,92.78,93.10,92.78,93.03,86000,84.46
20120717,92.47,92.61,92.22,92.30,135500,83.80
20120716,92.51,92.57,92.24,92.24,115700,83.74
20120713,91.80,92.08,91.55,92.07,122400,83.59
20120712,91.56,91.99,91.34,91.96,125500,83.49
20120711,91.40,91.50,91.05,91.25,208400,82.84
20120710,91.00,91.29,90.92,91.22,100700,82.82
20120709,90.71,91.10,90.50,91.05,85600,82.66
20120706,90.70,90.73,90.26,90.51,121600,82.17
20120705,89.90,90.27,89.59,90.25,269300,81.93
20120703,89.96,90.19,89.69,89.81,81500,81.54
20120702,89.61,90.46,89.32,89.96,129200,81.67
20120629,88.94,89.45,88.84,89.27,69000,81.05
20120628,89.96,90.06,89.81,89.85,129100,81.26
20120627,89.58,89.80,89.27,89.71,77500,81.14
20120626,89.36,89.70,89.26,89.52,59500,80.96
20120625,89.50,89.86,89.30,89.86,87700,81.27
20120622,89.33,89.36,88.91,89.02,68300,80.51
20120621,89.37,89.71,89.10,89.10,89500,80.58
20120620,88.66,89.05,88.30,89.05,131900,80.54
20120619,89.08,89.20,88.72,88.87,78300,80.38
20120618,89.25,89.27,88.60,89.23,178800,80.70
20120615,88.85,89.07,88.57,88.90,199900,80.40
20120614,88.35,88.50,88.05,88.32,70200,79.88
20120613,87.89,88.50,87.70,88.42,62100,79.97
20120612,87.80,88.16,87.55,87.79,92800,79.40
20120611,87.50,88.51,87.50,88.24,30600,79.81
20120608,88.74,88.88,87.82,87.92,84300,79.52
20120607,87.83,88.28,87.64,88.27,106400,79.83
20120606,88.85,88.85,87.83,87.83,46300,79.44
20120605,88.88,88.88,88.50,88.57,78100,80.11
20120604,89.27,89.45,89.01,89.19,90500,80.67
20120601,89.00,89.67,88.85,89.67,73900,81.10
20120531,88.59,89.00,88.26,88.74,119600,80.26
20120530,88.18,88.54,88.17,88.46,96200,79.70
20120529,87.81,87.93,87.49,87.55,58700,78.88
20120525,87.40,87.86,87.37,87.82,54700,79.12
20120524,87.57,87.57,87.17,87.39,49600,78.73
20120523,87.38,88.07,87.38,87.69,77500,79.00
20120522,87.62,87.66,87.24,87.32,78000,78.67
20120521,88.25,88.51,87.99,88.21,75000,79.47
20120518,88.27,88.44,87.71,88.36,208000,79.61
20120517,88.02,88.70,87.86,88.70,50100,79.91
20120516,87.91,88.35,87.79,88.27,38000,79.53
20120515,88.34,88.35,88.03,88.35,77200,79.60
20120514,88.17,88.49,88.04,88.25,48000,79.51
20120511,87.87,87.98,87.59,87.95,57800,79.24
20120510,87.48,87.73,87.06,87.73,67000,79.04
20120509,87.97,87.97,87.34,87.65,36500,78.97
20120508,87.75,87.95,87.51,87.69,71600,79.00
20120507,87.54,87.63,87.27,87.56,47300,78.89
20120504,87.33,87.52,87.25,87.45,51500,78.79
20120503,86.81,87.20,86.79,86.96,130500,78.35
20120502,86.94,87.01,86.72,87.01,43000,78.39
20120501,86.53,86.72,86.12,86.55,173000,77.98
20120430,86.60,86.69,86.24,86.53,65400,77.96
20120427,86.42,86.82,86.42,86.70,71000,77.80
20120426,86.75,86.75,86.29,86.66,57800,77.76
20120425,86.42,86.62,85.99,86.18,66100,77.33
20120424,86.59,86.69,86.27,86.27,119000,77.41
20120423,87.05,87.05,86.56,86.56,112800,77.67
20120420,86.36,86.72,86.20,86.71,52900,77.81
20120419,86.77,86.82,86.52,86.66,69400,77.76
20120418,86.70,86.70,86.38,86.50,72700,77.62
20120417,86.50,86.70,86.38,86.52,118900,77.63
20120416,86.70,86.95,86.53,86.71,105200,77.81
20120413,86.45,86.64,86.17,86.55,49700,77.66
20120412,85.98,86.24,85.75,85.79,50500,76.98
20120411,86.18,86.32,85.99,86.19,105700,77.34
20120410,86.30,86.84,86.30,86.65,61500,77.75
20120409,85.94,86.28,85.94,86.19,43400,77.34
20120405,85.47,85.47,84.81,85.27,58400,76.51
20120404,85.15,85.15,84.48,84.96,50400,76.24
20120403,85.49,85.66,84.40,84.40,66300,75.73
20120402,85.23,85.66,84.96,85.29,55800,76.53
20120330,86.20,86.20,84.80,84.98,77600,76.25
20120329,86.03,86.23,85.94,86.03,63900,76.89
20120328,85.82,86.23,85.70,85.83,80000,76.71
20120327,85.63,86.02,85.45,86.01,111100,76.87
20120326,85.78,85.78,85.04,85.61,90100,76.51
20120323,85.36,85.56,85.05,85.51,103100,76.42
20120322,85.16,85.16,84.77,85.02,90300,75.98
20120321,84.15,84.85,84.13,84.72,55500,75.72
20120320,83.53,84.49,83.53,84.02,95900,75.09
20120319,85.38,85.39,83.92,84.05,1271300,75.12
20120316,84.75,85.40,84.71,85.40,61100,76.32
20120315,84.80,85.38,84.80,84.96,104600,75.93
20120314,86.16,86.16,84.93,85.00,130500,75.97
20120313,87.07,87.11,86.40,86.43,108500,77.24
20120312,87.70,87.70,87.39,87.48,79700,78.18
20120309,87.24,87.36,86.89,87.36,70400,78.08
20120308,87.61,87.65,87.29,87.38,67100,78.09
20120307,87.90,88.09,87.75,87.79,52900,78.46
20120306,88.42,88.42,88.04,88.11,56200,78.75
20120305,88.53,88.75,88.04,88.08,80000,78.72
20120302,88.49,88.80,88.37,88.61,71800,79.19
20120301,88.34,88.57,87.95,88.42,136100,79.02
20120229,89.30,89.32,88.43,88.63,60400,79.21
20120228,89.57,89.64,89.00,89.13,127200,79.39
20120227,88.65,89.15,88.63,89.00,35300,79.27
20120224,88.66,88.76,88.02,88.63,65700,78.94
20120223,87.68,88.12,87.20,87.93,41700,78.32
20120222,87.50,87.82,87.17,87.72,49300,78.13
20120221,87.37,87.37,86.75,86.75,67100,77.27
20120217,86.89,87.36,86.89,87.31,61100,77.77
20120216,87.45,87.47,86.92,86.92,99000,77.42
20120215,87.79,88.04,87.62,87.76,63400,78.17
20120214,87.63,87.85,87.45,87.56,141400,77.99
20120213,87.29,87.53,87.13,87.44,92900,77.88
20120210,86.91,87.33,86.91,87.30,114400,77.76
20120209,87.39,87.39,86.42,86.97,115700,77.47
20120208,87.43,87.55,87.20,87.51,106900,77.95
20120207,87.24,87.34,86.82,87.15,398500,77.63
20120206,87.17,87.95,86.69,87.91,2619100,78.30
20120203,86.56,87.21,86.40,87.19,77600,77.66
20120202,87.50,87.74,87.29,87.57,32000,78.00
20120201,87.90,87.90,87.27,87.36,58500,77.81
20120131,87.44,87.91,87.22,87.81,51900,78.21
20120130,87.91,87.95,87.55,87.60,43600,77.74
20120127,87.00,87.19,86.56,87.14,36800,77.33
20120126,86.55,87.01,86.36,87.00,94300,77.21
20120125,85.84,86.87,85.70,85.98,40200,76.30
20120124,85.83,86.12,85.50,85.99,67500,76.31
20120123,85.99,86.08,85.61,85.87,39700,76.20
20120120,86.39,86.89,86.25,86.34,39500,76.62
20120119,87.03,87.07,86.40,86.75,64700,76.98
20120118,87.53,87.53,87.02,87.16,129600,77.35
20120117,87.29,87.50,87.10,87.50,66700,77.65
20120113,86.97,87.48,86.84,87.09,49300,77.29
20120112,87.06,87.08,86.12,86.12,251900,76.43
20120111,86.37,87.02,86.27,86.90,94000,77.12
20120110,86.00,86.57,86.00,86.34,40300,76.62
20120109,86.33,86.84,86.30,86.34,43200,76.62
20120106,86.16,86.40,85.95,86.39,24200,76.66
20120105,86.00,86.49,85.79,85.92,29500,76.25
20120104,86.54,86.54,85.78,85.99,50700,76.31
20120103,86.46,86.83,86.01,86.39,30900,76.66
20111230,86.90,87.10,86.62,86.70,24400,76.94
20111229,86.40,86.83,85.91,86.73,42100,76.97
20111228,85.57,86.11,85.41,85.88,30800,76.21
20111227,84.93,85.46,84.70,85.40,33700,75.79
20111223,85.10,85.35,84.94,85.21,22200,75.62
20111222,85.81,85.95,85.52,85.76,20900,75.81
20111221,85.97,85.97,85.22,85.22,37600,75.34
20111220,86.70,86.71,85.78,86.05,82100,76.07
20111219,86.59,87.29,86.39,87.22,41800,77.10
20111216,86.25,86.57,85.86,86.46,69000,76.43
20111215,85.74,85.93,84.83,85.83,37900,75.88
20111214,85.37,86.24,84.99,85.90,418400,75.94
20111213,83.94,85.32,83.89,84.80,51800,74.97
20111212,84.17,84.25,83.86,83.95,22200,74.21
20111209,84.91,84.91,83.73,83.75,37500,74.04
20111208,84.43,84.90,84.23,84.86,25800,75.02
20111207,84.42,84.64,83.92,84.60,45100,74.79
20111206,84.74,85.10,84.17,84.31,31000,74.53
20111205,84.29,84.95,83.95,84.73,83500,74.90
20111202,83.04,84.42,83.04,84.31,56300,74.53
20111201,84.31,84.31,82.43,83.12,39000,73.48
20111130,83.56,83.59,82.92,83.43,58900,73.75
20111129,84.44,84.44,83.57,83.85,37200,73.83
20111128,83.63,84.55,83.17,84.45,29700,74.35
20111125,86.00,86.28,84.38,84.38,57400,74.29
20111123,84.80,85.42,84.73,85.41,44900,75.20
20111122,84.63,84.81,84.15,84.62,168500,74.50
20111121,85.33,85.33,84.82,84.85,46700,74.71
20111118,85.43,85.43,84.82,85.26,19800,75.07
20111117,84.63,85.52,84.63,85.21,63300,75.02
20111116,85.36,85.36,84.88,85.26,17000,75.07
20111115,85.49,85.85,84.96,85.19,35300,75.01
20111114,85.59,85.94,85.33,85.57,26100,75.34
20111111,85.50,85.83,85.08,85.25,20100,75.06
20111110,85.79,86.65,84.82,85.70,49900,75.46
20111109,86.39,86.80,86.00,86.51,46100,76.17
20111108,86.98,87.30,85.97,86.13,46600,75.83
20111107,86.90,87.72,86.62,86.96,32900,76.56
20111104,86.85,87.00,86.55,86.90,25500,76.51
20111103,87.55,87.67,87.01,87.01,48000,76.61
20111102,86.87,88.00,86.40,87.91,48200,77.40
20111101,86.96,87.99,86.60,87.99,54000,77.47
20111031,85.16,86.61,85.16,86.61,42400,76.26
20111028,85.14,85.39,84.56,85.12,19200,74.65
20111027,86.80,86.80,85.00,85.36,47600,74.87
20111026,86.00,87.00,85.84,86.22,58400,75.62
20111025,85.04,86.76,85.04,86.19,27200,75.59
20111024,85.00,85.22,84.74,84.99,108600,74.54
20111021,84.65,84.95,84.24,84.48,54400,74.09
20111020,84.36,85.05,84.21,84.48,103100,74.09
20111019,83.90,84.55,83.81,84.42,195000,74.04
20111018,83.85,84.31,83.38,83.91,27700,73.59
20111017,83.24,83.74,82.80,83.61,30200,73.33
20111014,82.36,82.95,82.24,82.78,46900,72.60
20111013,82.24,82.91,82.19,82.63,34800,72.47
20111012,82.18,82.34,81.50,81.75,196900,71.70
20111011,83.03,83.03,82.29,82.74,30000,72.57
20111010,82.97,82.97,81.67,82.31,33700,72.19
20111007,82.98,83.29,82.48,82.81,29500,72.63
20111006,83.83,83.86,83.13,83.21,31800,72.98
20111005,83.59,83.78,83.05,83.53,129800,73.26
20111004,85.44,85.55,83.61,83.73,148700,73.44
20111003,84.55,85.11,84.10,85.04,38900,74.58
20110930,83.97,84.26,83.37,84.10,31400,73.76
20110929,83.79,84.31,83.57,83.67,27000,73.09
20110928,83.00,83.70,82.86,83.43,22800,72.88
20110927,82.76,83.67,82.76,83.27,74500,72.74
20110926,84.44,84.57,83.85,84.10,32400,73.47
20110923,85.55,85.55,84.51,84.85,54200,74.12
20110922,86.20,86.61,85.21,86.40,59800,75.48
20110921,84.03,85.43,83.45,85.27,42700,74.49
20110920,83.94,84.05,83.62,84.04,26500,73.42
20110919,83.70,84.04,83.49,83.55,26700,72.99
20110916,82.84,83.30,82.57,83.19,18400,72.67
20110915,82.83,83.31,82.50,82.87,24400,72.39
20110914,83.12,83.85,82.95,83.79,102900,73.20
20110913,84.24,84.24,82.95,83.17,15300,72.66
20110912,83.18,84.11,83.18,83.94,41600,73.33
20110909,83.99,84.34,83.60,83.97,19100,73.36
20110908,84.58,84.58,83.31,84.03,23800,73.41
20110907,85.37,85.37,83.25,83.93,109100,73.32
20110906,85.32,85.32,84.08,84.35,21100,73.69
20110902,84.40,84.40,83.17,84.19,33500,73.55
20110901,84.27,84.27,81.45,82.75,30800,72.29
20110831,83.22,83.22,81.66,81.66,25400,71.34
20110830,82.50,82.79,81.76,82.60,16000,71.88
20110829,81.51,81.72,81.00,81.72,17300,71.12
20110826,82.50,82.50,81.04,81.55,18000,70.97
20110825,81.93,82.00,81.48,81.68,13300,71.08
20110824,82.85,82.85,80.44,80.56,32000,70.11
20110823,83.17,83.30,82.43,82.65,27300,71.93
20110822,84.80,84.80,83.80,83.83,39700,72.96
20110819,84.34,84.75,83.83,84.37,21400,73.43
20110818,84.35,84.47,82.91,83.75,44000,72.89
20110817,83.24,83.94,82.71,83.94,30600,73.05
20110816,81.68,82.80,81.68,82.60,56500,71.88
20110815,84.56,84.56,81.67,81.67,50500,71.08
20110812,83.75,83.75,81.45,82.74,57200,72.01
20110811,84.15,84.15,81.49,81.83,57500,71.21
20110810,85.19,85.23,83.92,84.75,51100,73.76
20110809,83.74,85.65,82.00,84.40,65300,73.45
20110808,82.33,83.50,82.31,83.02,31900,72.25
20110805,83.91,85.34,82.93,83.37,201200,72.55
20110804,83.45,84.58,83.45,84.58,81100,73.61
20110803,83.39,84.41,83.19,83.66,846400,72.81
20110802,81.98,83.15,81.51,83.15,42900,72.36
20110801,81.21,81.70,81.00,81.31,29600,70.76
20110729,79.85,81.00,79.85,80.97,20600,70.47
20110728,79.90,80.15,79.76,79.99,17700,69.33
20110727,79.80,79.81,79.47,79.70,8300,69.08
20110726,79.73,80.01,79.46,79.97,14200,69.31
20110725,79.39,79.70,79.01,79.30,22300,68.73
20110722,80.00,80.09,79.65,80.02,6400,69.35
20110721,79.68,80.05,79.34,79.95,28200,69.29
20110720,80.47,80.50,79.90,80.05,19900,69.38
20110719,79.20,80.49,78.94,80.47,26100,69.74
20110718,79.57,79.57,78.89,79.07,21800,68.53
20110715,79.39,79.65,79.32,79.53,6900,68.93
20110714,80.15,80.37,79.71,79.79,18300,69.15
20110713,79.97,80.66,79.86,80.66,15000,69.91
20110712,80.45,80.48,79.87,80.21,16900,69.52
20110711,79.85,80.14,79.57,80.14,7700,69.46
20110708,79.38,79.66,79.20,79.37,34900,68.79
20110707,78.80,78.91,78.35,78.91,27700,68.39
20110706,79.17,79.17,78.32,78.52,20700,68.05
20110705,78.32,78.59,78.28,78.43,16800,67.98
20110701,78.77,78.77,77.90,78.00,29600,67.60
20110630,78.49,78.49,77.55,78.23,11000,67.80
20110629,78.68,78.84,78.27,78.45,15100,67.75
20110628,78.89,78.89,78.53,78.62,23100,67.90
20110627,79.76,79.76,78.51,78.92,37400,68.16
20110624,79.99,80.09,79.68,79.68,14000,68.81
20110623,80.10,80.19,79.63,79.92,23800,69.02
20110622,80.06,80.07,79.60,79.78,10800,68.90
20110621,79.11,80.02,79.11,79.83,555700,68.94
20110620,80.03,80.03,79.35,79.61,4500,68.75
20110617,79.72,79.72,79.36,79.48,8400,68.64
20110616,79.85,79.85,79.35,79.69,15900,68.82
20110615,78.61,79.54,78.60,79.54,5500,68.69
20110614,79.10,79.10,78.60,78.61,19600,67.89
20110613,79.62,79.80,79.40,79.45,12300,68.61
20110610,80.09,80.18,79.48,79.63,29300,68.77
20110609,80.25,80.25,79.49,79.67,7300,68.80
20110608,79.93,80.03,79.67,79.80,7500,68.92
20110607,79.30,79.55,78.97,79.55,9800,68.70
20110606,79.32,79.37,79.00,79.22,5600,68.42
20110603,79.54,79.71,79.20,79.51,9700,68.67
20110602,80.13,80.22,79.51,79.57,66600,68.72
20110601,80.59,80.83,80.22,80.78,9800,69.76
20110531,80.50,80.50,79.66,80.21,9200,69.27
20110527,80.45,80.45,80.11,80.30,25500,69.06
20110526,80.23,80.47,80.12,80.47,24800,69.20
20110525,80.23,80.23,79.80,80.00,89400,68.80
20110524,80.04,80.20,79.77,80.20,4000,68.97
20110523,80.11,80.11,79.80,79.87,18200,68.69
20110520,79.75,79.93,79.44,79.91,30300,68.72
20110519,79.32,79.82,79.10,79.70,11100,68.54
20110518,80.43,80.43,79.76,79.76,3700,68.59
20110517,79.85,80.34,79.85,80.27,16800,69.03
20110516,79.70,79.94,79.66,79.89,8700,68.70
20110513,79.15,79.70,79.15,79.46,7100,68.33
20110512,79.56,79.56,78.82,79.16,13000,68.08
20110511,78.99,79.55,78.99,79.55,10500,68.41
20110510,79.74,79.74,79.21,79.30,11200,68.20
20110509,79.88,79.88,79.55,79.66,9600,68.51
20110506,79.85,80.05,79.32,79.76,29000,68.59
20110505,79.87,79.87,79.43,79.67,12200,68.51
20110504,79.34,79.54,79.24,79.43,31000,68.31
20110503,79.12,79.12,78.70,78.99,4100,67.93
20110502,78.92,78.92,77.95,78.68,6300,67.66
20110429,78.29,78.40,78.29,78.40,9600,67.42
20110428,78.48,78.53,78.24,78.28,8200,67.03
20110427,78.41,78.41,78.09,78.12,18900,66.89
20110426,78.10,78.44,78.10,78.41,21500,67.14
20110425,78.02,78.14,77.90,78.03,10300,66.81
20110421,78.00,78.22,77.81,77.90,18100,66.70
20110420,78.37,78.37,77.94,77.94,17500,66.74
20110419,78.06,78.07,77.95,78.07,5600,66.85
20110418,78.06,78.06,76.88,77.70,11800,66.53
20110415,77.60,77.74,77.36,77.70,11200,66.53
20110414,76.98,77.12,76.81,77.11,3000,66.02
20110413,76.35,77.09,76.35,77.07,7900,65.99
20110412,76.70,76.87,76.60,76.80,6500,65.76
20110411,76.44,76.50,76.14,76.30,17700,65.33
20110408,76.23,76.40,76.03,76.08,10400,65.14
20110407,76.70,76.76,76.31,76.46,4200,65.47
20110406,77.31,77.31,76.50,76.63,9000,65.61
20110405,77.55,77.55,76.96,77.25,7600,66.14
20110404,77.41,77.51,76.64,77.15,8600,66.06
20110401,76.17,76.92,76.17,76.92,7500,65.86
20110331,77.00,77.12,76.56,76.66,8200,65.64
20110330,77.07,77.09,76.97,77.06,12500,65.65
20110329,77.24,77.28,77.01,77.13,7600,65.71
20110328,77.40,77.53,77.28,77.28,7100,65.83
20110325,78.14,78.14,77.07,77.35,8200,65.89
20110324,77.37,77.61,77.31,77.49,7600,66.01
20110323,78.26,78.26,77.51,77.54,7700,66.06
20110322,77.77,78.01,77.60,77.97,6800,66.42
20110321,78.13,78.13,77.30,77.82,10500,66.29
20110318,77.50,77.91,77.50,77.90,4200,66.36
20110317,78.01,78.01,77.30,77.75,6100,66.24
20110316,77.40,78.22,77.40,78.16,6400,66.58
20110315,77.39,77.39,77.11,77.36,2900,65.90
20110314,76.99,77.29,76.99,77.20,4600,65.77
20110311,76.83,77.23,76.83,76.99,3500,65.59
20110310,76.48,77.34,76.48,77.20,4900,65.77
20110309,76.54,76.59,76.06,76.44,4000,65.12
20110308,76.54,76.54,76.05,76.20,6400,64.91
20110307,76.47,76.75,76.31,76.57,6200,65.23
20110304,76.07,76.52,76.07,76.38,5500,65.07
20110303,76.28,76.58,76.08,76.25,6700,64.96
20110302,77.39,77.39,76.72,76.72,7800,65.36
20110301,77.30,77.53,77.30,77.53,3600,66.05
20110228,77.67,77.70,77.22,77.54,12600,66.06
20110225,76.84,77.30,76.84,77.21,6500,65.50
20110224,76.75,77.22,76.75,76.83,9400,65.18
20110223,77.19,77.19,76.48,76.78,7700,65.14
20110222,75.94,76.68,75.94,76.68,6800,65.05
20110218,76.28,76.28,75.83,76.16,4400,64.61
20110217,76.57,76.57,76.08,76.38,6200,64.80
20110216,76.02,76.39,76.02,76.39,1900,64.81
20110215,75.81,76.22,75.81,76.20,3600,64.65
20110214,76.00,76.32,75.95,76.15,2700,64.60
20110211,76.05,76.05,75.47,75.72,3700,64.24
20110210,75.89,75.89,75.27,75.46,32300,64.02
20110209,75.42,76.08,75.09,76.03,20600,64.50
20110208,75.95,75.95,75.41,75.49,4600,64.04
20110207,75.16,75.89,75.16,75.89,4700,64.38
20110204,75.99,75.99,75.26,75.45,9300,64.01
20110203,76.11,76.45,76.04,76.20,3000,64.65
20110202,76.19,76.40,75.95,76.02,5100,64.49
20110201,76.40,76.65,76.20,76.20,5800,64.65
20110131,76.83,76.83,76.42,76.52,5800,64.92
20110128,76.72,77.34,76.51,77.09,5400,65.13
20110127,76.63,76.98,76.48,76.97,2000,65.03
20110126,77.40,77.40,76.62,76.62,5100,64.74
20110125,77.14,77.69,76.71,77.46,7400,65.45
20110124,77.38,77.38,76.63,77.05,2300,65.10
20110121,76.13,76.87,76.13,76.66,5100,64.77
20110120,76.86,76.86,76.02,76.29,6700,64.46
20110119,76.47,76.88,76.47,76.69,2400,64.80
20110118,76.80,76.84,76.46,76.64,9400,64.75
20110114,77.12,77.59,77.01,77.21,3800,65.24
20110113,77.16,77.75,77.00,77.11,23900,65.15
20110112,77.26,77.26,76.89,76.96,1900,65.02
20110111,77.16,77.20,76.77,77.15,3200,65.18
20110110,77.51,77.56,76.90,77.07,18500,65.12
20110107,76.84,77.16,76.76,76.77,37000,64.86
20110106,76.60,77.24,76.60,76.60,6200,64.72
20110105,77.34,77.34,76.50,76.81,9400,64.90
20110104,77.75,77.75,77.35,77.46,3600,65.45
20110103,77.32,77.81,77.32,77.72,5200,65.67
20101231,77.49,77.75,77.41,77.52,5800,65.50
20101230,77.18,77.18,76.73,76.88,88800,64.96
20101229,76.33,77.13,76.15,76.95,7500,65.02
20101228,76.75,76.75,75.85,76.10,44400,64.30
20101227,76.52,76.84,76.02,76.75,12900,64.85
20101223,77.05,77.17,76.95,77.06,126500,64.60
20101222,77.11,77.36,77.03,77.06,2600,64.60
20101221,76.70,77.15,76.66,77.15,5000,64.68
20101220,77.52,77.63,76.80,77.15,6000,64.68
20101217,76.29,77.20,75.95,77.10,16700,64.64
20101216,75.81,75.81,75.20,75.48,4200,63.28
20101215,75.89,76.10,75.00,75.51,32400,63.30
20101214,76.00,76.55,75.70,75.81,15300,63.55
20101213,76.85,76.95,76.24,76.74,6600,64.33
20101210,76.90,77.27,76.77,76.77,4500,64.36
20101209,77.26,77.52,76.13,76.95,19800,64.51
20101208,76.57,77.12,76.00,76.65,21000,64.26
20101207,77.38,77.73,76.64,76.80,13000,64.38
20101206,77.17,78.06,77.17,77.94,9800,65.34
20101203,77.98,77.98,77.21,77.21,6800,64.73
20101202,77.88,78.35,77.73,77.86,10100,65.27
20101201,78.84,78.84,77.73,78.05,112200,65.43
20101130,78.70,78.98,78.41,78.46,7800,65.78
20101129,78.50,78.83,78.50,78.80,5600,65.76
20101126,78.50,78.50,78.17,78.33,2300,65.36
20101124,78.43,78.48,77.85,78.05,7200,65.13
20101123,78.93,78.95,78.55,78.72,5500,65.69
20101122,78.51,78.90,78.26,78.64,27200,65.62
20101119,78.05,78.30,77.88,78.26,2000,65.31
20101118,77.53,77.72,77.45,77.72,5400,64.86
20101117,77.96,78.17,77.59,77.64,6500,64.79
20101116,76.88,77.87,76.56,77.77,21500,64.90
20101115,77.67,77.72,76.45,76.51,19500,63.85
20101112,78.23,78.30,77.75,77.76,1900,64.89
20101111,78.45,78.63,77.65,78.19,8300,65.25
20101110,78.70,78.75,77.50,78.41,20400,65.43
20101109,79.94,79.94,78.42,78.42,28000,65.44
20101108,80.02,80.37,79.64,79.75,19600,66.55
20101105,79.13,79.95,79.13,79.66,19700,66.47
20101104,79.89,80.53,79.89,80.41,22200,67.10
20101103,81.19,81.20,78.76,79.24,3200,66.12
20101102,80.44,80.58,80.20,80.58,6700,67.24
20101101,80.53,80.53,79.80,80.18,19000,66.91
20101029,79.87,80.39,79.33,80.36,6600,67.06
20101028,80.27,80.27,79.81,80.10,28700,66.54
20101027,80.00,80.15,79.75,79.96,11000,66.43
20101026,80.84,80.91,80.22,80.43,7800,66.82
20101025,80.95,81.25,80.95,81.18,5100,67.44
20101022,80.04,80.62,80.04,80.24,3200,66.66
20101021,81.02,81.12,80.44,80.44,4100,66.83
20101020,80.67,81.18,80.67,81.00,1900,67.29
20101019,80.22,80.91,79.95,80.75,2300,67.08
20101018,80.36,80.51,80.07,80.25,11400,66.67
20101015,80.16,80.23,79.38,79.98,15800,66.44
20101014,81.34,81.50,80.65,80.66,6000,67.01
20101013,80.98,81.63,80.79,81.57,10000,67.77
20101012,82.10,82.10,81.43,81.43,8700,67.65
20101011,82.13,82.13,81.56,82.10,5300,68.21
20101008,82.35,82.42,81.66,81.79,31600,67.95
20101007,82.20,82.36,81.81,82.19,91800,68.28
20101006,81.38,82.34,81.27,82.10,5200,68.21
20101005,80.93,81.29,80.84,80.97,3500,67.27
20101004,81.24,81.36,80.94,81.33,7100,67.57
20101001,80.99,81.32,80.99,81.21,3900,67.47
20100930,81.35,81.37,80.75,81.06,4100,67.34
20100929,81.97,82.03,81.40,81.83,14300,67.66
20100928,81.55,81.95,81.55,81.95,48300,67.76
20100927,81.15,81.74,81.15,81.74,4300,67.58
20100924,80.84,80.86,80.55,80.57,3600,66.62
20100923,81.21,81.27,80.93,81.26,8300,67.19
20100922,81.17,81.18,80.61,80.61,7800,66.65
20100921,80.13,80.86,79.90,80.35,7200,66.43
20100920,80.15,80.15,79.68,79.80,10500,65.98
20100917,79.72,79.72,79.37,79.63,9900,65.84
20100916,79.44,79.57,78.99,79.15,50600,65.44
20100915,80.22,80.57,79.84,80.12,28300,66.24
20100914,80.76,80.76,80.31,80.31,5000,66.40
20100913,79.33,80.10,79.33,80.10,10600,66.23
20100910,80.30,80.30,79.48,79.95,4300,66.10
20100909,80.70,80.70,80.01,80.01,6300,66.15
20100908,81.60,81.60,80.70,81.03,2100,67.00
20100907,80.75,81.80,80.75,81.79,16100,67.62
20100903,80.74,80.74,80.18,80.20,154500,66.31
20100902,81.48,81.56,80.98,81.42,10500,67.32
20100901,82.14,82.14,80.18,81.42,10600,67.32
20100831,82.98,83.00,82.50,82.92,2700,68.56
20100830,82.26,82.76,80.90,82.70,6500,68.12
20100827,82.82,83.15,81.13,81.82,7000,67.40
20100826,83.00,83.44,82.37,83.19,9700,68.53
20100825,83.69,83.85,82.90,83.05,22700,68.41
20100824,83.13,83.52,82.40,83.52,8300,68.80
20100823,82.32,82.64,81.80,82.22,10300,67.73
20100820,83.14,83.34,82.57,82.60,13600,68.04
20100819,81.75,84.21,81.75,82.82,16800,68.22
20100818,82.08,82.08,81.70,81.70,8400,67.30
20100817,82.04,82.04,81.53,81.78,11600,67.36
20100816,81.57,81.90,81.19,81.85,15700,67.42
20100813,80.29,80.53,80.17,80.45,3800,66.27
20100812,80.16,80.28,79.79,79.79,11100,65.73
20100811,79.51,79.96,79.16,79.82,14300,65.75
20100810,79.44,80.33,79.10,79.63,51700,65.59
20100809,79.50,79.62,79.47,79.54,10700,65.52
20100806,79.52,79.55,79.03,79.54,6600,65.52
20100805,79.86,79.86,78.85,79.10,19400,65.16
20100804,79.49,79.49,79.00,79.00,10600,65.07
20100803,79.23,79.27,79.05,79.26,10500,65.29
20100802,79.21,79.31,78.71,79.08,16600,65.14
20100730,79.24,79.54,79.10,79.51,13000,65.50
20100729,79.25,79.32,78.45,79.04,9100,64.83
20100728,79.09,79.09,78.52,79.01,10200,64.81
20100727,78.75,78.75,78.40,78.61,11600,64.48
20100726,78.25,78.51,78.04,78.51,9900,64.40
20100723,78.78,79.04,78.40,78.68,3900,64.54
20100722,79.38,79.38,78.86,79.04,4400,64.83
20100721,78.43,79.63,78.43,79.63,6400,65.32
20100720,78.55,78.57,78.41,78.41,2900,64.32
20100719,78.76,78.76,78.39,78.39,1900,64.30
20100716,78.70,78.85,78.41,78.41,8100,64.32
20100715,78.07,78.37,78.07,78.28,2900,64.21
20100714,77.31,77.76,77.19,77.71,5200,63.74
20100713,77.34,77.36,77.07,77.17,16700,63.30
20100712,77.27,77.58,77.27,77.29,4100,63.40
20100709,77.45,77.47,77.06,77.25,5900,63.36
20100708,77.51,77.64,77.15,77.49,8000,63.56
20100707,78.00,78.05,77.51,77.78,7700,63.80
20100706,77.45,78.00,76.91,78.00,38000,63.98
20100702,77.79,77.79,77.49,77.51,6500,63.58
20100701,78.06,78.34,77.46,78.01,8500,63.99
20100630,77.70,77.96,77.25,77.95,2700,63.94
20100629,77.40,77.60,77.01,77.60,8000,63.37
20100628,77.15,77.23,76.85,77.23,4600,63.06
20100625,76.28,76.71,76.20,76.62,8000,62.57
20100624,76.89,76.89,76.25,76.25,3600,62.26
20100623,76.75,76.83,76.44,76.75,8300,62.67
20100622,76.00,76.42,76.00,76.42,7100,62.40
20100621,75.57,76.21,75.50,76.14,7200,62.17
20100618,75.99,76.00,75.61,75.92,3100,62.00
20100617,76.06,76.06,75.64,75.99,5100,62.05
20100616,74.75,75.24,74.75,75.21,13200,61.42
20100615,75.00,75.04,74.56,74.96,3300,61.21
20100614,74.71,74.96,74.58,74.96,5200,61.21
20100611,74.50,75.12,74.50,75.12,1400,61.34
20100610,75.07,75.07,74.33,74.33,7000,60.70
20100609,75.24,75.58,74.75,75.43,3700,61.60
20100608,76.13,76.13,75.07,75.53,1600,61.68
20100607,75.64,75.77,75.57,75.68,4500,61.80
20100604,75.77,75.77,74.71,75.16,2800,61.37
20100603,74.40,74.90,74.40,74.54,9900,60.87
20100602,74.80,74.80,74.61,74.75,7600,61.04
20100601,76.00,76.00,74.50,74.80,15300,61.08
20100528,74.83,74.97,74.59,74.97,3200,61.22
20100527,75.55,75.55,74.60,75.18,27800,61.10
20100526,76.22,76.42,75.93,76.39,11000,62.08
20100525,77.16,77.16,76.58,76.58,13200,62.24
20100524,76.95,77.36,76.91,76.96,4500,62.55
20100521,77.75,77.75,77.00,77.17,2700,62.72
20100520,78.00,78.00,76.18,76.38,8500,62.08
20100519,76.63,76.96,76.57,76.76,15100,62.38
20100518,76.34,76.61,76.08,76.50,2400,62.17
20100517,76.10,76.40,75.78,76.00,3500,61.77
20100514,76.06,76.70,76.06,76.30,5300,62.01
20100513,75.88,75.95,75.55,75.56,1900,61.41
20100512,76.39,76.39,75.65,75.65,15500,61.48
20100511,76.92,76.92,75.46,76.02,10500,61.78
20100510,75.31,76.78,75.31,76.59,4900,62.25
20100507,76.57,76.80,75.73,75.73,13300,61.55
20100506,77.14,77.61,75.94,76.83,11100,62.44
20100505,77.38,77.48,76.89,76.95,4900,62.54
20100504,77.27,77.27,76.47,76.95,12300,62.54
20100503,76.56,76.56,76.15,76.15,2200,61.89
20100430,76.06,76.56,76.06,76.56,1100,62.22
20100429,76.00,76.30,76.00,76.09,800,61.56
20100428,76.17,76.31,76.17,76.21,600,61.65
20100427,75.99,76.33,75.99,76.33,1000,61.75
20100426,76.35,76.35,75.59,75.59,3400,61.15
20100423,76.05,76.07,75.67,75.99,2700,61.48
20100422,76.42,76.49,75.74,76.13,13000,61.59
20100421,76.16,76.35,76.16,76.35,2700,61.77
20100420,75.50,76.03,75.50,75.96,3600,61.45
20100419,75.77,75.77,75.71,75.71,300,61.25
20100416,76.05,76.05,75.46,75.61,3600,61.17
20100415,75.28,75.64,74.91,75.64,7800,61.19
20100414,75.05,75.49,75.05,75.32,11600,60.93
20100413,75.84,75.84,75.01,75.49,5300,61.07
20100412,74.90,75.16,74.90,75.16,3300,60.81
20100409,74.70,74.92,74.63,74.86,3000,60.56
20100408,74.73,74.79,74.31,74.66,2100,60.40
20100407,73.99,74.82,73.99,74.82,1000,60.53
20100406,74.00,74.07,74.00,74.07,2100,59.92
20100405,73.90,74.18,73.45,73.85,5500,59.75
20100401,74.41,74.70,74.38,74.63,2200,60.38
20100331,74.50,74.66,74.48,74.59,1700,60.34
20100330,74.41,74.58,74.37,74.42,3100,59.89
20100329,74.62,74.62,74.06,74.58,3400,60.02
20100326,74.58,74.74,74.30,74.39,12700,59.86
20100325,74.61,74.61,73.99,73.99,1400,59.54
20100324,75.02,75.28,74.80,74.80,1400,60.19
20100323,75.91,75.91,75.76,75.76,400,60.97
20100322,75.88,75.88,75.80,75.80,900,61.00
20100319,75.79,75.79,75.72,75.79,500,60.99
20100318,76.02,76.02,76.02,76.02,400,61.18
20100317,75.90,75.90,75.25,75.60,6700,60.84
20100316,75.17,75.17,75.17,75.17,600,60.49
20100315,75.09,75.09,74.86,74.93,1900,60.30
20100312,74.72,75.00,74.60,75.00,1800,60.35
20100311,74.34,74.61,73.99,74.61,2200,60.04
20100310,74.63,74.63,74.42,74.45,4200,59.91
20100309,74.16,74.59,74.16,74.58,2400,60.02
20100308,74.09,74.74,74.09,74.74,800,60.15
20100305,74.68,74.68,74.09,74.57,2500,60.01
20100304,74.82,74.82,74.82,74.82,400,60.21
20100303,74.70,74.81,74.25,74.72,3300,60.13
20100302,74.75,74.87,74.71,74.83,4400,60.22
20100301,74.91,74.91,74.79,74.82,900,60.21
20100226,74.70,74.94,74.70,74.94,700,60.31
20100225,74.85,74.85,74.16,74.64,7200,59.80
20100224,74.45,74.45,74.25,74.25,500,59.49
20100223,73.88,73.93,73.52,73.92,7200,59.23
20100222,73.13,73.77,73.13,73.54,2200,58.92
20100219,73.02,73.24,73.02,73.13,45500,58.59
20100218,73.58,73.58,72.67,73.16,3900,58.62
20100217,73.57,73.57,73.00,73.32,1000,58.75
20100216,73.22,73.33,73.07,73.33,700,58.75
20100212,73.45,73.46,73.32,73.39,3900,58.80
20100211,73.50,73.55,73.38,73.38,900,58.79
20100210,74.02,74.07,73.40,73.50,7500,58.89
20100209,74.01,74.02,73.94,73.94,1700,59.24
20100208,74.66,74.66,74.19,74.47,1200,59.67
20100205,74.17,74.33,74.17,74.33,1200,59.55
20100204,74.00,74.59,73.89,74.51,7200,59.70
20100203,74.58,74.61,74.26,74.26,1600,59.50
20100202,74.60,74.68,74.60,74.68,900,59.83
20100201,74.40,74.59,74.40,74.59,2500,59.76
20100129,74.40,74.41,74.40,74.41,2700,59.62
20100128,74.85,74.85,74.61,74.61,1000,59.52
20100127,74.88,75.02,74.50,74.68,13800,59.57
20100126,75.04,75.09,74.80,74.80,6400,59.67
20100125,75.09,75.28,75.09,75.16,4300,59.96
20100122,75.49,75.51,74.98,75.06,3400,59.88
20100121,75.16,76.09,75.14,75.73,5200,60.41
20100120,74.90,75.20,74.90,75.01,1600,59.84
20100119,75.15,75.27,74.23,74.80,102800,59.67
20100115,75.27,75.33,75.15,75.15,5900,59.95
20100114,74.89,74.97,74.60,74.97,1100,59.81
20100113,75.30,75.30,74.46,74.46,2300,59.40
20100112,75.76,75.76,74.87,74.92,1100,59.77
20100111,74.60,74.61,74.50,74.57,1200,59.49
20100108,74.40,74.58,74.26,74.58,2600,59.49
20100107,74.50,74.53,74.50,74.53,300,59.45
20100106,75.01,75.01,74.49,74.53,9800,59.45
20100105,74.88,75.09,74.71,75.00,15200,59.83
20100104,74.21,74.21,73.94,74.08,6100,59.10
20091231,73.93,74.22,73.93,74.22,900,59.21
20091230,74.15,74.15,73.95,74.11,6100,59.12
20091229,73.68,73.90,73.55,73.90,1000,58.95
20091228,73.44,73.45,73.25,73.38,1800,58.54
20091224,73.88,73.88,73.52,73.52,400,58.65
20091223,74.66,74.66,74.65,74.65,900,59.15
20091222,74.38,74.42,74.34,74.42,1500,58.97
20091221,74.58,74.58,74.58,74.58,100,59.10
20091218,74.86,74.86,74.86,74.86,000,59.32
20091217,75.06,75.06,74.86,74.86,1000,59.32
20091216,75.06,75.13,74.86,74.86,400,59.32
20091215,74.85,74.85,74.85,74.85,000,59.31
20091214,74.83,74.85,74.83,74.85,14600,59.31
20091211,74.61,74.69,74.58,74.69,2200,59.19
20091210,74.77,74.98,74.72,74.98,8000,59.42
20091209,75.40,75.40,75.00,75.11,9800,59.52
20091208,75.40,75.40,75.20,75.27,7000,59.65
20091207,75.09,75.09,74.90,75.07,900,59.49
20091204,75.09,75.09,75.09,75.09,100,59.50
20091203,75.17,75.26,75.17,75.26,9100,59.64
20091202,75.94,75.94,75.89,75.89,15700,60.14
20091201,75.70,75.75,75.62,75.69,68600,59.98
20091130,75.73,76.00,75.73,76.00,1100,60.22
20091127,75.85,75.85,75.85,75.85,300,60.11
20091125,75.53,75.74,75.52,75.74,4000,60.02
20091124,75.26,75.26,75.26,75.26,000,59.64
20091123,75.26,75.26,75.26,75.26,100,59.64
