20140814,80.38,80.39,80.33,80.34,275300,80.34
20140813,80.29,80.36,80.26,80.32,387400,80.32
20140812,80.32,80.32,80.23,80.24,332000,80.24
20140811,80.34,80.34,80.23,80.29,382800,80.29
20140808,80.31,80.37,80.26,80.31,396800,80.31
20140807,80.24,80.32,80.18,80.31,426500,80.31
20140806,80.22,80.25,80.19,80.22,370800,80.22
20140805,80.20,80.21,80.14,80.19,323100,80.19
20140804,80.18,80.22,80.16,80.22,501700,80.22
20140801,80.13,80.16,80.06,80.14,664800,80.14
20140731,80.11,80.12,80.01,80.12,459200,80.00
20140730,80.14,80.14,80.04,80.12,624500,80.00
20140729,80.18,80.23,80.16,80.22,379300,80.10
20140728,80.19,80.21,80.16,80.18,548400,80.06
20140725,80.15,80.18,80.11,80.15,345500,80.03
20140724,80.19,80.19,80.10,80.11,353200,79.99
20140723,80.18,80.23,80.17,80.21,360300,80.09
20140722,80.17,80.17,80.12,80.14,675600,80.02
20140721,80.15,80.19,80.10,80.11,479500,79.99
20140718,80.20,80.20,80.14,80.16,530200,80.04
20140717,80.22,80.23,80.16,80.16,397700,80.04
20140716,80.13,80.18,80.12,80.15,653000,80.03
20140715,80.18,80.25,80.12,80.16,373500,80.04
20140714,80.19,80.21,80.15,80.18,301900,80.06
20140711,80.24,80.25,80.20,80.22,552800,80.10
20140710,80.23,80.26,80.18,80.22,475900,80.10
20140709,80.07,80.19,80.05,80.17,380100,80.05
20140708,80.08,80.13,80.07,80.12,375700,80.00
20140707,80.01,80.08,80.01,80.05,398400,79.93
20140703,80.02,80.08,80.00,80.08,398500,79.96
20140702,80.18,80.18,80.06,80.07,600100,79.95
20140701,80.22,80.25,80.21,80.24,755200,80.12
20140630,80.36,80.37,80.32,80.37,330300,80.13
20140627,80.30,80.34,80.30,80.34,362500,80.10
20140626,80.26,80.31,80.25,80.30,482900,80.06
20140625,80.29,80.32,80.25,80.27,519900,80.03
20140624,80.28,80.28,80.16,80.19,442700,79.95
20140623,80.20,80.22,80.16,80.19,843700,79.95
20140620,80.19,80.23,80.16,80.20,511600,79.96
20140619,80.23,80.27,80.17,80.20,672200,79.96
20140618,80.13,80.22,80.09,80.22,775000,79.98
20140617,80.11,80.13,80.06,80.10,452300,79.86
20140616,80.12,80.17,80.11,80.12,372100,79.88
20140613,80.13,80.21,80.12,80.21,313700,79.97
20140612,80.21,80.25,80.18,80.22,340400,79.98
20140611,80.18,80.21,80.17,80.21,547800,79.97
20140610,80.15,80.19,80.13,80.19,454200,79.95
20140609,80.24,80.24,80.12,80.12,1047900,79.88
20140606,80.28,80.33,80.24,80.27,346200,80.03
20140605,80.21,80.26,80.18,80.22,376400,79.98
20140604,80.24,80.24,80.14,80.17,359000,79.93
20140603,80.24,80.26,80.15,80.16,351300,79.92
20140602,80.32,80.35,80.25,80.26,486800,80.02
20140530,80.56,80.57,80.46,80.49,924500,80.13
20140529,80.53,80.60,80.53,80.56,519400,80.20
20140528,80.57,80.58,80.51,80.57,428800,80.21
20140527,80.49,80.52,80.43,80.49,557900,80.13
20140523,80.47,80.51,80.45,80.50,386000,80.14
20140522,80.49,80.49,80.43,80.48,589300,80.12
20140521,80.48,80.50,80.44,80.49,823600,80.13
20140520,80.49,80.52,80.46,80.50,487600,80.14
20140519,80.49,80.50,80.46,80.48,435600,80.12
20140516,80.41,80.48,80.38,80.46,886700,80.10
20140515,80.40,80.47,80.36,80.40,841100,80.04
20140514,80.35,80.44,80.31,80.43,458500,80.07
20140513,80.28,80.31,80.23,80.29,333200,79.93
20140512,80.23,80.25,80.19,80.23,370300,79.87
20140509,80.20,80.25,80.20,80.20,460700,79.84
20140508,80.25,80.29,80.22,80.26,544000,79.90
20140507,80.15,80.23,80.12,80.21,647100,79.85
20140506,80.16,80.17,80.12,80.16,691700,79.80
20140505,80.15,80.15,80.11,80.15,358600,79.79
20140502,80.03,80.16,80.02,80.14,338700,79.78
20140501,80.07,80.19,80.04,80.14,339200,79.78
20140430,80.20,80.21,80.16,80.19,437500,79.71
20140429,80.10,80.13,80.09,80.13,338200,79.65
20140428,80.12,80.14,80.06,80.11,419700,79.63
20140425,80.15,80.17,80.12,80.13,335600,79.65
20140424,80.10,80.13,80.05,80.12,306400,79.64
20140423,80.14,80.18,80.10,80.10,515700,79.62
20140422,80.09,80.11,80.02,80.08,357900,79.60
20140421,80.10,80.11,80.02,80.02,477200,79.54
20140417,80.12,80.18,80.01,80.09,381400,79.61
20140416,80.19,80.20,80.10,80.12,410300,79.64
20140415,80.17,80.25,80.17,80.17,470300,79.69
20140414,80.20,80.22,80.15,80.20,326100,79.72
20140411,80.28,80.28,80.21,80.23,318200,79.75
20140410,80.19,80.27,80.16,80.26,462600,79.78
20140409,80.04,80.19,80.03,80.17,531900,79.69
20140408,80.04,80.09,80.02,80.09,409000,79.61
20140407,80.05,80.05,80.00,80.02,472000,79.54
20140404,79.94,79.99,79.90,79.95,417300,79.47
20140403,79.78,79.84,79.75,79.76,374800,79.28
20140402,79.75,79.81,79.74,79.75,509100,79.27
20140401,79.83,79.87,79.76,79.80,1148500,79.32
20140331,79.90,79.98,79.87,79.98,478600,79.38
20140328,79.89,79.92,79.86,79.89,498000,79.29
20140327,79.81,79.97,79.81,79.92,550300,79.32
20140326,79.79,79.92,79.78,79.86,2493900,79.26
20140325,79.80,79.83,79.76,79.78,1885000,79.18
20140324,79.80,79.83,79.76,79.80,501200,79.20
20140321,79.81,79.88,79.79,79.87,585900,79.27
20140320,79.84,79.86,79.80,79.83,651000,79.23
20140319,80.04,80.06,79.77,79.82,700800,79.22
20140318,80.03,80.07,79.99,80.01,945900,79.41
20140317,80.13,80.13,79.99,80.03,453100,79.43
20140314,80.00,80.05,79.98,80.01,606500,79.41
20140313,79.97,80.04,79.94,80.00,3400700,79.40
20140312,80.02,80.08,80.02,80.05,397400,79.45
20140311,80.00,80.02,79.95,79.97,486000,79.37
20140310,79.99,80.01,79.94,79.99,756500,79.39
20140307,80.00,80.00,79.92,79.96,646900,79.36
20140306,80.04,80.09,80.00,80.05,797800,79.45
20140305,80.13,80.13,80.04,80.09,628300,79.48
20140304,80.15,80.19,80.10,80.10,530100,79.49
20140303,80.21,80.29,80.19,80.20,492700,79.59
20140228,80.33,80.34,80.22,80.34,546700,79.61
20140227,80.30,80.38,80.28,80.33,624000,79.60
20140226,80.20,80.28,80.19,80.28,522700,79.56
20140225,80.16,80.22,80.14,80.21,567200,79.49
20140224,80.16,80.20,80.13,80.15,525600,79.43
20140221,80.10,80.16,80.05,80.16,560600,79.44
20140220,80.12,80.15,80.11,80.11,497400,79.39
20140219,80.25,80.28,80.18,80.19,422300,79.47
20140218,80.19,80.25,80.12,80.22,581300,79.50
20140214,80.17,80.18,80.12,80.14,743200,79.42
20140213,80.12,80.18,80.11,80.14,486500,79.42
20140212,80.10,80.11,80.03,80.08,650500,79.36
20140211,80.15,80.18,80.04,80.11,845200,79.39
20140210,80.18,80.20,80.15,80.16,471700,79.44
20140207,80.16,80.23,80.12,80.21,388100,79.49
20140206,80.06,80.14,80.02,80.11,773000,79.39
20140205,80.07,80.08,79.98,80.06,675900,79.34
20140204,80.10,80.12,80.06,80.07,682100,79.35
20140203,80.10,80.14,80.01,80.12,657000,79.40
20140131,80.05,80.16,80.05,80.15,504700,79.31
20140130,80.04,80.08,80.02,80.04,508300,79.20
20140129,80.05,80.05,79.91,80.04,671700,79.20
20140128,79.83,80.05,79.83,80.02,1274600,79.18
20140127,79.88,79.93,79.82,79.82,456900,78.99
20140124,79.94,80.00,79.85,79.88,906900,79.05
20140123,79.97,79.99,79.88,79.90,966500,79.07
20140122,79.95,79.95,79.83,79.86,665100,79.03
20140121,80.00,80.00,79.92,79.93,767600,79.09
20140117,79.97,79.97,79.88,79.94,479300,79.10
20140116,79.93,79.95,79.88,79.92,506100,79.09
20140115,79.82,79.90,79.80,79.85,424300,79.02
20140114,79.98,80.00,79.89,79.91,387100,79.08
20140113,80.01,80.06,79.95,79.99,620200,79.15
20140110,79.89,80.01,79.82,80.01,500500,79.17
20140109,79.84,79.85,79.72,79.74,574500,78.91
20140108,79.80,79.81,79.72,79.75,655400,78.92
20140107,79.86,79.86,79.78,79.83,653000,79.00
20140106,79.80,79.80,79.75,79.80,934400,78.97
20140103,79.79,79.80,79.72,79.73,772000,78.90
20140102,79.78,79.78,79.68,79.70,914200,78.87
20131231,79.76,79.80,79.71,79.78,595400,78.95
20131230,79.71,79.76,79.61,79.74,539200,78.91
20131227,79.65,79.68,79.61,79.68,442000,78.85
20131226,79.58,79.64,79.58,79.61,389100,78.78
20131224,79.69,79.69,79.60,79.62,383900,78.79
20131223,79.95,80.04,79.90,79.94,781200,78.81
20131220,79.99,80.04,79.93,79.98,586100,78.85
20131219,80.07,80.07,79.92,80.06,667100,78.93
20131218,80.18,80.25,80.07,80.22,670500,79.09
20131217,80.14,80.19,80.07,80.19,564000,79.06
20131216,80.08,80.09,80.03,80.09,462400,78.96
20131213,80.07,80.08,79.99,80.05,467600,78.92
20131212,80.08,80.09,79.95,80.01,650400,78.88
20131211,80.19,80.19,80.02,80.03,514100,78.90
20131210,80.14,80.19,80.09,80.17,488100,79.04
20131209,80.10,80.10,80.00,80.06,512500,78.93
20131206,80.02,80.06,79.99,80.05,392400,78.92
20131205,80.03,80.05,80.00,80.02,500300,78.89
20131204,80.06,80.06,80.01,80.05,449400,78.92
20131203,80.03,80.16,80.03,80.11,504400,78.98
20131202,80.19,80.19,80.01,80.05,799700,78.92
20131129,80.20,80.20,80.11,80.19,447100,79.06
20131127,80.37,80.37,80.25,80.27,542600,79.02
20131126,80.25,80.36,80.19,80.33,763100,79.08
20131125,80.24,80.24,80.15,80.20,713800,78.95
20131122,80.13,80.20,80.13,80.18,656300,78.93
20131121,80.15,80.21,80.10,80.20,619400,78.95
20131120,80.14,80.18,80.09,80.14,469200,78.89
20131119,80.12,80.14,80.10,80.12,404800,78.87
20131118,80.12,80.17,80.11,80.17,574400,78.92
20131115,80.13,80.13,80.06,80.12,556800,78.87
20131114,79.97,80.10,79.97,80.10,633900,78.85
20131113,79.98,80.00,79.94,79.96,492900,78.71
20131112,79.98,79.98,79.88,79.92,682400,78.67
20131111,80.02,80.03,79.95,79.98,260400,78.73
20131108,79.98,79.99,79.92,79.98,563800,78.73
20131107,80.20,80.20,80.10,80.11,908800,78.86
20131106,80.12,80.16,80.06,80.15,647300,78.90
20131105,80.02,80.05,79.96,80.04,516400,78.79
20131104,80.00,80.05,79.99,80.05,368900,78.80
20131101,80.10,80.10,79.95,80.00,525700,78.75
20131031,80.10,80.12,80.00,80.09,618800,78.84
20131030,80.21,80.27,80.14,80.21,566200,78.84
20131029,80.12,80.16,80.09,80.15,312400,78.78
20131028,80.08,80.12,80.07,80.10,936000,78.73
20131025,80.05,80.08,79.99,80.07,262400,78.70
20131024,80.05,80.06,79.96,80.02,407900,78.65
20131023,80.01,80.04,79.96,80.00,273400,78.63
20131022,79.97,80.01,79.91,79.97,1140200,78.60
20131021,79.90,79.91,79.79,79.83,1013300,78.47
20131018,79.91,79.93,79.82,79.86,390200,78.49
20131017,79.71,79.84,79.71,79.81,636900,78.45
20131016,79.66,79.74,79.63,79.71,635300,78.35
20131015,79.68,79.69,79.62,79.64,319500,78.28
20131014,79.63,79.66,79.55,79.57,280600,78.21
20131011,79.57,79.65,79.52,79.65,536400,78.29
20131010,79.50,79.59,79.45,79.58,550400,78.22
20131009,79.57,79.58,79.48,79.50,448500,78.14
20131008,79.50,79.55,79.46,79.50,484900,78.14
20131007,79.61,79.62,79.51,79.54,333400,78.18
20131004,79.56,79.60,79.49,79.51,1913700,78.15
20131003,79.55,79.64,79.53,79.55,418200,78.19
20131002,79.53,79.60,79.50,79.54,893000,78.18
20131001,79.59,79.67,79.41,79.43,2135400,78.07
20130930,79.62,79.64,79.56,79.60,531600,78.24
20130927,79.69,79.79,79.69,79.73,404800,78.25
20130926,79.73,79.75,79.62,79.72,549200,78.24
20130925,79.61,79.79,79.61,79.77,720300,78.29
20130924,79.71,79.71,79.64,79.70,293100,78.22
20130923,79.66,79.68,79.59,79.64,344600,78.16
20130920,79.65,79.73,79.57,79.69,860600,78.21
20130919,79.67,79.76,79.54,79.76,659800,78.28
20130918,79.19,79.67,79.17,79.65,591500,78.17
20130917,79.32,79.35,79.24,79.25,721200,77.78
20130916,79.33,79.35,79.24,79.24,633700,77.77
20130913,79.05,79.14,79.05,79.14,395300,77.67
20130912,79.15,79.16,79.07,79.07,497000,77.60
20130911,78.98,79.11,78.96,79.06,639300,77.59
20130910,78.96,79.01,78.91,78.98,634000,77.51
20130909,79.00,79.08,78.95,78.96,554400,77.49
20130906,78.92,79.04,78.85,78.88,721200,77.41
20130905,78.91,78.91,78.74,78.80,573400,77.34
20130904,79.07,79.14,78.95,79.01,576900,77.54
20130903,79.30,79.30,79.04,79.12,266600,77.65
20130830,79.26,79.28,79.18,79.18,285600,77.71
20130829,79.27,79.38,79.25,79.37,439700,77.78
20130828,79.28,79.36,79.25,79.36,678900,77.77
20130827,79.30,79.41,79.25,79.34,827800,77.75
20130826,79.22,79.25,79.16,79.25,658900,77.67
20130823,79.00,79.18,78.95,79.18,842200,77.60
20130822,79.06,79.10,78.90,78.92,519800,77.34
20130821,79.22,79.22,79.02,79.05,542600,77.47
20130820,79.24,79.29,79.17,79.29,763600,77.70
20130819,79.13,79.22,79.10,79.16,467600,77.58
20130816,79.23,79.29,79.14,79.18,426000,77.60
20130815,79.28,79.33,79.18,79.25,478500,77.67
20130814,79.49,79.52,79.40,79.42,423300,77.83
20130813,79.50,79.50,79.38,79.45,919600,77.86
20130812,79.67,79.67,79.58,79.62,568200,78.03
20130809,79.65,79.65,79.59,79.63,313100,78.04
20130808,79.64,79.64,79.58,79.59,332700,78.00
20130807,79.56,79.58,79.51,79.56,450900,77.97
20130806,79.60,79.60,79.45,79.56,650800,77.97
20130805,79.60,79.63,79.55,79.61,467300,78.02
20130802,79.55,79.63,79.49,79.62,394300,78.03
20130801,79.50,79.55,79.36,79.41,440200,77.82
20130731,79.38,79.58,79.34,79.55,1411700,77.96
20130730,79.65,79.67,79.59,79.62,769700,77.91
20130729,79.67,79.67,79.60,79.62,611500,77.91
20130726,79.67,79.72,79.60,79.68,737500,77.97
20130725,79.47,79.60,79.37,79.60,1119600,77.89
20130724,79.65,79.67,79.50,79.57,771400,77.86
20130723,79.72,79.73,79.62,79.69,449100,77.98
20130722,79.69,79.71,79.63,79.69,354600,77.98
20130719,79.63,79.71,79.57,79.69,474900,77.98
20130718,79.60,79.63,79.52,79.57,450600,77.86
20130717,79.60,79.62,79.53,79.58,374600,77.87
20130716,79.49,79.50,79.38,79.39,475000,77.68
20130715,79.44,79.49,79.40,79.47,591000,77.76
20130712,79.46,79.50,79.35,79.44,595400,77.73
20130711,79.25,79.42,79.25,79.41,469400,77.70
20130710,79.06,79.12,79.01,79.03,291800,77.33
20130709,79.06,79.12,79.02,79.05,792100,77.35
20130708,78.72,79.00,78.71,78.96,537600,77.26
20130705,78.83,78.83,78.69,78.77,374400,77.08
20130703,79.16,79.21,79.10,79.14,176700,77.44
20130702,79.15,79.21,79.09,79.11,752600,77.41
20130701,79.11,79.21,79.04,79.20,1067400,77.50
20130628,78.96,79.13,78.93,79.10,757000,77.40
20130627,79.10,79.26,79.08,79.16,719200,77.34
20130626,78.80,79.07,78.80,79.01,1586100,77.20
20130625,78.62,78.67,78.55,78.66,571600,76.85
20130624,78.45,78.64,78.22,78.47,1095300,76.67
20130621,78.91,79.02,78.80,78.84,1381500,77.03
20130620,79.03,79.15,78.91,79.04,1111900,77.22
20130619,79.79,79.84,79.38,79.38,495800,77.56
20130618,79.85,79.85,79.77,79.77,990600,77.94
20130617,79.97,79.97,79.87,79.90,521700,78.06
20130614,79.85,79.98,79.84,79.94,456400,78.10
20130613,79.60,79.82,79.60,79.81,588700,77.98
20130612,79.67,79.74,79.58,79.61,1646100,77.78
20130611,79.59,79.73,79.51,79.70,1371200,77.87
20130610,79.76,79.81,79.64,79.81,1138600,77.98
20130607,79.72,79.83,79.71,79.81,603400,77.98
20130606,79.89,79.90,79.71,79.74,488400,77.91
20130605,79.76,79.86,79.75,79.77,460300,77.94
20130604,79.80,79.84,79.76,79.79,438100,77.96
20130603,79.90,79.96,79.77,79.85,473900,78.02
20130531,80.12,80.12,79.80,79.95,1265000,78.11
20130530,80.11,80.22,80.08,80.18,684600,78.22
20130529,80.15,80.16,80.03,80.15,693000,78.19
20130528,80.42,80.42,80.24,80.25,410800,78.29
20130524,80.38,80.42,80.37,80.42,300000,78.45
20130523,80.45,80.45,80.35,80.38,390900,78.41
20130522,80.56,80.60,80.45,80.45,484500,78.48
20130521,80.47,80.56,80.45,80.55,465600,78.58
20130520,80.53,80.53,80.47,80.50,384300,78.53
20130517,80.54,80.54,80.48,80.51,481200,78.54
20130516,80.48,80.56,80.45,80.54,347300,78.57
20130515,80.47,80.49,80.43,80.47,575900,78.50
20130514,80.49,80.49,80.42,80.42,322600,78.45
20130513,80.38,80.44,80.38,80.44,374100,78.47
20130510,80.53,80.53,80.42,80.43,453500,78.46
20130509,80.57,80.59,80.49,80.53,581900,78.56
20130508,80.54,80.55,80.48,80.50,392100,78.53
20130507,80.52,80.58,80.49,80.53,451100,78.56
20130506,80.57,80.58,80.53,80.55,779600,78.58
20130503,80.61,80.63,80.59,80.60,319400,78.63
20130502,80.58,80.66,80.58,80.63,494900,78.66
20130501,80.57,80.60,80.55,80.59,925500,78.62
20130430,80.58,80.59,80.51,80.58,413200,78.61
20130429,80.64,80.68,80.62,80.66,427100,78.58
20130426,80.61,80.64,80.58,80.64,342100,78.56
20130425,80.58,80.60,80.55,80.59,667800,78.51
20130424,80.58,80.59,80.52,80.59,562500,78.51
20130423,80.52,80.59,80.52,80.56,547800,78.48
20130422,80.50,80.55,80.48,80.50,1349800,78.42
20130419,80.52,80.53,80.47,80.50,1426600,78.42
20130418,80.52,80.52,80.47,80.48,1025900,78.40
20130417,80.54,80.54,80.46,80.46,1261800,78.38
20130416,80.39,80.56,80.39,80.54,654400,78.46
20130415,80.50,80.50,80.41,80.43,394200,78.35
20130412,80.54,80.54,80.42,80.49,574100,78.41
20130411,80.43,80.43,80.34,80.38,761400,78.30
20130410,80.45,80.45,80.39,80.39,478500,78.31
20130409,80.49,80.50,80.43,80.45,904000,78.37
20130408,80.49,80.51,80.45,80.47,3024700,78.39
20130405,80.43,80.51,80.39,80.50,624700,78.42
20130404,80.41,80.44,80.35,80.44,2134000,78.36
20130403,80.35,80.39,80.30,80.39,403100,78.31
20130402,80.35,80.35,80.24,80.29,1187600,78.21
20130401,80.31,80.37,80.30,80.35,1981600,78.27
20130328,80.31,80.36,80.26,80.34,474800,78.26
20130327,80.36,80.46,80.36,80.45,664400,78.24
20130326,80.35,80.42,80.33,80.35,877500,78.14
20130325,80.44,80.45,80.41,80.43,414900,78.22
20130322,80.45,80.45,80.38,80.42,428900,78.21
20130321,80.37,80.43,80.31,80.42,709600,78.21
20130320,80.37,80.40,80.26,80.38,524500,78.17
20130319,80.42,80.42,80.29,80.30,671200,78.09
20130318,80.31,80.35,80.25,80.35,285100,78.14
20130315,80.22,80.32,80.20,80.20,538100,78.00
20130314,80.25,80.30,80.24,80.27,411500,78.06
20130313,80.29,80.31,80.26,80.29,318600,78.08
20130312,80.35,80.35,80.27,80.29,498600,78.08
20130311,80.35,80.35,80.27,80.31,346700,78.10
20130308,80.25,80.31,80.21,80.30,384200,78.09
20130307,80.37,80.37,80.25,80.25,547000,78.04
20130306,80.38,80.40,80.35,80.37,554800,78.16
20130305,80.39,80.42,80.35,80.40,567700,78.19
20130304,80.42,80.42,80.34,80.38,345400,78.17
20130301,80.36,80.39,80.31,80.37,301000,78.16
20130228,80.40,80.40,80.30,80.31,808400,78.10
20130227,80.49,80.52,80.42,80.51,288400,78.18
20130226,80.50,80.53,80.43,80.43,612100,78.10
20130225,80.40,80.47,80.36,80.47,387600,78.14
20130222,80.38,80.43,80.33,80.40,393100,78.07
20130221,80.36,80.38,80.32,80.33,359400,78.00
20130220,80.30,80.33,80.25,80.33,394300,78.00
20130219,80.34,80.34,80.28,80.31,428200,77.98
20130215,80.32,80.32,80.24,80.29,412200,77.97
20130214,80.26,80.30,80.20,80.28,1052900,77.96
20130213,80.20,80.28,80.20,80.26,475100,77.94
20130212,80.23,80.26,80.18,80.25,478300,77.93
20130211,80.27,80.28,80.25,80.27,415500,77.95
20130208,80.25,80.27,80.20,80.27,533000,77.95
20130207,80.18,80.29,80.18,80.24,447600,77.92
20130206,80.25,80.26,80.17,80.20,1209900,77.88
20130205,80.09,80.24,80.09,80.24,698100,77.92
20130204,80.05,80.20,80.03,80.14,441400,77.82
20130201,80.29,80.29,80.02,80.06,549700,77.74
20130131,80.22,80.22,80.11,80.17,356800,77.85
20130130,80.28,80.28,80.15,80.17,1078700,77.72
20130129,80.32,80.33,80.25,80.31,489000,77.86
20130128,80.26,80.32,80.25,80.31,737500,77.86
20130125,80.31,80.35,80.28,80.31,666800,77.86
20130124,80.38,80.40,80.37,80.38,497300,77.93
20130123,80.30,80.41,80.30,80.39,667900,77.94
20130122,80.29,80.38,80.27,80.38,707800,77.93
20130118,80.33,80.34,80.23,80.31,441500,77.86
20130117,80.30,80.35,80.17,80.31,633600,77.86
20130116,80.43,80.43,80.30,80.30,566900,77.85
20130115,80.20,80.41,80.20,80.40,1183600,77.95
20130114,80.34,80.36,80.27,80.29,450900,77.84
20130111,80.33,80.35,80.26,80.34,254600,77.89
20130110,80.33,80.36,80.26,80.34,521600,77.89
20130109,80.33,80.33,80.21,80.29,620500,77.84
20130108,80.31,80.31,80.22,80.28,332600,77.83
20130107,80.10,80.22,80.10,80.20,253400,77.75
20130104,80.05,80.12,80.00,80.09,962200,77.65
20130103,80.10,80.22,80.00,80.09,1072200,77.65
20130102,80.20,80.31,80.14,80.18,1908200,77.73
20121231,80.26,80.34,80.21,80.32,550300,77.87
20121228,80.24,80.29,80.18,80.19,551600,77.74
20121227,80.15,80.26,80.09,80.26,317600,77.81
20121226,80.10,80.14,80.07,80.13,192200,77.69
20121224,80.10,80.10,80.04,80.09,166000,77.65
20121221,80.34,80.38,80.27,80.35,400200,77.66
20121220,80.41,80.41,80.33,80.34,372800,77.65
20121219,80.30,80.40,80.28,80.38,413700,77.69
20121218,80.47,80.47,80.30,80.32,455900,77.63
20121217,80.37,80.40,80.29,80.37,733900,77.68
20121214,80.30,80.40,80.30,80.38,287700,77.69
20121213,80.35,80.43,80.35,80.39,448600,77.70
20121212,80.45,80.48,80.41,80.43,671100,77.73
20121211,80.45,80.51,80.44,80.49,443800,77.79
20121210,80.49,80.50,80.44,80.44,409000,77.74
20121207,80.49,80.50,80.47,80.49,310900,77.79
20121206,80.49,80.54,80.45,80.53,351900,77.83
20121205,80.45,80.48,80.40,80.47,266900,77.77
20121204,80.47,80.47,80.35,80.40,190800,77.71
20121203,80.40,80.42,80.32,80.33,423100,77.64
20121130,80.39,80.43,80.36,80.43,455900,77.73
20121129,80.51,80.54,80.46,80.54,787700,77.71
20121128,80.46,80.49,80.37,80.46,532500,77.64
20121127,80.42,80.45,80.35,80.35,270600,77.53
20121126,80.44,80.45,80.32,80.42,342900,77.60
20121123,80.42,80.47,80.40,80.46,143300,77.64
20121121,80.47,80.47,80.41,80.45,285100,77.63
20121120,80.48,80.49,80.42,80.47,443000,77.65
20121119,80.45,80.53,80.44,80.53,245600,77.70
20121116,80.45,80.49,80.36,80.48,512000,77.66
20121115,80.40,80.47,80.35,80.40,656500,77.58
20121114,80.44,80.48,80.41,80.45,248900,77.63
20121113,80.46,80.49,80.41,80.42,333900,77.60
20121112,80.40,80.46,80.39,80.45,183200,77.63
20121109,80.54,80.54,80.40,80.45,471900,77.63
20121108,80.54,80.54,80.40,80.54,380300,77.71
20121107,80.40,80.50,80.35,80.44,333400,77.62
20121106,80.52,80.54,80.30,80.30,368900,77.48
20121105,80.61,80.61,80.52,80.56,402500,77.73
20121102,80.65,80.65,80.54,80.57,460600,77.74
20121101,80.78,80.78,80.66,80.71,870700,77.75
20121031,80.68,80.71,80.63,80.70,460200,77.74
20121026,80.58,80.63,80.57,80.62,579200,77.66
20121025,80.58,80.59,80.50,80.56,414500,77.60
20121024,80.67,80.67,80.59,80.64,332700,77.68
20121023,80.60,80.63,80.55,80.63,374400,77.67
20121022,80.64,80.64,80.57,80.60,360700,77.64
20121019,80.64,80.64,80.58,80.59,264200,77.63
20121018,80.68,80.70,80.64,80.68,236000,77.72
20121017,80.68,80.75,80.67,80.71,496400,77.75
20121016,80.65,80.70,80.65,80.70,409900,77.74
20121015,80.68,80.74,80.65,80.74,368300,77.78
20121012,80.65,80.67,80.63,80.65,252000,77.69
20121011,80.58,80.63,80.53,80.63,253900,77.67
20121010,80.55,80.58,80.52,80.57,603700,77.61
20121009,80.55,80.56,80.51,80.55,534100,77.59
20121008,80.50,80.57,80.50,80.57,274400,77.61
20121005,80.52,80.54,80.50,80.53,577900,77.57
20121004,80.53,80.54,80.47,80.52,317200,77.56
20121003,80.50,80.54,80.44,80.52,413600,77.56
20121002,80.40,80.49,80.38,80.49,690000,77.53
20121001,80.46,80.46,80.37,80.43,2718300,77.48
20120928,80.35,80.35,80.27,80.33,2629700,77.38
20120927,80.42,80.49,80.37,80.44,678200,77.35
20120926,80.37,80.43,80.31,80.37,382100,77.29
20120925,80.40,80.48,80.35,80.39,372800,77.30
20120924,80.35,80.40,80.31,80.40,240100,77.31
20120921,80.37,80.38,80.25,80.35,315500,77.27
20120920,80.33,80.39,80.30,80.33,537500,77.25
20120919,80.44,80.44,80.29,80.33,359000,77.25
20120918,80.42,80.42,80.30,80.36,353700,77.28
20120917,80.39,80.39,80.29,80.32,244500,77.24
20120914,80.28,80.33,80.18,80.29,662700,77.21
20120913,80.21,80.22,80.09,80.21,378000,77.13
20120912,80.13,80.13,80.08,80.12,290500,77.04
20120911,80.10,80.15,80.08,80.15,254600,77.07
20120910,80.12,80.16,80.05,80.13,310100,77.05
20120907,80.02,80.11,80.02,80.09,372600,77.02
20120906,79.99,79.99,79.90,79.96,405000,76.89
20120905,80.00,80.02,79.92,79.97,365500,76.90
20120904,80.17,80.17,80.01,80.02,261000,76.95
20120831,80.01,80.09,79.95,80.09,317300,77.02
20120830,80.07,80.11,80.02,80.11,332900,76.90
20120829,80.07,80.08,80.00,80.08,702500,76.87
20120828,80.02,80.05,79.97,80.03,240800,76.82
20120827,80.08,80.08,80.01,80.05,239400,76.84
20120824,80.02,80.02,79.94,79.99,305500,76.78
20120823,79.99,80.03,79.95,79.97,387600,76.76
20120822,79.94,80.00,79.86,79.99,239200,76.78
20120821,79.80,79.86,79.72,79.86,471200,76.66
20120820,79.68,79.78,79.65,79.77,247400,76.57
20120817,79.70,79.74,79.61,79.65,474600,76.45
20120816,79.76,79.78,79.57,79.60,424800,76.41
20120815,79.74,79.75,79.67,79.70,208500,76.50
20120814,79.76,79.77,79.68,79.69,225600,76.49
20120813,79.74,79.80,79.71,79.78,312400,76.58
20120810,79.75,79.76,79.65,79.65,220900,76.45
20120809,79.71,79.74,79.65,79.69,297100,76.49
20120808,79.75,79.79,79.65,79.72,394300,76.52
20120807,79.75,79.79,79.66,79.77,380400,76.57
20120806,79.83,79.83,79.73,79.77,267000,76.57
20120803,79.80,79.80,79.68,79.79,375200,76.59
20120802,79.83,79.87,79.70,79.79,315700,76.59
20120801,79.86,79.86,79.65,79.77,385000,76.57
20120731,79.78,79.78,79.55,79.72,409200,76.52
20120730,79.77,79.80,79.68,79.80,469600,76.45
20120727,79.65,79.73,79.62,79.73,270700,76.39
20120726,79.67,79.70,79.65,79.70,174500,76.36
20120725,79.60,79.66,79.58,79.64,178300,76.30
20120724,79.63,79.65,79.55,79.55,366800,76.21
20120723,79.72,79.72,79.54,79.55,373500,76.21
20120720,79.82,79.82,79.62,79.62,319100,76.28
20120719,79.77,79.77,79.68,79.73,248900,76.39
20120718,79.64,79.76,79.62,79.74,346600,76.40
20120717,79.64,79.65,79.60,79.64,259100,76.30
20120716,79.67,79.69,79.58,79.63,471900,76.29
20120713,79.56,79.61,79.47,79.60,145700,76.26
20120712,79.48,79.51,79.44,79.50,282300,76.17
20120711,79.48,79.48,79.40,79.45,238600,76.12
20120710,79.48,79.48,79.41,79.41,196600,76.08
20120709,79.46,79.46,79.38,79.41,286900,76.08
20120706,79.40,79.42,79.34,79.40,326300,76.07
20120705,79.25,79.39,79.21,79.38,279900,76.05
20120703,79.10,79.27,79.10,79.24,146600,75.92
20120702,79.27,79.27,79.10,79.14,199300,75.82
20120629,79.01,79.17,78.96,79.15,411800,75.83
20120628,79.19,79.22,79.11,79.19,235300,75.73
20120627,79.15,79.16,79.08,79.16,250300,75.70
20120626,79.13,79.13,79.04,79.11,209500,75.65
20120625,78.96,79.13,78.94,79.11,222200,75.65
20120622,79.07,79.12,79.01,79.12,217600,75.66
20120621,78.94,79.12,78.94,79.08,204500,75.62
20120620,79.09,79.12,79.00,79.06,205200,75.60
20120619,79.10,79.12,79.00,79.12,279400,75.66
20120618,79.00,79.03,78.91,79.03,401900,75.57
20120615,78.95,78.97,78.87,78.96,186500,75.51
20120614,78.82,78.90,78.79,78.88,207700,75.43
20120613,78.89,78.92,78.84,78.89,176500,75.44
20120612,79.00,79.00,78.83,78.83,286700,75.38
20120611,79.05,79.09,78.97,79.06,170100,75.60
20120608,79.01,79.07,78.94,79.02,408800,75.56
20120607,78.89,78.98,78.86,78.92,308300,75.47
20120606,78.86,78.92,78.83,78.90,379300,75.45
20120605,78.85,78.85,78.74,78.84,161700,75.39
20120604,78.85,78.89,78.74,78.86,572000,75.41
20120601,78.91,78.97,78.80,78.82,329300,75.37
20120531,78.96,78.96,78.90,78.95,213400,75.50
20120530,79.01,79.04,78.95,79.00,246700,75.40
20120529,78.98,79.01,78.90,78.98,143100,75.38
20120525,78.95,78.99,78.92,78.99,181700,75.39
20120524,78.91,78.96,78.85,78.89,274100,75.29
20120523,78.96,78.99,78.92,78.95,369000,75.35
20120522,78.95,78.97,78.89,78.95,252600,75.35
20120521,78.98,78.98,78.90,78.94,158000,75.34
20120518,79.02,79.03,78.91,79.01,191000,75.41
20120517,79.07,79.07,79.00,79.02,205900,75.42
20120516,79.19,79.19,79.10,79.18,312200,75.57
20120515,79.21,79.23,79.18,79.22,212300,75.61
20120514,79.18,79.23,79.15,79.23,217000,75.62
20120511,79.25,79.26,79.20,79.24,142800,75.63
20120510,79.28,79.30,79.18,79.24,273000,75.63
20120509,79.35,79.35,79.23,79.24,420400,75.63
20120508,79.29,79.33,79.28,79.29,239800,75.68
20120507,79.31,79.34,79.30,79.34,191700,75.72
20120504,79.32,79.32,79.27,79.29,160400,75.68
20120503,79.22,79.27,79.19,79.27,225900,75.66
20120502,79.22,79.25,79.20,79.25,174000,75.64
20120501,79.17,79.23,79.14,79.19,407500,75.58
20120430,79.25,79.26,79.20,79.22,309600,75.61
20120427,79.33,79.36,79.27,79.28,316100,75.53
20120426,79.27,79.33,79.25,79.32,205900,75.57
20120425,79.25,79.32,79.20,79.28,251500,75.53
20120424,79.21,79.24,79.18,79.24,157200,75.49
20120423,79.35,79.35,79.19,79.20,213600,75.45
20120420,79.24,79.26,79.14,79.24,398500,75.49
20120419,79.28,79.31,79.25,79.28,199400,75.53
20120418,79.25,79.26,79.20,79.25,282700,75.50
20120417,79.24,79.27,79.19,79.27,454900,75.52
20120416,79.18,79.26,79.15,79.25,800200,75.50
20120413,79.18,79.20,79.15,79.19,248800,75.44
20120412,79.15,79.19,79.07,79.19,552900,75.44
20120411,79.14,79.14,79.08,79.11,308100,75.37
20120410,79.16,79.16,79.02,79.09,608200,75.35
20120409,79.19,79.19,79.00,79.03,510600,75.29
20120405,79.05,79.06,79.00,79.03,237600,75.29
20120404,79.05,79.05,78.92,79.02,290000,75.28
20120403,79.00,79.13,78.89,78.97,627600,75.23
20120402,79.25,79.25,79.00,79.05,344500,75.31
20120330,79.22,79.24,79.01,79.04,299600,75.30
20120329,79.25,79.26,79.22,79.23,342000,75.34
20120328,79.28,79.29,79.21,79.25,487700,75.36
20120327,79.16,79.28,79.16,79.27,280200,75.37
20120326,79.16,79.20,79.06,79.20,290700,75.31
20120323,79.10,79.15,79.10,79.13,224000,75.24
20120322,79.08,79.13,79.05,79.10,149000,75.21
20120321,79.09,79.10,78.98,79.10,213600,75.21
20120320,79.00,79.04,78.96,79.01,227900,75.13
20120319,79.02,79.04,78.90,78.94,931900,75.06
20120316,78.96,79.09,78.90,79.07,361200,75.18
20120315,78.96,79.04,78.93,78.98,266800,75.10
20120314,79.14,79.14,78.90,78.96,438600,75.08
20120313,79.15,79.20,79.13,79.15,414800,75.26
20120312,79.24,79.24,79.15,79.19,195700,75.30
20120309,79.30,79.30,79.20,79.24,179300,75.35
20120308,79.32,79.32,79.20,79.26,233000,75.36
20120307,79.21,79.28,79.20,79.28,224400,75.38
20120306,79.32,79.32,79.23,79.25,214900,75.36
20120305,79.33,79.33,79.25,79.29,283800,75.39
20120302,79.31,79.35,79.27,79.28,327000,75.38
20120301,79.20,79.29,79.16,79.28,464800,75.38
20120229,79.30,79.31,79.22,79.26,313200,75.36
20120228,79.26,79.37,79.26,79.34,291000,75.30
20120227,79.31,79.33,79.22,79.23,641700,75.20
20120224,79.21,79.23,79.12,79.23,550300,75.20
20120223,79.19,79.26,79.14,79.26,452300,75.23
20120222,79.15,79.17,79.09,79.15,1352100,75.12
20120221,79.15,79.15,79.06,79.12,465800,75.10
20120217,79.07,79.17,79.06,79.13,210200,75.11
20120216,79.18,79.18,79.05,79.14,530600,75.12
20120215,79.12,79.17,79.06,79.15,494800,75.12
20120214,79.15,79.15,79.05,79.08,252000,75.06
20120213,79.16,79.16,79.03,79.04,267100,75.02
20120210,79.08,79.11,79.01,79.11,255800,75.09
20120209,79.07,79.12,79.00,79.01,171300,74.99
20120208,79.14,79.14,79.01,79.04,191500,75.02
20120207,79.08,79.08,78.96,79.02,232100,75.00
20120206,78.87,79.04,78.80,79.04,1353300,75.02
20120203,78.80,78.90,78.65,78.90,265000,74.89
20120202,78.81,78.81,78.54,78.59,659900,74.59
20120201,78.82,78.82,78.55,78.61,408300,74.61
20120131,78.76,78.79,78.50,78.70,517200,74.70
20120130,78.83,78.84,78.78,78.82,214100,74.67
20120127,78.85,78.86,78.79,78.86,172000,74.71
20120126,78.76,78.88,78.76,78.80,326600,74.65
20120125,78.67,78.77,78.55,78.76,211400,74.62
20120124,78.50,78.53,78.43,78.52,204500,74.39
20120123,78.40,78.46,78.36,78.46,164800,74.33
20120120,78.30,78.37,78.28,78.33,136600,74.21
20120119,78.22,78.40,78.22,78.26,474500,74.14
20120118,78.34,78.34,78.15,78.29,591700,74.17
20120117,78.33,78.33,78.17,78.21,171000,74.09
20120113,78.07,78.17,78.03,78.05,588900,73.94
20120112,78.15,78.15,78.02,78.07,732200,73.96
20120111,78.01,78.07,77.97,78.05,367900,73.94
20120110,78.01,78.12,77.96,77.96,471900,73.86
20120109,78.01,78.01,77.92,77.98,275400,73.88
20120106,77.72,77.94,77.72,77.94,989600,73.84
20120105,77.76,77.89,77.73,77.86,164000,73.76
20120104,77.81,77.81,77.66,77.75,190000,73.66
20120103,77.68,77.85,77.65,77.78,339700,73.69
20111230,77.80,77.89,77.78,77.86,229300,73.76
20111229,77.68,77.78,77.60,77.73,202300,73.64
20111228,77.72,77.72,77.57,77.60,503100,73.52
20111227,77.66,77.66,77.51,77.56,219900,73.48
20111223,77.61,77.71,77.52,77.71,350400,73.62
20111222,77.83,77.88,77.78,77.88,223200,73.55
20111221,77.79,77.80,77.69,77.76,420900,73.43
20111220,77.82,77.90,77.75,77.87,246100,73.54
20111219,77.83,77.84,77.66,77.83,182400,73.50
20111216,77.78,77.85,77.74,77.83,153300,73.50
20111215,77.69,77.78,77.69,77.76,489100,73.43
20111214,77.67,77.75,77.65,77.74,520200,73.42
20111213,77.69,77.73,77.62,77.70,125200,73.38
20111212,77.70,77.71,77.63,77.68,417000,73.36
20111209,77.75,77.75,77.59,77.71,292400,73.39
20111208,77.60,77.74,77.60,77.70,160900,73.38
20111207,77.66,77.77,77.44,77.76,333600,73.43
20111206,77.38,77.55,77.37,77.55,191200,73.24
20111205,77.49,77.53,77.44,77.49,124700,73.18
20111202,77.34,77.41,77.30,77.32,376400,73.02
20111201,77.27,77.32,77.23,77.27,247100,72.97
20111130,77.23,77.28,77.21,77.27,116400,72.97
20111129,77.34,77.34,77.23,77.27,215500,72.83
20111128,77.36,77.36,77.20,77.26,230600,72.82
20111125,77.09,77.40,77.09,77.29,103200,72.85
20111123,77.46,77.46,77.28,77.41,188100,72.96
20111122,77.53,77.68,77.53,77.68,144600,73.22
20111121,77.81,77.81,77.63,77.72,194700,73.25
20111118,77.86,78.00,77.80,77.83,116100,73.36
20111117,78.01,78.06,77.96,77.99,259200,73.51
20111116,78.21,78.21,78.07,78.18,195900,73.69
20111115,78.15,78.15,78.03,78.14,282700,73.65
20111114,78.25,78.27,78.14,78.20,215200,73.71
20111111,78.25,78.27,78.15,78.22,177700,73.73
20111110,78.34,78.34,78.25,78.32,315400,73.82
20111109,78.24,78.33,78.12,78.27,213700,73.77
20111108,78.26,78.30,78.17,78.21,124000,73.72
20111107,78.25,78.27,78.15,78.24,125900,73.74
20111104,78.20,78.21,78.03,78.21,290400,73.72
20111103,78.19,78.19,78.07,78.16,156900,73.67
20111102,78.14,78.20,78.04,78.16,220200,73.67
20111101,78.19,78.19,78.00,78.14,203400,73.65
20111031,78.15,78.15,77.99,78.08,189100,73.59
20111028,77.97,78.15,77.97,78.10,132400,73.47
20111027,78.10,78.26,77.94,78.00,177300,73.37
20111026,78.02,78.02,77.91,78.02,227500,73.39
20111025,77.77,77.96,77.77,77.96,136000,73.34
20111024,78.06,78.06,77.76,77.76,306600,73.15
20111021,77.94,77.94,77.81,77.87,198500,73.25
20111020,77.80,77.80,77.66,77.71,102200,73.10
20111019,77.94,77.94,77.68,77.68,249200,73.07
20111018,77.73,77.77,77.67,77.74,816200,73.13
20111017,77.86,77.86,77.66,77.70,92800,73.09
20111014,77.66,77.71,77.50,77.67,101800,73.06
20111013,77.51,77.59,77.49,77.53,143600,72.93
20111012,77.41,77.58,77.32,77.55,127600,72.95
20111011,77.27,77.32,77.21,77.32,114400,72.73
20111010,77.64,77.64,77.14,77.22,125100,72.64
20111007,77.44,77.47,77.32,77.46,510000,72.87
20111006,77.25,77.40,77.25,77.38,243300,72.79
20111005,77.40,77.40,77.26,77.40,238400,72.81
20111004,77.59,77.59,77.30,77.40,175100,72.81
20111003,77.37,77.66,77.37,77.59,1098200,72.99
20110930,77.53,77.66,77.53,77.62,171200,73.02
20110929,77.82,77.82,77.63,77.71,240900,72.96
20110928,77.87,77.87,77.71,77.86,216800,73.10
20110927,77.82,77.84,77.72,77.83,270400,73.07
20110926,77.75,77.90,77.60,77.64,240800,72.90
20110923,77.91,77.91,77.72,77.79,144000,73.04
20110922,78.00,78.02,77.85,77.98,154900,73.22
20110921,78.35,78.35,78.08,78.08,167800,73.31
20110920,78.30,78.34,78.27,78.29,368800,73.51
20110919,78.40,78.40,78.30,78.34,157700,73.55
20110916,78.33,78.40,78.28,78.35,156700,73.56
20110915,78.28,78.33,78.24,78.29,112100,73.51
20110914,78.21,78.42,78.21,78.41,189900,73.62
20110913,78.29,78.39,78.22,78.39,125800,73.60
20110912,78.37,78.37,78.29,78.29,92900,73.51
20110909,78.49,78.52,78.35,78.43,93600,73.64
20110908,78.49,78.55,78.37,78.55,129900,73.75
20110907,78.51,78.56,78.43,78.56,280800,73.76
20110906,78.49,78.54,78.32,78.54,115200,73.74
20110902,78.59,78.59,78.25,78.35,287500,73.56
20110901,78.66,78.66,78.44,78.59,164900,73.79
20110831,78.45,78.53,78.33,78.53,334600,73.73
20110830,78.44,78.54,78.41,78.47,234700,73.54
20110829,78.34,78.45,78.19,78.44,541000,73.51
20110826,78.29,78.37,78.21,78.35,175500,73.42
20110825,78.32,78.40,78.24,78.32,88700,73.40
20110824,78.28,78.28,78.09,78.19,273900,73.27
20110823,78.39,78.39,78.26,78.33,136300,73.41
20110822,78.55,78.59,78.51,78.54,128900,73.60
20110819,78.56,78.69,78.40,78.68,378500,73.73
20110818,78.72,78.72,78.36,78.57,214400,73.63
20110817,78.68,78.72,78.55,78.68,372000,73.73
20110816,78.47,78.54,78.40,78.52,146500,73.58
20110815,78.97,78.97,78.46,78.48,142800,73.55
20110812,78.53,78.82,78.51,78.70,182200,73.75
20110811,78.68,78.69,78.25,78.69,224300,73.74
20110810,79.02,79.12,78.75,78.88,223600,73.92
20110809,78.79,79.20,78.57,79.02,252800,74.05
20110808,78.90,78.90,78.68,78.84,526100,73.88
20110805,78.96,78.98,78.73,78.85,354800,73.89
20110804,79.10,79.10,78.90,79.09,286800,74.12
20110803,79.06,79.06,78.90,78.97,195400,74.01
20110802,79.08,79.08,78.89,79.04,146500,74.07
20110801,78.80,79.03,78.71,78.98,705200,74.02
20110729,78.60,78.79,78.54,78.75,110000,73.80
20110728,78.76,78.78,78.66,78.66,147300,73.57
20110727,78.65,78.73,78.62,78.63,106300,73.54
20110726,78.55,78.76,78.55,78.75,98000,73.65
20110725,78.66,78.67,78.54,78.62,163400,73.53
20110722,78.71,78.71,78.59,78.68,157200,73.59
20110721,78.64,78.67,78.55,78.63,145300,73.54
20110720,78.72,78.72,78.60,78.69,245600,73.60
20110719,78.69,78.69,78.57,78.66,71000,73.57
20110718,78.75,78.75,78.62,78.64,92800,73.55
20110715,78.69,78.75,78.61,78.74,101400,73.64
20110714,78.75,78.75,78.59,78.64,100600,73.55
20110713,78.67,78.79,78.60,78.68,291300,73.59
20110712,78.84,78.84,78.54,78.77,109100,73.67
20110711,78.70,78.74,78.61,78.63,215300,73.54
20110708,78.70,78.74,78.55,78.72,327700,73.62
20110707,78.57,78.57,78.27,78.31,285800,73.24
20110706,78.58,78.61,78.53,78.56,139800,73.47
20110705,78.48,78.61,78.40,78.61,122800,73.52
20110701,78.51,78.51,78.27,78.41,475400,73.33
20110630,78.33,78.42,78.27,78.35,211600,73.28
20110629,78.61,78.61,78.44,78.44,341100,73.22
20110628,78.73,78.73,78.50,78.54,151100,73.32
20110627,78.90,78.90,78.71,78.74,261400,73.50
20110624,78.82,78.87,78.69,78.86,102700,73.61
20110623,78.60,78.79,78.59,78.76,87500,73.52
20110622,78.60,78.76,78.58,78.59,396300,73.36
20110621,78.73,78.73,78.62,78.62,121200,73.39
20110620,78.78,78.78,78.61,78.71,141300,73.47
20110617,78.73,78.73,78.60,78.69,140300,73.46
20110616,78.74,78.74,78.60,78.68,165500,73.45
20110615,78.52,78.69,78.50,78.65,344900,73.42
20110614,78.50,78.51,78.43,78.45,170500,73.23
20110613,78.53,78.61,78.50,78.56,128200,73.33
20110610,78.58,78.64,78.55,78.57,91500,73.34
20110609,78.76,78.76,78.56,78.61,190700,73.38
20110608,78.62,78.76,78.62,78.72,161300,73.48
20110607,78.67,78.67,78.53,78.67,195800,73.44
20110606,78.61,78.63,78.51,78.63,189400,73.40
20110603,78.69,78.69,78.51,78.58,98800,73.35
20110602,78.64,78.64,78.50,78.56,186100,73.33
20110601,78.60,78.64,78.47,78.63,124300,73.40
20110531,78.48,78.57,78.43,78.57,242800,73.34
20110527,78.62,78.67,78.58,78.67,123300,73.29
20110526,78.56,78.60,78.50,78.60,108000,73.23
20110525,78.56,78.56,78.42,78.50,155100,73.14
20110524,78.38,78.51,78.38,78.51,143000,73.14
20110523,78.55,78.55,78.44,78.46,104400,73.10
20110520,78.42,78.46,78.35,78.41,158700,73.05
20110519,78.28,78.48,78.27,78.48,181200,73.12
20110518,78.52,78.52,78.35,78.35,92300,73.00
20110517,78.57,78.57,78.44,78.50,171300,73.14
20110516,78.53,78.53,78.40,78.48,116000,73.12
20110513,78.44,78.51,78.39,78.43,102800,73.07
20110512,78.42,78.42,78.30,78.39,160200,73.03
20110511,78.36,78.39,78.25,78.38,122100,73.02
20110510,78.45,78.45,78.23,78.28,189600,72.93
20110509,78.50,78.50,78.35,78.43,118500,73.07
20110506,78.31,78.38,78.20,78.32,82000,72.97
20110505,78.31,78.31,78.15,78.19,230700,72.85
20110504,78.23,78.28,78.19,78.25,133000,72.90
20110503,78.07,78.23,78.07,78.22,128500,72.87
20110502,78.33,78.33,78.15,78.23,119300,72.88
20110429,78.00,78.21,78.00,78.20,511000,72.86
20110428,78.15,78.35,78.15,78.35,143100,72.86
20110427,78.15,78.23,78.02,78.19,190600,72.72
20110426,78.12,78.15,78.02,78.12,154000,72.65
20110425,78.04,78.08,77.97,78.03,121300,72.57
20110421,78.03,78.06,77.95,78.03,118300,72.57
20110420,78.07,78.07,77.93,77.98,190500,72.52
20110419,77.91,78.02,77.90,78.00,117400,72.54
20110418,77.92,77.98,77.76,77.98,112400,72.52
20110415,77.70,77.90,77.69,77.90,143300,72.45
20110414,77.84,77.84,77.65,77.70,96500,72.26
20110413,77.76,77.80,77.62,77.80,135100,72.35
20110412,77.60,77.74,77.52,77.74,136900,72.30
20110411,77.59,77.60,77.49,77.57,86500,72.14
20110408,77.58,77.58,77.44,77.53,170800,72.10
20110407,77.54,77.60,77.41,77.58,269400,72.15
20110406,77.31,77.51,77.31,77.51,709800,72.08
20110405,77.62,77.62,77.36,77.39,147400,71.97
20110404,77.69,77.69,77.44,77.49,122800,72.06
20110401,77.43,77.43,77.28,77.33,267700,71.92
20110331,77.64,77.64,77.38,77.43,426900,72.01
20110330,77.72,77.74,77.59,77.74,382900,72.14
20110329,77.76,77.76,77.61,77.67,123500,72.08
20110328,77.74,77.74,77.60,77.71,532200,72.11
20110325,77.94,77.94,77.71,77.76,91400,72.16
20110324,77.90,77.92,77.80,77.84,101600,72.23
20110323,78.00,78.00,77.79,77.80,141000,72.20
20110322,77.95,77.95,77.85,77.90,163600,72.29
20110321,78.20,78.20,77.93,78.00,270800,72.38
20110318,78.19,78.20,78.01,78.10,199600,72.48
20110317,78.08,78.08,77.97,78.07,160700,72.45
20110316,78.10,78.17,77.96,78.12,79900,72.49
20110315,78.03,78.13,77.89,77.89,101000,72.28
20110314,77.97,78.11,77.97,78.04,132500,72.42
20110311,78.01,78.01,77.86,77.98,108800,72.36
20110310,77.87,77.98,77.75,77.85,212700,72.24
20110309,77.75,77.82,77.67,77.79,124500,72.19
20110308,77.70,77.70,77.59,77.67,139600,72.08
20110307,77.75,77.75,77.57,77.70,132300,72.10
20110304,77.61,77.75,77.53,77.74,316600,72.14
20110303,77.58,77.58,77.47,77.47,118200,71.89
20110302,77.60,77.76,77.60,77.69,105000,72.10
20110301,77.68,77.73,77.55,77.72,247300,72.12
20110228,77.68,77.72,77.58,77.71,228800,72.11
20110225,77.73,77.78,77.63,77.78,1564500,72.05
20110224,77.72,77.75,77.61,77.64,97600,71.92
20110223,77.59,77.73,77.58,77.68,136500,71.96
20110222,77.67,77.67,77.48,77.61,103300,71.90
20110218,77.49,77.50,77.36,77.50,112200,71.79
20110217,77.32,77.47,77.32,77.47,110900,71.77
20110216,77.25,77.32,77.18,77.31,71000,71.62
20110215,77.31,77.32,77.18,77.30,77000,71.61
20110214,77.16,77.30,77.15,77.15,122200,71.47
20110211,77.15,77.31,77.15,77.28,212100,71.59
20110210,77.31,77.33,77.20,77.30,310300,71.61
20110209,77.26,77.37,77.15,77.28,369300,71.59
20110208,77.32,77.37,77.13,77.22,128100,71.53
20110207,77.31,77.40,77.17,77.37,187400,71.67
20110204,77.42,77.42,77.27,77.31,266700,71.62
20110203,77.47,77.50,77.40,77.45,159600,71.75
20110202,77.68,77.68,77.51,77.52,104900,71.81
20110201,77.68,77.71,77.58,77.68,202200,71.96
20110131,77.78,77.82,77.71,77.71,55100,71.99
20110128,77.77,77.91,77.71,77.85,116700,71.99
20110127,77.77,77.81,77.60,77.81,185400,71.95
20110126,77.72,77.72,77.61,77.69,117800,71.84
20110125,77.65,77.80,77.62,77.77,209700,71.91
20110124,77.67,77.72,77.53,77.72,216700,71.86
20110121,77.57,77.66,77.50,77.66,245100,71.81
20110120,77.65,77.65,77.51,77.59,256200,71.74
20110119,77.73,77.73,77.60,77.73,102200,71.87
20110118,77.75,77.75,77.51,77.64,125400,71.79
20110114,77.56,77.78,77.56,77.78,169600,71.92
20110113,77.65,77.70,77.53,77.70,126900,71.85
20110112,77.63,77.63,77.45,77.60,96700,71.75
20110111,77.64,77.64,77.48,77.55,91000,71.71
20110110,77.70,77.70,77.36,77.49,245400,71.65
20110107,77.41,77.58,77.35,77.50,223100,71.66
20110106,77.40,77.40,77.15,77.21,137800,71.39
20110105,77.34,77.35,77.16,77.35,144600,71.52
20110104,77.42,77.52,77.40,77.50,287800,71.66
20110103,77.36,77.42,77.21,77.41,111600,71.58
20101231,77.30,77.45,77.20,77.41,91300,71.58
20101230,77.25,77.29,77.11,77.29,143900,71.47
20101229,76.95,77.29,76.95,77.27,84500,71.45
20101228,77.19,77.19,77.00,77.02,93700,71.22
20101227,77.02,77.18,76.90,77.18,51100,71.37
20101223,77.44,77.45,77.31,77.45,111600,71.41
20101222,77.50,77.50,77.37,77.46,77200,71.42
20101221,77.46,77.49,77.33,77.48,87900,71.43
20101220,77.43,77.54,77.38,77.44,77500,71.40
20101217,77.38,77.45,77.16,77.43,66000,71.39
20101216,77.06,77.25,77.05,77.19,70600,71.17
20101215,77.27,77.31,77.03,77.07,111900,71.06
20101214,77.45,77.45,77.08,77.22,105800,71.19
20101213,76.98,77.19,76.98,77.15,248700,71.13
20101210,77.25,77.30,77.10,77.15,77900,71.13
20101209,77.31,77.38,77.25,77.31,87800,71.28
20101208,77.51,77.51,77.27,77.42,116700,71.38
20101207,77.73,77.95,77.55,77.60,80100,71.54
20101206,77.87,77.93,77.75,77.93,85800,71.85
20101203,77.63,77.80,77.55,77.75,87500,71.68
20101202,77.70,77.70,77.59,77.62,70600,71.56
20101201,77.93,77.93,77.59,77.70,134300,71.64
20101130,78.00,78.03,77.91,77.98,51500,71.89
20101129,78.08,78.08,77.98,78.02,61800,71.80
20101126,78.00,78.04,77.99,78.02,30300,71.80
20101124,78.14,78.14,77.98,78.04,89900,71.81
20101123,78.30,78.30,78.13,78.25,57400,72.01
20101122,78.14,78.23,78.00,78.22,77800,71.98
20101119,78.00,78.08,77.97,78.08,91100,71.85
20101118,78.17,78.17,77.84,78.06,86900,71.83
20101117,78.27,78.27,77.86,77.96,124900,71.74
20101116,77.97,78.08,77.87,77.97,68500,71.75
20101115,78.19,78.22,78.06,78.10,60600,71.87
20101112,78.45,78.47,78.25,78.31,145000,72.06
20101111,78.54,78.54,78.36,78.42,34800,72.16
20101110,78.47,78.58,78.32,78.58,71200,72.31
20101109,78.73,78.73,78.47,78.51,90800,72.25
20101108,78.72,78.75,78.65,78.72,149800,72.44
20101105,78.56,78.79,78.56,78.76,161700,72.48
20101104,78.97,78.97,78.62,78.79,115900,72.50
20101103,78.46,78.82,78.46,78.71,105200,72.43
20101102,78.69,78.69,78.43,78.54,86000,72.27
20101101,78.80,78.80,78.50,78.58,57600,72.31
20101029,78.55,78.58,78.38,78.55,90600,72.28
20101028,78.54,78.62,78.47,78.62,122400,72.20
20101027,78.52,78.52,78.40,78.42,65800,72.02
20101026,78.56,78.56,78.38,78.46,93100,72.06
20101025,78.69,78.69,78.58,78.62,154000,72.20
20101022,78.63,78.63,78.54,78.59,34900,72.18
20101021,78.65,78.65,78.51,78.63,412700,72.21
20101020,78.66,78.66,78.50,78.62,88000,72.20
20101019,78.50,78.60,78.45,78.59,105700,72.18
20101018,78.62,78.62,78.47,78.56,40900,72.15
20101015,78.53,78.58,78.36,78.36,62400,71.97
20101014,78.67,78.67,78.52,78.55,55500,72.14
20101013,78.77,78.77,78.56,78.70,244700,72.28
20101012,78.85,78.85,78.68,78.74,65100,72.31
20101011,78.75,78.82,78.72,78.82,317100,72.39
20101008,78.60,78.77,78.60,78.74,56800,72.31
20101007,78.50,78.69,78.50,78.68,139600,72.26
20101006,78.63,78.63,78.51,78.63,70600,72.21
20101005,78.48,78.54,78.44,78.51,156700,72.10
20101004,78.44,78.46,78.39,78.44,102400,72.04
20101001,78.35,78.39,78.25,78.38,51300,71.98
20100930,78.30,78.35,78.20,78.35,84900,71.96
20100929,78.40,78.40,78.34,78.39,63000,71.85
20100928,78.39,78.45,78.28,78.43,179300,71.89
20100927,78.34,78.42,78.27,78.39,421600,71.85
20100924,78.33,78.34,78.22,78.33,111200,71.80
20100923,78.39,78.39,78.23,78.25,48900,71.72
20100922,78.34,78.42,78.30,78.37,114300,71.83
20100921,78.28,78.36,78.15,78.31,72200,71.78
20100920,78.17,78.22,78.08,78.20,669900,71.68
20100917,78.07,78.13,78.01,78.12,40300,71.60
20100916,78.02,78.04,77.93,77.98,35500,71.48
20100915,78.09,78.09,77.95,78.00,42100,71.49
20100914,77.72,78.02,77.72,78.02,155500,71.51
20100913,77.86,77.86,77.70,77.86,176500,71.37
20100910,77.76,77.79,77.70,77.79,52200,71.30
20100909,77.97,77.97,77.79,77.84,92900,71.35
20100908,77.81,77.99,77.81,77.93,209600,71.43
20100907,77.94,77.99,77.83,77.98,67700,71.48
20100903,77.96,77.96,77.76,77.88,58700,71.38
20100902,77.93,77.93,77.86,77.93,310500,71.43
20100901,77.97,77.97,77.79,77.93,50100,71.43
20100831,78.04,78.04,77.81,77.83,80300,71.34
20100830,78.06,78.08,77.81,78.06,67700,71.41
20100827,78.05,78.07,77.86,77.90,70800,71.26
20100826,78.12,78.12,77.88,78.03,113400,71.38
20100825,78.32,78.32,77.99,78.05,271600,71.40
20100824,78.19,78.19,78.01,78.14,61500,71.48
20100823,78.06,78.06,77.90,78.02,34000,71.37
20100820,78.00,78.03,77.86,77.93,56200,71.29
20100819,77.99,78.02,77.95,78.00,41400,71.35
20100818,78.09,78.09,77.97,78.03,39100,71.38
20100817,77.92,77.99,77.71,77.98,69200,71.34
20100816,77.77,77.90,77.73,77.90,40900,71.26
20100813,77.77,77.77,77.67,77.77,58900,71.14
20100812,77.95,77.95,77.79,77.81,91000,71.18
20100811,77.89,77.91,77.79,77.86,31000,71.23
20100810,77.82,77.87,77.70,77.87,376100,71.24
20100809,77.83,77.85,77.44,77.85,81800,71.22
20100806,77.92,77.92,77.71,77.90,37400,71.26
20100805,77.36,77.81,77.36,77.81,52400,71.18
20100804,77.63,77.81,77.62,77.73,59200,71.11
20100803,77.78,77.78,77.65,77.73,70100,71.11
20100802,77.59,77.66,77.50,77.63,86400,71.02
20100730,77.52,77.66,77.52,77.64,154100,71.03
20100729,77.70,77.70,77.45,77.56,107100,70.80
20100728,77.52,77.54,77.33,77.51,151100,70.76
20100727,77.35,77.41,77.29,77.39,270000,70.65
20100726,77.40,77.40,77.24,77.40,179300,70.66
20100723,77.46,77.50,77.39,77.44,79700,70.70
20100722,77.35,77.46,77.29,77.46,57200,70.71
20100721,77.37,77.44,77.33,77.43,77500,70.69
20100720,77.44,77.44,77.25,77.36,171000,70.62
20100719,77.24,77.27,77.20,77.24,37500,70.51
20100716,77.23,77.32,77.15,77.31,44700,70.58
20100715,77.15,77.17,77.04,77.14,63200,70.42
20100714,77.04,77.09,76.89,77.08,24900,70.37
20100713,76.80,76.92,76.78,76.86,66900,70.17
20100712,76.70,76.93,76.69,76.93,42700,70.23
20100709,76.91,76.91,76.67,76.80,112900,70.11
20100708,76.65,76.82,76.62,76.80,75800,70.11
20100707,76.90,76.90,76.74,76.85,61500,70.16
20100706,76.67,76.76,76.60,76.76,53000,70.07
20100702,76.61,76.70,76.58,76.67,36000,69.99
20100701,76.64,76.69,76.46,76.66,44800,69.98
20100630,76.65,76.71,76.54,76.66,49800,69.98
20100629,76.77,76.83,76.70,76.83,78200,70.01
20100628,76.70,76.78,76.64,76.78,60600,69.96
20100625,76.54,76.71,76.52,76.71,70700,69.90
20100624,76.60,76.62,76.54,76.62,50200,69.82
20100623,76.50,76.65,76.40,76.65,61000,69.84
20100622,76.25,76.50,76.25,76.50,70800,69.71
20100621,76.16,76.42,76.16,76.42,59800,69.64
20100618,76.16,76.36,76.16,76.34,74600,69.56
20100617,76.28,76.36,76.17,76.31,41400,69.53
20100616,76.16,76.19,76.11,76.18,66100,69.42
20100615,76.20,76.20,76.02,76.09,88900,69.33
20100614,76.11,76.17,76.04,76.15,44900,69.39
20100611,76.09,76.26,76.07,76.20,93800,69.43
20100610,75.92,76.20,75.92,76.15,333600,69.39
20100609,76.21,76.30,76.20,76.30,32700,69.53
20100608,76.10,76.36,76.10,76.35,31800,69.57
20100607,76.48,76.48,76.21,76.30,34700,69.53
20100604,76.13,76.29,75.85,76.29,24000,69.52
20100603,75.89,76.16,75.89,75.90,38500,69.16
20100602,76.25,76.25,75.97,76.00,42300,69.25
20100601,76.35,76.35,75.94,76.12,91400,69.36
20100528,76.20,76.26,75.99,76.26,42100,69.49
20100527,76.31,76.36,76.00,76.06,273300,69.16
20100526,76.30,76.41,76.27,76.37,34600,69.44
20100525,76.53,76.53,76.32,76.34,60100,69.42
20100524,76.62,76.62,76.54,76.56,40300,69.62
20100521,76.47,76.63,76.42,76.46,69200,69.53
20100520,76.70,76.70,76.34,76.47,78800,69.53
20100519,76.65,76.71,76.55,76.61,59700,69.66
20100518,76.73,76.76,76.58,76.75,42800,69.79
20100517,76.70,76.70,76.52,76.64,78600,69.69
20100514,76.60,76.64,76.48,76.57,32800,69.63
20100513,76.51,76.61,76.51,76.54,80900,69.60
20100512,76.52,76.69,76.43,76.60,113800,69.65
20100511,76.58,76.63,76.38,76.62,37300,69.67
20100510,76.50,76.52,76.34,76.37,31500,69.44
20100507,76.55,76.57,76.34,76.35,159600,69.43
20100506,76.53,76.70,76.40,76.56,291600,69.62
20100505,76.61,76.70,76.32,76.57,45600,69.63
20100504,76.42,76.57,76.42,76.54,35500,69.60
20100503,76.70,76.70,76.33,76.40,53300,69.47
20100430,76.54,76.57,76.48,76.52,54600,69.58
20100429,76.47,76.59,76.46,76.58,46600,69.51
20100428,76.56,76.57,76.44,76.52,42600,69.46
20100427,76.51,76.62,76.46,76.58,30000,69.51
20100426,76.50,76.50,76.41,76.47,38500,69.42
20100423,76.45,76.50,76.39,76.45,143400,69.40
20100422,76.53,76.60,76.46,76.53,187200,69.47
20100421,76.40,76.54,76.40,76.51,48900,69.45
20100420,76.46,76.54,76.43,76.50,286400,69.44
20100419,76.58,76.58,76.39,76.56,226400,69.50
20100416,76.50,76.63,76.45,76.63,30600,69.56
20100415,76.37,76.46,76.31,76.46,40200,69.41
20100414,76.40,76.40,76.26,76.30,76100,69.26
20100413,76.35,76.35,76.24,76.34,52300,69.30
20100412,76.38,76.38,76.21,76.27,57600,69.23
20100409,76.14,76.28,76.05,76.26,295200,69.22
20100408,76.21,76.21,76.12,76.15,72100,69.12
20100407,76.06,76.16,76.00,76.16,84200,69.13
20100406,76.02,76.04,75.95,76.01,56500,69.00
20100405,76.17,76.17,75.94,76.01,208900,69.00
20100401,76.20,76.24,76.13,76.20,47900,69.17
20100331,76.20,76.25,76.16,76.22,46000,69.19
20100330,76.24,76.34,76.15,76.30,82500,69.11
20100329,76.29,76.29,76.15,76.25,69000,69.06
20100326,76.23,76.23,76.11,76.20,95400,69.01
20100325,76.15,76.20,76.06,76.15,50600,68.97
20100324,76.27,76.28,76.16,76.20,55200,69.01
20100323,76.42,76.42,76.30,76.32,84200,69.12
20100322,76.31,76.34,76.27,76.34,34000,69.14
20100319,76.29,76.31,76.25,76.29,84700,69.10
20100318,76.33,76.35,76.30,76.34,60800,69.14
20100317,76.30,76.35,76.25,76.33,55600,69.13
20100316,76.42,76.42,76.12,76.24,47500,69.05
20100315,76.08,76.19,76.05,76.18,53900,69.00
20100312,76.14,76.22,76.02,76.22,48400,69.03
20100311,76.18,76.18,76.11,76.17,48800,68.99
20100310,76.23,76.23,76.16,76.19,31800,69.01
20100309,76.11,76.19,76.10,76.19,18200,69.01
20100308,76.15,76.17,76.12,76.13,27000,68.95
20100305,76.20,76.21,76.11,76.18,38500,69.00
20100304,76.23,76.23,76.17,76.21,30100,69.02
20100303,76.19,76.21,76.15,76.21,31000,69.02
20100302,76.24,76.24,76.11,76.19,43100,69.01
20100301,76.24,76.24,76.08,76.15,44400,68.97
20100226,76.11,76.15,76.01,76.12,86800,68.94
20100225,76.22,76.22,76.06,76.14,36800,68.85
20100224,76.01,76.13,76.00,76.13,71900,68.84
20100223,75.99,76.07,75.95,76.06,50300,68.77
20100222,75.99,76.00,75.81,75.96,58000,68.68
20100219,75.86,75.86,75.74,75.83,52600,68.57
20100218,75.99,75.99,75.80,75.84,55100,68.57
20100217,75.97,75.97,75.84,75.90,72900,68.63
20100216,75.95,75.98,75.85,75.93,74700,68.66
20100212,76.08,76.08,75.91,75.93,23600,68.66
20100211,75.92,75.92,75.80,75.85,69500,68.58
20100210,76.04,76.04,75.75,75.92,55500,68.65
20100209,76.03,76.06,75.95,76.00,66800,68.72
20100208,76.20,76.20,75.91,76.07,37900,68.78
20100205,76.23,76.26,75.94,76.09,68800,68.80
20100204,76.09,76.11,75.97,76.10,23700,68.81
20100203,75.94,75.95,75.87,75.93,50100,68.66
20100202,75.99,76.00,75.91,75.98,42000,68.70
20100201,76.16,76.16,75.93,76.00,25800,68.72
20100129,75.88,76.02,75.87,75.97,35800,68.69
20100128,76.13,76.13,76.00,76.05,79600,68.65
20100127,76.19,76.19,76.03,76.08,73600,68.68
20100126,76.23,76.23,76.11,76.17,179400,68.76
20100125,76.26,76.26,76.15,76.18,45800,68.77
20100122,76.17,76.18,76.14,76.17,68600,68.76
20100121,76.15,76.23,76.01,76.18,161800,68.77
20100120,76.13,76.16,76.07,76.08,168600,68.68
20100119,76.05,76.05,75.90,75.95,92800,68.56
20100115,76.17,76.25,76.17,76.22,34100,68.80
20100114,76.26,76.26,75.90,76.13,48900,68.72
20100113,76.07,76.09,75.90,75.94,41400,68.55
20100112,76.15,76.15,75.94,75.95,33500,68.56
20100111,75.98,75.98,75.91,75.94,31800,68.55
20100108,75.89,75.89,75.80,75.87,108900,68.49
20100107,75.90,75.90,75.65,75.81,154200,68.43
20100106,75.78,75.87,75.60,75.86,20900,68.48
20100105,75.56,75.71,75.53,75.64,77400,68.28
20100104,75.44,75.53,75.35,75.53,61200,68.18
20091231,75.27,75.53,75.18,75.33,19000,68.00
20091230,75.33,75.41,75.33,75.40,19900,68.06
20091229,75.38,75.40,74.24,75.39,52800,68.05
20091228,75.41,75.45,75.34,75.38,43900,68.04
20091224,75.61,75.62,75.41,75.43,20900,68.09
20091223,75.69,75.80,75.64,75.70,78800,68.18
20091222,75.76,75.85,75.70,75.81,115800,68.28
20091221,75.99,75.99,75.77,75.82,31700,68.29
20091218,76.09,76.10,75.92,75.92,11800,68.38
20091217,76.03,76.11,76.00,76.00,82500,68.45
20091216,75.94,76.10,75.88,75.95,169800,68.41
20091215,75.76,75.87,75.67,75.75,66300,68.23
20091214,75.97,75.98,75.84,75.88,29000,68.34
20091211,75.93,75.94,75.82,75.87,26500,68.33
20091210,75.89,75.92,75.83,75.89,33000,68.35
20091209,75.99,75.99,75.94,75.94,15600,68.40
20091208,75.83,75.96,75.72,75.95,46800,68.41
20091207,75.57,75.66,75.50,75.65,11700,68.14
20091204,75.56,75.57,75.44,75.55,45600,68.05
20091203,75.55,75.76,75.55,75.76,18700,68.23
20091202,75.75,75.75,75.64,75.65,13000,68.14
20091201,75.71,75.80,75.70,75.72,17600,68.20
20091130,75.59,75.69,75.58,75.69,16500,68.17
20091127,75.70,75.70,75.62,75.69,6300,68.17
20091125,75.55,75.68,75.52,75.68,19800,68.16
20091124,75.38,75.55,75.30,75.55,41000,68.05
20091123,75.17,75.26,75.17,75.26,29300,67.78
