20140814,41.37,41.39,41.28,41.38,1956000,41.38
20140813,41.18,41.24,41.09,41.19,2646100,41.19
20140812,40.90,40.97,40.82,40.91,1848800,40.91
20140811,40.90,41.02,40.90,40.91,2046800,40.91
20140808,40.54,40.81,40.43,40.81,2313500,40.81
20140807,40.94,40.99,40.44,40.55,2774700,40.55
20140806,40.68,40.99,40.66,40.89,3524700,40.89
20140805,41.24,41.30,40.90,40.98,3752900,40.98
20140804,41.46,41.57,41.25,41.49,3471500,41.49
20140801,41.43,41.59,41.26,41.35,4252500,41.35
20140731,41.90,41.92,41.55,41.58,4850300,41.58
20140730,42.40,42.45,42.15,42.31,3327000,42.31
20140729,42.55,42.57,42.33,42.35,2171600,42.35
20140728,42.40,42.45,42.17,42.39,2267800,42.39
20140725,42.49,42.49,42.21,42.37,2174800,42.37
20140724,42.55,42.57,42.46,42.52,1950800,42.52
20140723,42.52,42.52,42.39,42.45,1678700,42.45
20140722,42.40,42.44,42.34,42.36,2002000,42.36
20140721,42.01,42.16,41.95,42.14,2327000,42.14
20140718,42.04,42.36,42.04,42.31,4361000,42.31
20140717,42.27,42.42,41.93,41.96,2813100,41.96
20140716,42.53,42.55,42.44,42.52,2076100,42.52
20140715,42.36,42.40,42.05,42.21,2678000,42.21
20140714,42.42,42.42,42.31,42.34,1752600,42.34
20140711,41.91,42.05,41.85,42.04,3952200,42.04
20140710,41.74,42.02,41.70,41.99,2299100,41.99
20140709,42.31,42.53,42.27,42.49,3775400,42.49
20140708,42.54,42.54,42.23,42.33,2498700,42.33
20140707,42.78,42.82,42.70,42.76,2093100,42.76
20140703,43.03,43.15,42.99,43.09,4219100,43.09
20140702,42.95,43.03,42.90,43.02,2255200,43.02
20140701,42.82,43.02,42.79,42.97,6175100,42.97
20140630,42.49,42.61,42.45,42.59,10264200,42.59
20140627,42.38,42.54,42.32,42.54,2383200,42.54
20140626,42.44,42.49,42.14,42.46,2811600,42.46
20140625,42.26,42.49,42.22,42.48,5235400,42.48
20140624,42.64,42.69,42.41,42.44,2402500,42.44
20140623,43.16,43.22,43.03,43.20,2168900,42.69
20140620,43.34,43.35,43.23,43.31,2036000,42.80
20140619,43.47,43.48,43.34,43.40,3755200,42.88
20140618,42.86,43.20,42.73,43.19,4192700,42.68
20140617,42.69,42.83,42.67,42.82,4111900,42.31
20140616,42.76,42.92,42.76,42.87,1748500,42.36
20140613,42.85,42.93,42.75,42.84,1817500,42.33
20140612,42.99,43.02,42.77,42.85,1940400,42.34
20140611,42.91,42.93,42.79,42.84,2294100,42.33
20140610,42.98,43.06,42.90,43.04,5378800,42.53
20140609,43.02,43.16,42.98,43.12,1822900,42.61
20140606,43.01,43.17,42.98,43.17,2453600,42.66
20140605,42.79,42.98,42.61,42.95,1800000,42.44
20140604,42.58,42.69,42.50,42.66,2165500,42.15
20140603,42.57,42.67,42.57,42.64,1947700,42.13
20140602,42.77,42.78,42.65,42.73,2275600,42.22
20140530,42.60,42.67,42.55,42.66,3623200,42.15
20140529,42.58,42.66,42.50,42.66,2265000,42.15
20140528,42.40,42.45,42.32,42.38,2137800,41.88
20140527,42.51,42.53,42.36,42.51,2434500,42.01
20140523,42.12,42.29,42.11,42.25,1349000,41.75
20140522,42.10,42.18,42.06,42.15,1934300,41.65
20140521,41.89,42.07,41.85,42.05,3071400,41.55
20140520,41.85,41.87,41.62,41.71,3152400,41.21
20140519,41.85,42.03,41.84,41.99,1741000,41.49
20140516,42.01,42.07,41.91,42.06,2251700,41.56
20140515,42.08,42.12,41.84,41.99,2453500,41.49
20140514,42.25,42.30,42.13,42.18,1857800,41.68
20140513,42.20,42.25,42.13,42.24,2214200,41.74
20140512,42.06,42.18,42.02,42.18,4526600,41.68
20140509,41.85,41.93,41.72,41.86,2356900,41.36
20140508,41.97,42.12,41.86,41.92,2218300,41.42
20140507,41.86,41.95,41.69,41.93,3857600,41.43
20140506,41.96,42.00,41.84,41.89,2362600,41.39
20140505,41.86,41.97,41.61,41.95,3945900,41.45
20140502,41.98,42.09,41.87,42.00,4478900,41.50
20140501,42.18,42.18,41.92,42.06,3738800,41.56
20140430,41.78,41.96,41.71,41.92,6180200,41.42
20140429,41.68,41.86,41.68,41.79,3115400,41.29
20140428,41.55,41.62,41.24,41.52,4456200,41.03
20140425,41.53,41.53,41.28,41.40,6941800,40.91
20140424,41.60,41.65,41.34,41.60,11458700,41.11
20140423,41.68,41.69,41.55,41.61,2762600,41.12
20140422,41.66,41.77,41.64,41.72,1607400,41.22
20140421,41.57,41.58,41.43,41.55,2740400,41.06
20140417,41.37,41.57,41.27,41.48,3289300,40.99
20140416,41.17,41.33,41.02,41.33,2406100,40.84
20140415,40.89,40.94,40.38,40.79,4349000,40.31
20140414,40.94,41.05,40.79,40.99,4446200,40.50
20140411,40.76,41.05,40.75,40.76,2953400,40.28
20140410,41.51,41.58,40.98,40.99,2923800,40.50
20140409,41.50,41.75,41.35,41.74,2668600,41.24
20140408,41.03,41.25,41.00,41.17,2752400,40.68
20140407,41.37,41.39,41.11,41.20,2687300,40.71
20140404,41.70,41.76,41.34,41.39,3420900,40.90
20140403,41.61,41.62,41.40,41.50,4195800,41.01
20140402,41.56,41.65,41.50,41.64,3399800,41.15
20140401,41.48,41.57,41.44,41.57,7648200,41.08
20140331,41.39,41.44,41.24,41.27,6154800,40.78
20140328,41.06,41.17,41.01,41.04,2386900,40.55
20140327,40.72,40.82,40.62,40.75,3578600,40.27
20140326,40.81,40.85,40.52,40.52,4167800,40.04
20140325,40.41,40.59,40.26,40.51,3100700,40.03
20140324,40.69,40.70,40.26,40.48,3915700,39.58
20140321,40.69,40.79,40.35,40.41,3039700,39.51
20140320,40.26,40.55,40.17,40.48,3439400,39.58
20140319,41.10,41.13,40.38,40.64,3662300,39.73
20140318,40.94,41.22,40.91,41.15,3984600,40.23
20140317,40.73,40.96,40.70,40.89,2565900,39.98
20140314,40.29,40.57,40.25,40.40,3779100,39.50
20140313,41.30,41.34,40.39,40.50,3214000,39.59
20140312,41.05,41.29,40.93,41.23,2744300,40.31
20140311,41.65,41.77,41.37,41.41,3545000,40.48
20140310,41.69,41.73,41.45,41.70,2519800,40.77
20140307,42.15,42.15,41.78,41.98,2783700,41.04
20140306,42.20,42.30,42.14,42.20,1679100,41.26
20140305,41.74,41.82,41.67,41.73,2607300,40.80
20140304,41.78,41.85,41.72,41.82,3837000,40.89
20140303,41.18,41.26,40.88,41.01,4448300,40.09
20140228,41.89,42.07,41.72,41.86,2975600,40.92
20140227,41.55,41.81,41.46,41.81,2437800,40.88
20140226,41.72,41.74,41.51,41.64,2406000,40.71
20140225,41.89,41.99,41.69,41.77,2448400,40.84
20140224,41.67,42.06,41.62,41.85,4067200,40.91
20140221,41.56,41.72,41.50,41.50,2395000,40.57
20140220,41.20,41.46,41.13,41.40,2497100,40.47
20140219,41.46,41.65,41.25,41.25,3287500,40.33
20140218,41.52,41.61,41.39,41.57,3290900,40.64
20140214,41.04,41.28,41.00,41.23,3600500,40.31
20140213,40.60,41.10,40.57,41.05,9339400,40.13
20140212,40.91,41.02,40.85,40.98,3213200,40.06
20140211,40.47,40.96,40.47,40.88,3055800,39.97
20140210,40.29,40.29,40.16,40.22,3818300,39.32
20140207,40.09,40.41,40.01,40.40,4494500,39.50
20140206,39.52,39.96,39.52,39.96,3659200,39.07
20140205,39.10,39.25,38.98,39.19,3977200,38.31
20140204,38.99,39.17,38.89,39.15,3388500,38.28
20140203,39.47,39.52,38.72,38.75,4690100,37.88
20140131,39.35,39.77,39.31,39.51,4159900,38.63
20140130,40.16,40.23,39.97,40.15,3562600,39.25
20140129,39.95,40.16,39.84,39.94,3117900,39.05
20140128,40.24,40.44,40.21,40.42,2944800,39.52
20140127,40.23,40.27,39.79,40.02,5212800,39.13
20140124,40.74,40.75,40.21,40.21,5200000,39.31
20140123,41.51,41.51,41.17,41.35,3645400,40.43
20140122,41.64,41.70,41.56,41.66,2904100,40.73
20140121,41.70,41.70,41.46,41.62,2855100,40.69
20140117,41.52,41.59,41.38,41.45,2209600,40.52
20140116,41.53,41.58,41.39,41.55,2871900,40.62
20140115,41.42,41.62,41.39,41.62,3691100,40.69
20140114,41.24,41.46,41.10,41.42,2298700,40.49
20140113,41.30,41.38,41.04,41.11,2572300,40.19
20140110,41.27,41.49,41.24,41.46,2911100,40.53
20140109,41.16,41.16,40.86,41.09,3564500,40.17
20140108,41.18,41.22,41.06,41.14,3068400,40.22
20140107,41.11,41.20,41.07,41.15,2195900,40.23
20140106,41.04,41.06,40.90,40.91,2922600,40.00
20140103,41.07,41.12,40.92,40.99,2613700,40.07
20140102,41.22,41.22,40.88,40.98,4919500,40.06
20131231,41.71,41.88,41.66,41.68,3160100,40.75
20131230,41.53,41.62,41.48,41.61,2218000,40.68
20131227,41.54,41.54,41.37,41.39,2871500,40.47
20131226,41.15,41.20,41.12,41.18,2428100,40.26
20131224,40.84,40.96,40.79,40.94,1492800,40.03
20131223,40.75,40.89,40.69,40.87,4007500,39.96
20131220,40.37,40.54,40.35,40.47,3157800,39.57
20131219,40.34,40.50,40.27,40.47,3711800,39.36
20131218,40.17,40.60,39.75,40.49,4402500,39.38
20131217,39.97,39.97,39.78,39.90,3148200,38.80
20131216,40.06,40.16,40.01,40.05,4917900,38.95
20131213,39.80,39.81,39.63,39.76,2611300,38.67
20131212,39.92,39.93,39.69,39.80,3794100,38.71
20131211,40.45,40.46,40.06,40.10,4804800,39.00
20131210,40.43,40.50,40.36,40.43,2741000,39.32
20131209,40.51,40.60,40.47,40.56,2660800,39.44
20131206,40.37,40.59,40.35,40.55,2557700,39.44
20131205,40.17,40.24,40.01,40.06,2103500,38.96
20131204,40.07,40.32,40.00,40.28,5513100,39.17
20131203,40.62,40.66,40.38,40.51,2755700,39.40
20131202,40.99,41.02,40.81,40.84,3005100,39.72
20131129,41.25,41.32,41.12,41.12,3048200,39.99
20131127,41.05,41.11,40.97,41.05,2515200,39.92
20131126,40.86,40.96,40.80,40.91,3171300,39.79
20131125,41.00,41.01,40.85,40.92,3176600,39.80
20131122,40.92,41.06,40.88,41.04,2345400,39.91
20131121,40.79,40.92,40.73,40.92,2725200,39.80
20131120,41.02,41.09,40.58,40.68,3792100,39.56
20131119,40.95,41.10,40.91,40.96,2304000,39.83
20131118,41.30,41.32,41.00,41.08,3023700,39.95
20131115,40.96,41.05,40.90,41.05,2559800,39.92
20131114,40.49,40.72,40.44,40.68,1856700,39.56
20131113,40.07,40.50,40.04,40.49,7775400,39.38
20131112,40.37,40.47,40.26,40.38,2732800,39.27
20131111,40.44,40.48,40.37,40.47,1952600,39.36
20131108,40.10,40.42,40.09,40.42,4894600,39.31
20131107,40.70,40.70,40.13,40.18,3235900,39.08
20131106,40.87,40.96,40.78,40.87,2109600,39.75
20131105,40.46,40.55,40.31,40.48,3421600,39.37
20131104,40.73,40.83,40.64,40.83,3206400,39.71
20131101,40.65,40.69,40.43,40.65,4260900,39.53
20131031,40.99,41.09,40.82,40.85,3825400,39.73
20131030,41.32,41.32,40.91,41.12,3053800,39.99
20131029,41.20,41.24,41.12,41.21,2652700,40.08
20131028,41.12,41.23,41.05,41.14,2391500,40.01
20131025,41.19,41.20,41.08,41.20,2544000,40.07
20131024,41.25,41.32,41.16,41.31,2246700,40.17
20131023,41.06,41.07,40.91,41.03,2865800,39.90
20131022,41.31,41.56,41.27,41.48,8545300,40.34
20131021,41.01,41.09,40.94,41.09,2215100,39.96
20131018,40.92,41.04,40.84,41.03,2437800,39.90
20131017,40.50,40.80,40.46,40.79,3721200,39.67
20131016,40.10,40.31,40.07,40.30,2155700,39.19
20131015,40.05,40.09,39.92,39.96,2943500,38.86
20131014,39.87,40.20,39.84,40.17,1715300,39.07
20131011,39.84,40.05,39.81,40.05,3102900,38.95
20131010,39.47,39.89,39.44,39.83,2571600,38.73
20131009,39.08,39.19,38.84,39.10,3424500,38.03
20131008,39.30,39.32,38.94,38.97,3944100,37.90
20131007,39.13,39.39,39.11,39.23,2536800,38.15
20131004,39.51,39.67,39.47,39.63,2133300,38.54
20131003,39.70,39.74,39.45,39.52,7443500,38.43
20131002,39.63,39.79,39.45,39.77,4647700,38.68
20131001,39.62,39.89,39.56,39.81,7047900,38.72
20130930,39.48,39.66,39.41,39.58,6128000,38.49
20130927,39.84,39.96,39.78,39.88,2742700,38.78
20130926,39.93,40.06,39.84,39.96,2848400,38.86
20130925,39.76,39.89,39.69,39.81,4180900,38.72
20130924,39.82,39.95,39.69,39.79,3806900,38.70
20130923,39.92,39.93,39.69,39.87,5032300,38.77
20130920,40.27,40.27,40.01,40.01,2825000,38.75
20130919,40.56,40.56,40.27,40.34,3071000,39.07
20130918,39.52,40.59,39.39,40.52,3735400,39.24
20130917,39.37,39.48,39.36,39.48,2177400,38.24
20130916,39.63,39.64,39.43,39.46,2349200,38.22
20130913,38.98,39.13,38.89,39.11,4754500,37.88
20130912,39.01,39.13,38.94,38.97,7005100,37.74
20130911,38.93,39.18,38.90,39.16,2449100,37.93
20130910,38.94,39.06,38.90,39.05,4615300,37.82
20130909,38.36,38.66,38.31,38.63,2250700,37.41
20130906,38.04,38.19,37.79,38.09,4463500,36.89
20130905,37.77,37.91,37.73,37.87,2481400,36.68
20130904,37.53,37.94,37.48,37.88,2401800,36.69
20130903,37.71,37.74,37.39,37.54,3378600,36.36
20130830,37.10,37.10,36.82,36.85,3510100,35.69
20130829,37.21,37.42,37.18,37.28,2381800,36.11
20130828,37.11,37.43,37.08,37.28,2618200,36.11
20130827,37.51,37.65,37.29,37.32,2686000,36.15
20130826,38.05,38.10,37.93,37.96,2567900,36.77
20130823,38.09,38.22,38.00,38.21,2294500,37.01
20130822,37.78,37.93,37.77,37.88,1832600,36.69
20130821,37.70,37.83,37.36,37.49,2878300,36.31
20130820,37.84,38.04,37.80,37.94,3442200,36.75
20130819,38.24,38.29,38.00,38.00,1931200,36.80
20130816,38.29,38.38,38.23,38.27,2628200,37.07
20130815,38.07,38.24,37.80,38.20,4027900,37.00
20130814,38.54,38.59,38.48,38.53,2501700,37.32
20130813,38.34,38.54,38.14,38.52,2590300,37.31
20130812,38.11,38.27,38.11,38.23,1942900,37.03
20130809,38.24,38.37,38.17,38.29,1902700,37.08
20130808,38.13,38.32,38.01,38.27,2302700,37.07
20130807,37.94,38.01,37.88,37.93,3540900,36.74
20130806,38.29,38.31,38.04,38.15,2554700,36.95
20130805,38.13,38.23,38.02,38.23,2521900,37.03
20130802,38.00,38.27,38.00,38.27,3388300,37.07
20130801,37.93,38.03,37.83,37.97,14871200,36.77
20130731,37.28,37.69,37.28,37.45,7629300,36.27
20130730,37.55,37.58,37.27,37.38,1841600,36.20
20130729,37.40,37.46,37.31,37.39,1932200,36.21
20130726,37.61,37.73,37.42,37.72,3521600,36.53
20130725,37.60,37.98,37.56,37.93,2455200,36.74
20130724,38.08,38.10,37.76,37.89,2000800,36.70
20130723,37.96,38.05,37.84,37.93,2275400,36.74
20130722,37.77,37.89,37.72,37.88,2801900,36.69
20130719,37.58,37.73,37.51,37.68,2084200,36.49
20130718,37.56,37.74,37.24,37.72,3698800,36.53
20130717,37.62,37.65,37.40,37.50,2503200,36.32
20130716,37.35,37.42,37.26,37.36,1956000,36.18
20130715,37.29,37.42,37.23,37.41,3215700,36.23
20130712,37.13,37.21,37.02,37.19,2449000,36.02
20130711,37.10,37.44,36.97,37.40,3517300,36.22
20130710,36.32,36.67,36.26,36.40,5634600,35.25
20130709,36.42,36.44,36.11,36.33,4859600,35.19
20130708,36.06,36.17,35.98,36.11,2432700,34.97
20130705,36.08,36.08,35.63,35.92,2945800,34.79
20130703,35.50,35.83,35.42,35.77,1982800,34.64
20130702,35.89,36.09,35.64,35.78,2563900,34.65
20130701,35.98,36.09,35.88,35.96,4226100,34.83
20130628,35.63,35.80,35.49,35.60,3390200,34.48
20130627,35.62,35.81,35.60,35.68,2158600,34.56
20130626,35.31,35.38,35.13,35.30,2472300,34.19
20130625,34.99,35.18,34.74,35.14,3814000,34.03
20130624,34.57,34.87,34.33,34.64,3556500,33.55
20130621,36.12,36.12,35.47,35.79,3486600,34.14
20130620,36.18,36.25,35.60,35.67,5257800,34.02
20130619,37.72,37.80,37.01,37.05,4551500,35.34
20130618,37.65,37.83,37.63,37.74,2252400,36.00
20130617,37.63,37.74,37.29,37.51,1925200,35.78
20130614,37.14,37.32,36.86,36.98,2461100,35.27
20130613,36.98,37.46,36.87,37.42,1923700,35.69
20130612,37.31,37.32,36.80,36.85,2009500,35.15
20130611,36.81,37.08,36.72,36.87,3146100,35.17
20130610,37.44,37.44,37.20,37.34,2707500,35.61
20130607,36.92,37.34,36.79,37.32,3204300,35.59
20130606,36.67,36.92,36.51,36.89,3508800,35.18
20130605,37.09,37.11,36.68,36.68,3667600,34.98
20130604,37.71,37.76,37.33,37.52,2536600,35.79
20130603,37.19,37.52,37.03,37.44,6012600,35.71
20130531,37.51,37.56,37.18,37.19,4598500,35.47
20130530,37.80,38.05,37.77,37.95,2531100,36.20
20130529,37.82,37.85,37.58,37.77,2423100,36.02
20130528,38.32,38.48,38.04,38.10,3104800,36.34
20130524,37.86,38.04,37.74,38.03,2178500,36.27
20130523,37.94,38.36,37.73,38.33,3575300,36.56
20130522,39.32,39.67,38.79,38.92,2732800,37.12
20130521,39.07,39.37,38.98,39.27,2587400,37.45
20130520,39.02,39.25,39.00,39.21,5275200,37.40
20130517,38.74,39.02,38.71,39.01,1845800,37.21
20130516,38.84,38.95,38.66,38.69,2524300,36.90
20130515,38.82,39.02,38.78,39.01,2242900,37.21
20130514,38.72,38.92,38.69,38.88,2218800,37.08
20130513,38.74,38.78,38.63,38.74,1862900,36.95
20130510,38.64,38.80,38.55,38.74,2628400,36.95
20130509,38.89,38.93,38.58,38.72,3591600,36.93
20130508,38.90,39.10,38.89,39.09,1968700,37.28
20130507,38.70,38.72,38.53,38.69,1565800,36.90
20130506,38.53,38.61,38.44,38.59,1554700,36.81
20130503,38.50,38.71,38.47,38.62,1953800,36.83
20130502,37.98,38.25,37.94,38.16,2532100,36.40
20130501,38.32,38.33,37.98,38.04,2074900,36.28
20130430,38.27,38.33,38.15,38.33,5729000,36.56
20130429,37.96,38.29,37.95,38.23,4281400,36.46
20130426,37.70,37.82,37.67,37.79,1797800,36.04
20130425,37.74,37.93,37.73,37.77,3408800,36.02
20130424,37.48,37.66,37.42,37.56,3129400,35.82
20130423,37.03,37.28,37.01,37.24,2573600,35.52
20130422,36.55,36.77,36.39,36.73,1852000,35.03
20130419,36.52,36.59,36.41,36.55,1520000,34.86
20130418,36.48,36.48,36.14,36.30,2315700,34.62
20130417,36.75,36.75,36.20,36.39,2413100,34.71
20130416,37.05,37.17,36.88,37.15,1813100,35.43
20130415,37.05,37.05,36.61,36.62,3318400,34.93
20130412,37.29,37.40,37.13,37.40,2269400,35.67
20130411,37.40,37.63,37.36,37.45,1433200,35.72
20130410,36.95,37.25,36.95,37.16,1716600,35.44
20130409,36.47,36.76,36.34,36.64,3858600,34.95
20130408,36.37,36.50,36.29,36.49,2044900,34.80
20130405,36.04,36.37,35.98,36.37,2280900,34.69
20130404,36.33,36.56,36.25,36.53,2236100,34.84
20130403,36.55,36.61,36.18,36.21,2245400,34.54
20130402,36.36,36.55,36.32,36.38,2991400,34.70
20130401,36.25,36.26,35.92,36.00,5633900,34.34
20130328,36.43,36.55,36.34,36.43,4782100,34.75
20130327,36.09,36.34,36.01,36.30,2961400,34.62
20130326,36.41,36.50,36.30,36.48,2256900,34.79
20130325,36.75,36.78,36.17,36.27,3754300,34.59
20130322,36.62,36.78,36.56,36.75,2410600,35.05
20130321,36.61,36.79,36.54,36.58,2447100,34.74
20130320,36.94,36.96,36.80,36.89,2445200,35.03
20130319,36.88,36.91,36.41,36.64,3268100,34.79
20130318,36.73,37.03,36.67,36.75,2564200,34.90
20130315,37.19,37.25,37.09,37.16,3222300,35.29
20130314,36.91,37.16,36.88,37.13,2777300,35.26
20130313,36.71,36.84,36.56,36.73,2813700,34.88
20130312,36.95,37.01,36.73,36.81,2856400,34.95
20130311,36.84,36.99,36.77,36.97,3205600,35.11
20130308,36.82,36.88,36.67,36.87,9391600,35.01
20130307,36.78,36.86,36.75,36.79,3122200,34.93
20130306,36.78,36.78,36.54,36.68,2391500,34.83
20130305,36.56,36.66,36.52,36.59,2735800,34.74
20130304,36.00,36.24,35.93,36.24,2535400,34.41
20130301,35.94,36.14,35.79,36.08,5763100,34.26
20130228,36.19,36.39,36.12,36.16,4837100,34.34
20130227,35.72,36.25,35.67,36.18,2074500,34.36
20130226,35.85,35.94,35.54,35.73,4811200,33.93
20130225,36.55,36.58,35.43,35.47,3597300,33.68
20130222,36.13,36.32,35.99,36.32,2084300,34.49
20130221,35.92,35.93,35.65,35.79,3494100,33.99
20130220,36.78,36.80,36.35,36.35,2820400,34.52
20130219,36.59,36.73,36.55,36.69,3127800,34.84
20130215,36.42,36.43,36.15,36.24,2875300,34.41
20130214,36.26,36.39,36.22,36.37,2586400,34.54
20130213,36.66,36.72,36.51,36.58,4879300,34.74
20130212,36.27,36.54,36.27,36.45,3053400,34.61
20130211,36.29,36.33,36.16,36.30,3617100,34.47
20130208,36.21,36.36,36.21,36.33,14154900,34.50
20130207,36.28,36.35,35.88,36.08,5710000,34.26
20130206,36.15,36.38,36.12,36.36,3290300,34.53
20130205,36.30,36.46,36.27,36.36,2887100,34.53
20130204,36.46,36.52,36.14,36.20,4194100,34.37
20130201,36.83,36.97,36.72,36.87,3148600,35.01
20130131,36.67,36.75,36.56,36.58,2690100,34.74
20130130,36.73,36.85,36.68,36.72,3510700,34.87
20130129,36.53,36.73,36.51,36.68,4171300,34.83
20130128,36.53,36.53,36.33,36.41,2437700,34.57
20130125,36.56,36.62,36.42,36.62,2500800,34.77
20130124,36.12,36.30,36.09,36.22,3211400,34.39
20130123,35.95,36.07,35.90,36.01,3155200,34.19
20130122,35.99,36.09,35.87,36.08,2694500,34.26
20130118,36.08,36.10,35.90,36.06,2375100,34.24
20130117,36.05,36.16,35.96,36.08,2186700,34.26
20130116,35.74,35.86,35.68,35.78,2203000,33.98
20130115,35.78,36.00,35.77,36.00,1850300,34.18
20130114,36.00,36.06,35.90,36.05,2356400,34.23
20130111,36.00,36.03,35.86,36.00,3513500,34.18
20130110,35.85,35.98,35.70,35.94,2827200,34.13
20130109,35.39,35.53,35.38,35.45,2957000,33.66
20130108,35.36,35.41,35.16,35.28,2269900,33.50
20130107,35.36,35.53,35.30,35.47,5281800,33.68
20130104,35.41,35.69,35.37,35.65,3242400,33.85
20130103,35.57,35.68,35.41,35.45,3764100,33.66
20130102,35.81,35.85,35.58,35.81,4903500,34.00
20121231,34.88,35.29,34.79,35.23,3964300,33.45
20121228,34.80,34.92,34.71,34.72,3604600,32.97
20121227,35.16,35.16,34.84,35.07,3250800,33.30
20121226,35.18,35.18,34.81,34.94,2220900,33.18
20121224,35.00,35.04,34.89,34.96,1600300,33.20
20121221,34.85,35.06,34.78,35.06,4488300,33.29
20121220,35.14,35.28,35.05,35.28,5461600,33.50
20121219,35.56,35.58,35.32,35.32,5469200,33.21
20121218,35.08,35.31,35.02,35.23,8275400,33.13
20121217,34.74,34.93,34.71,34.91,2836200,32.82
20121214,34.69,34.87,34.63,34.74,1694000,32.67
20121213,34.67,34.76,34.53,34.61,2039100,32.54
20121212,34.71,34.93,34.67,34.72,2795400,32.65
20121211,34.57,34.66,34.55,34.59,2795000,32.52
20121210,34.34,34.45,34.29,34.40,3461500,32.35
20121207,34.35,34.41,34.21,34.38,2640100,32.33
20121206,34.41,34.43,34.25,34.38,2714700,32.33
20121205,34.24,34.48,34.17,34.33,2164400,32.28
20121204,34.29,34.33,34.20,34.26,3555200,32.21
20121203,34.25,34.31,34.12,34.17,2555700,32.13
20121130,34.12,34.23,34.05,34.13,2341600,32.09
20121129,34.02,34.15,33.90,34.08,1739000,32.04
20121128,33.31,33.79,33.27,33.78,1862600,31.76
20121127,33.62,33.71,33.50,33.51,2183200,31.51
20121126,33.60,33.71,33.52,33.71,2927100,31.70
20121123,33.59,33.79,33.56,33.79,1667300,31.77
20121121,33.03,33.09,32.98,33.08,1746500,31.10
20121120,32.84,33.01,32.76,33.01,2747900,31.04
20121119,32.71,32.97,32.68,32.97,3157400,31.00
20121116,32.33,32.33,31.98,32.27,2968700,30.34
20121115,32.34,32.45,32.17,32.29,1928500,30.36
20121114,32.65,32.65,32.14,32.19,2577800,30.27
20121113,32.38,32.76,32.34,32.52,2138800,30.58
20121112,32.73,32.77,32.61,32.69,3214600,30.74
20121109,32.58,32.88,32.54,32.71,7928100,30.76
20121108,32.91,33.02,32.70,32.70,2653600,30.75
20121107,33.16,33.16,32.85,33.02,2486400,31.05
20121106,33.35,33.58,33.32,33.54,2229200,31.54
20121105,33.21,33.28,33.11,33.19,2742000,31.21
20121102,33.58,33.58,33.26,33.30,3043400,31.31
20121101,33.44,33.62,33.39,33.62,2581800,31.61
20121031,33.47,33.48,33.15,33.23,2785000,31.25
20121026,33.25,33.33,33.13,33.28,1822200,31.29
20121025,33.52,33.54,33.20,33.32,1053400,31.33
20121024,33.30,33.34,33.11,33.13,1802700,31.15
20121023,33.11,33.16,32.89,33.09,1957200,31.11
20121022,33.82,33.86,33.59,33.79,1726400,31.77
20121019,33.92,33.95,33.53,33.58,1499200,31.57
20121018,34.04,34.24,33.93,34.04,1059100,32.01
20121017,34.00,34.19,33.93,34.15,2130100,32.11
20121016,33.65,33.86,33.61,33.83,1565200,31.81
20121015,33.15,33.32,33.02,33.27,2301600,31.28
20121012,33.06,33.19,32.90,32.98,3246400,31.01
20121011,33.12,33.20,32.97,32.97,1325700,31.00
20121010,32.86,32.93,32.67,32.76,1519500,30.80
20121009,33.11,33.19,32.85,32.87,1828400,30.91
20121008,33.35,33.39,33.25,33.35,1190800,31.36
20121005,33.75,33.86,33.48,33.57,2176800,31.56
20121004,33.32,33.53,33.28,33.50,1830000,31.50
20121003,33.24,33.24,33.05,33.13,2950000,31.15
20121002,33.43,33.48,33.15,33.26,2683200,31.27
20121001,33.20,33.48,33.08,33.14,3551700,31.16
20120928,33.18,33.20,32.81,32.88,2942300,30.92
20120927,33.34,33.64,33.23,33.52,2226700,31.52
20120926,33.25,33.25,33.00,33.14,2871900,31.16
20120925,33.79,33.95,33.46,33.48,2958500,31.48
20120924,33.56,33.87,33.51,33.74,4354600,31.72
20120921,34.70,34.71,34.50,34.51,1709700,31.80
20120920,34.25,34.48,34.15,34.45,1444000,31.75
20120919,34.62,34.75,34.51,34.67,2096600,31.95
20120918,34.49,34.63,34.44,34.59,1609500,31.87
20120917,34.84,34.90,34.62,34.70,1982600,31.98
20120914,34.92,35.17,34.82,34.90,2774400,32.16
20120913,33.99,34.69,33.88,34.59,2335100,31.87
20120912,34.07,34.11,33.91,34.01,1737300,31.34
20120911,33.57,33.88,33.56,33.83,1914500,31.17
20120910,33.60,33.67,33.40,33.44,1610900,30.81
20120907,33.54,33.71,33.54,33.71,3006600,31.06
20120906,32.67,33.28,32.67,33.22,5047900,30.61
20120905,32.49,32.53,32.34,32.42,1904600,29.88
20120904,32.58,32.62,32.36,32.49,2790700,29.94
20120831,32.81,32.86,32.49,32.69,4279000,30.12
20120830,32.69,32.69,32.37,32.38,2153700,29.84
20120829,32.87,32.95,32.80,32.84,1616700,30.26
20120828,32.82,32.99,32.78,32.93,2531500,30.34
20120827,33.05,33.13,32.95,32.97,869600,30.38
20120824,32.77,33.10,32.69,32.93,5756200,30.34
20120823,33.07,33.12,32.90,32.97,2020500,30.38
20120822,32.93,33.24,32.89,33.15,2091300,30.55
20120821,33.26,33.45,33.12,33.19,2521800,30.58
20120820,32.96,33.04,32.84,33.00,3678200,30.41
20120817,33.11,33.12,32.94,33.11,1634600,30.51
20120816,32.80,33.08,32.71,33.00,1486700,30.41
20120815,32.64,32.74,32.61,32.63,862600,30.07
20120814,32.75,32.82,32.66,32.74,878200,30.17
20120813,32.75,32.81,32.55,32.67,1600900,30.11
20120810,32.52,32.82,32.45,32.82,1979400,30.24
20120809,32.66,32.86,32.63,32.76,1398800,30.19
20120808,32.56,32.82,32.55,32.78,2169500,30.21
20120807,32.75,32.92,32.73,32.77,2101800,30.20
20120806,32.41,32.61,32.36,32.48,1260400,29.93
20120803,31.88,32.35,31.87,32.28,1630000,29.75
20120802,31.30,31.57,30.98,31.23,1568100,28.78
20120801,31.85,31.93,31.63,31.67,2299200,29.18
20120731,31.80,31.88,31.62,31.65,2702900,29.17
20120730,31.70,31.92,31.69,31.81,2518000,29.31
20120727,31.46,32.00,31.43,31.89,1409500,29.39
20120726,31.11,31.25,31.04,31.20,1253000,28.75
20120725,30.37,30.43,30.14,30.28,1359700,27.90
20120724,30.40,30.44,29.91,30.10,1623000,27.74
20120723,30.26,30.53,30.15,30.45,1506900,28.06
20120720,31.25,31.28,31.07,31.10,1255500,28.66
20120719,31.72,31.88,31.64,31.80,1856100,29.30
20120718,31.19,31.58,31.19,31.54,1637200,29.06
20120717,31.30,31.39,30.92,31.31,1439000,28.85
20120716,31.13,31.30,30.97,31.20,1762800,28.75
20120713,30.79,31.27,30.79,31.21,1568100,28.76
20120712,30.68,30.85,30.52,30.76,1699100,28.35
20120711,31.09,31.22,30.93,31.11,4070000,28.67
20120710,31.34,31.40,30.93,30.98,3495500,28.55
20120709,31.14,31.24,31.01,31.23,2444700,28.78
20120706,31.32,31.37,31.11,31.29,2081100,28.83
20120705,31.61,31.70,31.45,31.63,2699300,29.15
20120703,31.81,32.14,31.77,32.12,4443000,29.60
20120702,31.68,31.83,31.54,31.79,6516100,29.29
20120629,31.47,31.62,31.36,31.57,3631700,29.09
20120628,30.21,30.53,30.11,30.49,3389500,28.10
20120627,30.27,30.51,30.21,30.46,2758800,28.07
20120626,30.16,30.27,29.92,30.17,3863700,27.80
20120625,30.15,30.17,29.94,30.00,2299200,27.65
20120622,30.69,30.74,30.48,30.70,1765200,28.29
20120621,31.13,31.20,30.38,30.40,2831700,28.01
20120620,31.13,31.41,30.94,31.22,4201200,28.77
20120619,30.84,31.21,30.80,31.00,4881000,28.57
20120618,30.45,30.62,30.37,30.52,1419000,28.12
20120615,30.32,30.63,30.29,30.59,2179300,28.19
20120614,29.93,30.28,29.87,30.12,2574000,27.76
20120613,29.95,30.23,29.88,29.96,1729400,27.61
20120612,29.95,30.20,29.70,30.19,2660400,27.82
20120611,30.28,30.29,29.65,29.67,2914900,27.34
20120608,29.60,30.01,29.53,29.94,2236700,27.59
20120607,30.43,30.44,30.00,30.05,1695300,27.69
20120606,29.44,30.03,29.42,29.99,2505000,27.64
20120605,28.98,29.22,28.96,29.15,2254100,26.86
20120604,29.03,29.13,28.80,29.00,2550900,26.72
20120601,28.99,29.13,28.75,28.77,4209200,26.51
20120531,29.53,29.61,29.18,29.51,3914400,27.19
20120530,29.62,29.63,29.34,29.39,2361500,27.08
20120529,30.08,30.22,29.86,30.08,2358900,27.72
20120525,29.66,29.86,29.66,29.73,1631800,27.40
20120524,30.00,30.05,29.63,29.82,5180800,27.48
20120523,29.90,30.03,29.50,30.03,3130500,27.67
20120522,30.41,30.62,30.14,30.29,2453400,27.91
20120521,29.94,30.40,29.90,30.40,1608000,28.01
20120518,30.04,30.09,29.67,29.72,2807700,27.39
20120517,30.30,30.33,29.95,29.97,2881300,27.62
20120516,30.63,30.79,30.31,30.34,3236300,27.96
20120515,30.87,31.01,30.59,30.64,2643400,28.23
20120514,31.14,31.27,31.03,31.05,2709900,28.61
20120511,31.45,31.90,31.45,31.61,1183900,29.13
20120510,31.99,32.03,31.77,31.83,2600000,29.33
20120509,31.44,31.84,31.29,31.68,2303700,29.19
20120508,32.17,32.19,31.71,32.07,2216700,29.55
20120507,32.32,32.59,32.29,32.53,1503300,29.98
20120504,32.66,32.71,32.30,32.31,2010500,29.77
20120503,33.06,33.10,32.77,32.84,1830900,30.26
20120502,32.96,33.17,32.84,33.13,3384600,30.53
20120501,33.17,33.51,33.16,33.39,3097500,30.77
20120430,33.30,33.31,33.11,33.22,5269800,30.61
20120427,33.41,33.51,33.26,33.41,1880700,30.79
20120426,33.00,33.38,32.96,33.33,2366700,30.71
20120425,33.09,33.17,32.93,33.12,1380400,30.52
20120424,32.57,32.83,32.54,32.70,1358400,30.13
20120423,32.45,32.50,32.19,32.43,2028100,29.88
20120420,33.01,33.18,32.97,33.09,1421600,30.49
20120419,32.93,33.12,32.59,32.76,1814600,30.19
20120418,32.91,33.11,32.87,32.94,2162800,30.35
20120417,32.95,33.23,32.82,33.13,1232000,30.53
20120416,32.62,32.75,32.39,32.60,1973000,30.04
20120413,32.77,32.77,32.37,32.40,2546500,29.86
20120412,32.62,33.08,32.59,33.05,1696900,30.46
20120411,32.64,32.69,32.41,32.42,4270600,29.88
20120410,32.59,32.67,32.00,32.03,2672500,29.52
20120409,32.54,32.78,32.51,32.68,2964700,30.11
20120405,32.80,33.05,32.77,32.86,2475400,30.28
20120404,33.14,33.21,32.87,33.06,2625400,30.46
20120403,34.22,34.23,33.63,33.80,3212100,31.15
20120402,33.88,34.50,33.80,34.42,7654700,31.72
20120330,34.00,34.05,33.81,34.03,5777800,31.36
20120329,33.67,33.79,33.48,33.75,14453700,31.10
20120328,34.23,34.25,33.80,33.98,1086100,31.31
20120327,34.45,34.45,34.19,34.20,1340600,31.52
20120326,34.20,34.42,34.19,34.39,1535000,31.69
20120323,33.68,33.96,33.52,33.93,1850500,31.27
20120322,33.61,33.80,33.56,33.72,1941300,31.07
20120321,34.08,34.09,33.83,33.97,1716900,31.29
20120320,34.10,34.24,33.97,34.17,1373700,31.48
20120319,34.32,34.67,34.29,34.59,1270100,31.86
20120316,34.42,34.53,34.39,34.42,1529100,31.71
20120315,33.97,34.22,33.86,34.18,1108400,31.49
20120314,34.05,34.14,33.77,33.85,1519900,31.18
20120313,33.75,34.17,33.70,34.16,2105600,31.47
20120312,33.54,33.65,33.39,33.61,1788200,30.96
20120309,33.62,33.79,33.58,33.68,2388300,31.03
20120308,33.63,33.94,33.53,33.81,2949100,31.15
20120307,32.93,33.14,32.84,33.10,2088000,30.49
20120306,32.99,33.02,32.62,32.70,2094600,30.12
20120305,33.89,33.89,33.67,33.76,1902100,31.10
20120302,34.05,34.06,33.86,33.95,1786600,31.27
20120301,34.09,34.34,34.08,34.29,2787100,31.59
20120229,34.45,34.50,33.91,33.93,3514000,31.26
20120228,34.11,34.36,34.04,34.35,2970700,31.64
20120227,33.77,34.12,33.68,34.01,2218700,31.33
20120224,34.13,34.32,34.12,34.23,1556600,31.53
20120223,33.78,34.02,33.61,34.00,1184400,31.32
20120222,33.75,33.84,33.64,33.73,1183700,31.07
20120221,33.93,34.02,33.76,33.81,1694300,31.15
20120217,33.81,33.86,33.61,33.79,1660500,31.13
20120216,33.13,33.66,33.08,33.65,5507700,31.00
20120215,33.44,33.47,33.17,33.21,2220300,30.59
20120214,33.23,33.31,32.96,33.18,1543600,30.57
20120213,33.42,33.48,33.29,33.41,1317300,30.78
20120210,33.06,33.13,32.93,33.03,1582300,30.43
20120209,33.72,33.74,33.49,33.65,1628800,31.00
20120208,33.56,33.66,33.39,33.59,1521700,30.94
20120207,33.25,33.52,33.12,33.46,2560600,30.82
20120206,33.09,33.27,33.05,33.23,1808200,30.61
20120203,33.09,33.42,33.07,33.38,2508400,30.75
20120202,32.92,33.02,32.81,32.91,1954800,30.32
20120201,32.77,33.01,32.73,32.84,2322500,30.25
20120131,32.53,32.53,32.13,32.35,3781600,29.80
20120130,32.02,32.21,31.96,32.15,2543200,29.62
20120127,32.41,32.61,32.39,32.53,2982600,29.97
20120126,32.77,32.81,32.41,32.50,2016100,29.94
20120125,31.97,32.53,31.82,32.42,2568900,29.87
20120124,31.89,32.16,31.82,32.10,2025200,29.57
20120123,32.20,32.36,32.10,32.26,2783900,29.72
20120120,31.95,32.11,31.90,32.10,1565300,29.57
20120119,31.80,31.97,31.68,31.95,1633000,29.43
20120118,31.24,31.60,31.20,31.58,1866200,29.09
20120117,31.10,31.24,31.01,31.02,3998200,28.58
20120113,30.67,30.72,30.33,30.72,2378000,28.30
20120112,31.03,31.10,30.79,31.02,1348500,28.58
20120111,30.77,30.93,30.64,30.93,2770400,28.49
20120110,31.04,31.08,30.94,31.03,1861100,28.58
20120109,30.61,30.62,30.32,30.53,1652200,28.12
20120106,30.73,30.73,30.33,30.46,2044000,28.06
20120105,30.77,30.85,30.59,30.82,2095900,28.39
20120104,31.29,31.35,31.07,31.27,2609200,28.81
20120103,31.26,31.57,31.25,31.45,8276700,28.97
20111230,30.48,30.70,30.45,30.63,2739900,28.22
20111229,30.04,30.52,30.03,30.51,4490100,28.11
20111228,30.45,30.45,29.94,29.99,4691400,27.63
20111227,30.57,30.59,30.44,30.50,3646100,28.10
20111223,30.48,30.66,30.41,30.66,2580100,28.24
20111222,30.17,30.42,30.12,30.41,3889000,28.01
20111221,30.16,30.18,29.89,30.17,4168800,27.79
20111220,31.00,31.38,30.97,31.33,2623600,27.90
20111219,30.76,30.79,30.25,30.31,4343500,26.99
20111216,30.77,30.88,30.43,30.59,3246500,27.24
20111215,30.90,30.95,30.59,30.72,2394800,27.35
20111214,30.76,30.85,30.44,30.55,3421000,27.20
20111213,31.46,31.70,30.79,30.93,2184000,27.54
20111212,31.61,31.61,31.18,31.32,1807100,27.89
20111209,31.82,32.31,31.80,32.25,1585800,28.72
20111208,32.15,32.18,31.46,31.56,2177900,28.10
20111207,32.16,32.68,32.03,32.58,1547700,29.01
20111206,32.35,32.59,32.23,32.37,1253800,28.82
20111205,32.79,32.79,32.28,32.50,2742700,28.94
20111202,32.51,32.52,32.13,32.16,2575800,28.64
20111201,32.24,32.42,31.97,32.05,2582100,28.54
20111130,32.05,32.40,31.97,32.38,2253900,28.83
20111129,30.75,30.97,30.64,30.81,1931000,27.43
20111128,30.60,30.76,30.45,30.61,1484500,27.26
20111125,29.46,29.77,29.36,29.38,723900,26.16
20111123,29.98,30.01,29.48,29.49,3763600,26.26
20111122,30.39,30.56,30.17,30.35,2171000,27.03
20111121,30.52,30.60,30.20,30.44,2855000,27.11
20111118,31.44,31.51,31.13,31.20,1388900,27.78
20111117,31.59,31.72,30.99,31.11,1673800,27.70
20111116,31.75,32.03,31.42,31.42,1503400,27.98
20111115,32.07,32.25,31.83,32.06,1365300,28.55
20111114,32.35,32.44,32.00,32.17,1221100,28.65
20111111,32.43,32.85,32.42,32.77,1360900,29.18
20111110,32.15,32.21,31.64,31.99,1348700,28.49
20111109,32.06,32.12,31.50,31.57,1570200,28.11
20111108,33.04,33.38,32.75,33.29,1319600,29.64
20111107,32.70,32.92,32.44,32.88,1025700,29.28
20111104,32.78,32.86,32.35,32.73,1232200,29.14
20111103,32.86,33.29,32.37,33.18,1111400,29.54
20111102,32.28,32.56,32.13,32.37,1692600,28.82
20111101,31.80,32.37,31.67,31.97,4668900,28.47
20111031,33.90,33.93,33.07,33.07,1616600,29.45
20111028,34.75,34.91,34.63,34.88,1289400,31.06
20111027,34.85,35.36,34.54,35.17,1668900,31.32
20111026,33.45,33.50,32.68,33.33,1406200,29.68
20111025,33.19,33.26,32.71,32.89,3678600,29.29
20111024,32.93,33.47,32.90,33.42,1212000,29.76
20111021,32.67,32.94,32.61,32.93,851900,29.32
20111020,32.15,32.19,31.65,32.10,1369100,28.58
20111019,32.43,32.57,32.01,32.08,2164900,28.57
20111018,32.12,32.84,31.76,32.58,2062600,29.01
20111017,32.66,32.68,32.10,32.19,1656500,28.66
20111014,32.84,33.01,32.63,32.95,1040900,29.34
20111013,32.37,32.60,32.07,32.56,1092800,28.99
20111012,32.54,32.88,32.45,32.59,1610200,29.02
20111011,31.75,32.09,31.66,32.01,1896000,28.50
20111010,31.75,32.15,31.72,32.14,763700,28.62
20111007,31.29,31.44,30.85,30.96,7407000,27.57
20111006,30.34,31.16,30.21,31.16,1728000,27.75
20111005,29.82,30.35,29.58,30.35,3780700,27.03
20111004,28.98,29.87,28.64,29.87,2856600,26.60
20111003,29.91,30.26,29.30,29.36,2992500,26.14
20110930,30.42,30.67,30.12,30.13,1721700,26.83
20110929,31.36,31.49,30.71,31.20,3167200,27.78
20110928,31.20,31.42,30.53,30.59,1974900,27.24
20110927,31.27,31.65,30.91,31.06,5214500,27.66
20110926,29.93,30.40,29.51,30.38,2451700,27.05
20110923,29.24,29.82,29.18,29.72,3466700,26.46
20110922,29.57,29.74,29.11,29.43,4772100,26.21
20110921,31.40,31.52,30.51,30.52,1987800,27.18
20110920,31.48,31.79,31.22,31.42,1843800,27.98
20110919,31.10,31.53,30.92,31.32,1509300,27.89
20110916,32.27,32.35,31.85,32.17,1964600,28.65
20110915,32.00,32.22,31.79,32.19,2423700,28.66
20110914,31.19,31.77,30.67,31.50,2219700,28.05
20110913,30.79,31.18,30.65,31.07,1797100,27.67
20110912,30.34,30.78,30.05,30.74,2943700,27.37
20110909,31.40,31.52,30.81,30.95,1943300,27.56
20110908,32.19,32.57,31.93,32.02,1469700,28.51
20110907,32.21,32.68,32.08,32.68,1606600,29.10
20110906,31.24,31.73,31.15,31.73,2630900,28.25
20110902,32.87,33.14,32.74,32.78,2224800,29.19
20110901,33.83,34.10,33.54,33.59,3222100,29.91
20110831,33.90,34.19,33.75,33.98,2682600,30.26
20110830,33.17,33.53,32.93,33.41,3707800,29.75
20110829,33.29,33.55,33.23,33.55,1354800,29.87
20110826,32.15,32.88,31.81,32.75,1740400,29.16
20110825,32.97,33.11,32.18,32.29,1946000,28.75
20110824,32.82,33.25,32.62,33.05,1771500,29.43
20110823,32.36,33.07,32.17,33.06,2421900,29.44
20110822,32.80,32.81,31.98,32.04,2224900,28.53
20110819,32.00,32.72,31.74,31.80,2124300,28.32
20110818,32.72,32.79,32.01,32.34,2823800,28.80
20110817,34.08,34.36,33.75,33.92,3713100,30.20
20110816,33.69,34.15,33.41,33.70,2519300,30.01
20110815,33.93,34.31,33.87,34.31,2238300,30.55
20110812,33.44,33.75,33.05,33.52,2832600,29.85
20110811,31.70,33.35,31.67,33.02,3561100,29.40
20110810,32.54,32.65,31.52,31.54,4453200,28.08
20110809,32.71,33.52,31.79,33.52,6185200,29.85
20110808,32.75,33.17,31.37,31.43,6240900,27.99
20110805,34.16,34.35,32.83,34.04,6495200,30.31
20110804,34.78,34.85,33.37,33.41,3557600,29.75
20110803,35.98,36.03,35.35,35.98,4428900,32.04
20110802,36.35,36.63,35.76,35.78,2201300,31.86
20110801,37.61,37.66,36.43,36.74,2005000,32.71
20110729,36.98,37.51,36.88,37.17,1491600,33.10
20110728,37.24,37.53,37.04,37.09,1812300,33.03
20110727,37.85,37.91,37.15,37.23,1144500,33.15
20110726,38.13,38.29,37.96,38.16,939400,33.98
20110725,37.91,38.09,37.84,37.92,1144300,33.77
20110722,38.10,38.21,37.88,38.18,1704300,34.00
20110721,37.72,38.18,37.60,38.10,1854400,33.93
20110720,37.17,37.34,36.98,37.30,916700,33.21
20110719,36.61,36.92,36.60,36.85,1250100,32.81
20110718,36.35,36.47,35.98,36.28,1183200,32.31
20110715,36.94,37.04,36.66,36.85,1046200,32.81
20110714,37.24,37.31,36.63,36.71,1025900,32.69
20110713,36.88,37.39,36.79,37.01,1155100,32.96
20110712,36.49,36.90,36.42,36.45,1419600,32.46
20110711,36.96,37.09,36.64,36.72,1270100,32.70
20110708,37.95,38.05,37.64,37.85,1182100,33.70
20110707,38.27,38.40,38.17,38.34,1154000,34.14
20110706,37.93,38.06,37.73,38.03,1060200,33.86
20110705,38.34,38.39,38.13,38.22,1475500,34.03
20110701,38.02,38.52,37.90,38.48,1100900,34.26
20110630,37.73,38.17,37.64,38.08,1135100,33.91
20110629,37.28,37.54,37.06,37.51,2111300,33.40
20110628,36.58,36.87,36.52,36.86,935600,32.82
20110627,36.05,36.52,36.01,36.42,1490600,32.43
20110624,36.48,36.49,36.04,36.11,1152700,32.15
20110623,36.14,36.47,35.89,36.44,3235200,32.45
20110622,37.00,37.23,36.80,36.80,3413800,32.77
20110621,36.78,37.23,36.72,37.21,1211400,33.13
20110620,36.24,36.47,36.19,36.42,1447200,32.43
20110617,36.53,36.60,36.32,36.44,1317300,32.45
20110616,36.00,36.23,35.75,36.08,2331600,32.13
20110615,36.65,36.80,36.07,36.16,3319500,32.20
20110614,37.35,37.58,37.30,37.44,1345300,33.34
20110613,36.83,37.01,36.59,36.80,1365700,32.77
20110610,37.27,37.30,36.61,36.70,2090600,32.68
20110609,37.35,37.70,37.26,37.64,1221300,33.52
20110608,37.43,37.54,37.17,37.22,2126300,33.14
20110607,37.86,38.00,37.69,37.69,1725000,33.56
20110606,37.77,37.81,37.37,37.39,4411400,33.29
20110603,37.49,38.10,37.48,37.89,8328100,33.74
20110602,37.84,37.94,37.45,37.89,1421900,33.74
20110601,38.39,38.41,37.63,37.66,2255900,33.53
20110531,38.44,38.56,38.20,38.55,6722800,34.33
20110527,37.76,37.93,37.68,37.80,1074000,33.66
20110526,37.37,37.62,37.12,37.54,1015300,33.43
20110525,36.77,37.28,36.77,37.18,1304700,33.11
20110524,36.98,37.13,36.80,36.90,1355500,32.86
20110523,36.74,36.86,36.56,36.70,1800000,32.68
20110520,37.86,37.91,37.45,37.57,1012800,33.45
20110519,38.03,38.17,37.79,38.15,993700,33.97
20110518,37.64,38.03,37.56,37.92,1085800,33.77
20110517,37.40,37.69,37.21,37.67,1514400,33.54
20110516,37.57,37.99,37.48,37.59,1973900,33.47
20110513,38.17,38.20,37.44,37.64,1492800,33.52
20110512,38.00,38.41,37.76,38.26,1445900,34.07
20110511,38.69,38.70,37.97,38.14,1872700,33.96
20110510,38.64,38.89,38.56,38.88,1316100,34.62
20110509,38.26,38.55,38.10,38.51,1240900,34.29
20110506,38.75,38.89,38.03,38.26,1359400,34.07
20110505,38.60,38.67,38.07,38.23,2900000,34.04
20110504,39.39,39.39,38.85,38.97,1383400,34.70
20110503,39.42,39.63,39.14,39.31,1229400,35.00
20110502,39.83,39.94,39.59,39.63,1610600,35.29
20110429,39.61,39.79,39.57,39.62,1100000,35.28
20110428,39.30,39.61,39.30,39.59,886300,35.25
20110427,38.97,39.36,38.74,39.32,1189000,35.01
20110426,38.66,38.90,38.57,38.84,864900,34.58
20110425,38.63,38.65,38.40,38.54,1180200,34.32
20110421,38.59,38.63,38.44,38.56,1267100,34.34
20110420,38.15,38.35,38.15,38.33,1869000,34.13
20110419,37.27,37.39,37.14,37.34,835600,33.25
20110418,37.08,37.13,36.65,37.07,3504300,33.01
20110415,37.79,37.91,37.60,37.84,3843800,33.69
20110414,37.59,37.97,37.56,37.89,3813000,33.74
20110413,38.04,38.05,37.63,37.73,1008300,33.60
20110412,37.81,37.84,37.51,37.60,895200,33.48
20110411,38.18,38.26,37.90,37.95,936900,33.79
20110408,38.14,38.23,37.95,38.03,4356000,33.86
20110407,37.81,37.94,37.51,37.74,1341400,33.61
20110406,37.76,37.96,37.76,37.91,936100,33.76
20110405,37.41,37.71,37.36,37.58,1428600,33.46
20110404,37.78,37.82,37.58,37.68,11924100,33.55
20110401,37.42,37.79,37.24,37.69,10739000,33.56
20110331,37.31,37.46,37.19,37.31,2101000,33.22
20110330,37.33,37.57,37.26,37.49,1493700,33.38
20110329,36.80,37.10,36.65,37.08,1101700,33.02
20110328,36.93,37.11,36.84,36.86,2234000,32.82
20110325,37.05,37.19,36.85,36.85,1470900,32.81
20110324,37.01,37.34,36.89,37.31,1402400,33.22
20110323,36.56,36.93,36.42,36.80,1508600,32.77
20110322,36.91,36.91,36.61,36.81,1203400,32.77
20110321,36.61,36.97,36.57,36.91,1557200,32.86
20110318,35.91,36.09,35.83,36.01,3537300,32.05
20110317,35.55,35.69,35.27,35.45,3009300,31.56
20110316,35.18,35.31,33.98,34.34,3354600,30.57
20110315,34.34,35.63,34.12,35.41,3665500,31.52
20110314,36.02,36.24,35.82,36.21,1790400,32.23
20110311,36.54,36.94,36.51,36.88,2293100,32.83
20110310,37.11,37.11,36.77,36.83,2104400,32.78
20110309,37.77,37.88,37.63,37.74,1494800,33.59
20110308,37.60,37.91,37.40,37.78,1394100,33.63
20110307,38.24,38.29,37.58,37.65,1461000,33.51
20110304,38.30,38.34,37.79,38.06,1925300,33.88
20110303,38.21,38.43,38.06,38.43,2036200,34.21
20110302,37.79,38.09,37.74,37.90,1130500,33.74
20110301,38.39,38.41,37.68,37.72,1801800,33.58
20110228,38.33,38.40,38.08,38.28,1194400,34.08
20110225,37.70,37.92,37.66,37.90,3874800,33.74
20110224,37.45,37.58,37.12,37.41,1420700,33.30
20110223,37.51,37.64,37.17,37.38,1577600,33.27
20110222,37.68,37.93,37.32,37.38,1872600,33.27
20110218,38.34,38.50,38.25,38.49,1450400,34.26
20110217,38.15,38.42,38.10,38.36,1762600,34.15
20110216,37.89,38.22,37.84,38.18,1923900,33.99
20110215,37.81,37.85,37.63,37.71,2584300,33.57
20110214,37.70,37.88,37.63,37.81,1511500,33.66
20110211,37.43,37.83,37.40,37.77,949200,33.62
20110210,37.50,37.77,37.36,37.75,907200,33.60
20110209,37.94,38.08,37.81,38.02,1453500,33.84
20110208,37.94,38.15,37.79,38.10,1901400,33.91
20110207,37.76,37.92,37.70,37.90,1472800,33.74
20110204,37.70,37.79,37.44,37.78,1132800,33.63
20110203,37.75,37.84,37.35,37.82,1323900,33.67
20110202,37.77,37.90,37.69,37.81,2894500,33.66
20110201,37.42,37.89,37.37,37.83,1579900,33.67
20110131,36.91,37.08,36.84,36.93,2606500,32.87
20110128,37.26,37.35,36.56,36.58,1472100,32.56
20110127,37.41,37.55,37.29,37.45,1253300,33.34
20110126,37.34,37.46,37.19,37.36,4434600,33.26
20110125,37.00,37.18,36.83,37.18,1191500,33.10
20110124,36.83,37.23,36.81,37.20,1068300,33.11
20110121,36.96,37.05,36.74,36.87,1876500,32.82
20110120,36.65,36.77,36.32,36.67,3130500,32.64
20110119,37.33,37.35,36.88,36.99,2791400,32.93
20110118,37.09,37.24,37.04,37.18,1742400,33.10
20110114,36.65,36.96,36.60,36.94,7490100,32.88
20110113,36.89,36.98,36.69,36.74,1302600,32.70
20110112,36.28,36.63,36.21,36.59,4087200,32.57
20110111,35.83,35.90,35.66,35.83,1607400,31.89
20110110,35.44,35.65,35.27,35.59,1443100,31.68
20110107,35.86,35.95,35.47,35.69,1836800,31.77
20110106,36.24,36.26,35.71,35.81,1353900,31.88
20110105,35.82,36.19,35.79,36.13,1307200,32.16
20110104,36.62,36.62,36.15,36.33,1552000,32.34
20110103,36.42,36.54,36.34,36.44,1142300,32.44
20101231,35.98,36.35,35.93,36.15,1668500,32.18
20101230,36.06,36.10,35.80,35.97,1966900,32.02
20101229,36.06,36.23,35.99,36.11,987100,32.14
20101228,35.98,35.98,35.72,35.79,1758900,31.86
20101227,35.65,35.80,35.56,35.80,1030200,31.87
20101223,35.80,35.89,35.75,35.84,2040600,31.90
20101222,35.83,35.89,35.75,35.89,1239700,31.95
20101221,36.72,36.74,36.64,36.66,1928900,31.84
20101220,36.50,36.50,36.23,36.40,1660800,31.62
20101217,36.35,36.35,36.10,36.32,1125000,31.55
20101216,36.34,36.55,36.20,36.50,944100,31.71
20101215,36.51,36.69,36.21,36.35,1729600,31.58
20101214,36.78,37.05,36.74,36.84,643000,32.00
20101213,36.66,36.95,36.58,36.76,1111400,31.93
20101210,36.24,36.40,36.10,36.37,1121300,31.59
20101209,36.32,36.32,36.04,36.25,876600,31.49
20101208,36.13,36.32,35.91,36.21,1028800,31.45
20101207,36.52,36.59,36.06,36.09,1139100,31.35
20101206,35.93,36.12,35.84,36.02,605800,31.29
20101203,35.91,36.25,35.87,36.21,1137600,31.45
20101202,35.16,35.92,35.13,35.92,876500,31.20
20101201,34.89,35.26,34.84,35.18,1965000,30.56
20101130,34.01,34.41,34.00,34.16,1300500,29.67
20101129,34.75,34.75,34.23,34.62,1324000,30.07
20101126,34.88,35.12,34.88,34.99,561900,30.39
20101124,35.28,35.54,35.28,35.53,826200,30.86
20101123,35.31,35.38,34.91,34.97,793200,30.38
20101122,36.01,36.21,35.66,36.08,741400,31.34
20101119,36.18,36.48,36.00,36.47,1104300,31.68
20101118,36.32,36.49,36.29,36.45,674300,31.66
20101117,35.50,35.73,35.45,35.57,774000,30.90
20101116,35.94,35.95,35.20,35.36,1700000,30.72
20101115,36.46,36.50,36.22,36.27,1407400,31.51
20101112,36.42,36.60,36.03,36.21,812400,31.45
20101111,36.47,36.56,36.30,36.55,778800,31.75
20101110,36.85,36.93,36.34,36.84,1048100,32.00
20101109,37.33,37.41,36.56,36.72,1358300,31.90
20101108,37.06,37.17,36.87,37.12,716900,32.24
20101105,37.29,37.45,37.13,37.31,1008900,32.41
20101104,37.35,37.50,37.25,37.47,1804100,32.55
20101103,36.44,36.65,36.04,36.64,2839400,31.83
20101102,36.32,36.44,36.23,36.35,656700,31.58
20101101,35.94,36.09,35.55,35.77,1282000,31.07
20101029,35.87,35.98,35.75,35.92,583200,31.20
20101028,35.99,36.01,35.73,35.91,595500,31.19
20101027,35.63,35.74,35.30,35.62,675500,30.94
20101026,35.84,36.00,35.73,35.97,778300,31.25
20101025,36.46,36.58,36.21,36.23,662300,31.47
20101022,36.15,36.20,35.98,36.09,646800,31.35
20101021,36.25,36.44,35.77,36.01,892800,31.28
20101020,35.75,36.30,35.69,36.20,851000,31.44
20101019,35.68,35.87,35.33,35.51,1187500,30.85
20101018,36.18,36.50,36.06,36.50,894100,31.71
20101015,36.45,36.48,35.98,36.28,1349400,31.51
20101014,36.35,36.46,36.14,36.34,1231400,31.57
20101013,36.00,36.28,35.93,36.10,695800,31.36
20101012,35.51,35.77,35.23,35.70,842500,31.01
20101011,35.89,35.91,35.66,35.77,730200,31.07
20101008,35.67,35.88,35.53,35.82,1010500,31.11
20101007,35.96,35.96,35.40,35.60,878200,30.92
20101006,35.59,35.71,35.48,35.66,785000,30.98
20101005,35.05,35.50,34.96,35.40,1450700,30.75
20101004,34.64,34.74,34.28,34.45,1096200,29.92
20101001,34.92,34.97,34.61,34.91,4292300,30.32
20100930,35.03,35.10,34.37,34.52,1569200,29.99
20100929,34.86,34.99,34.70,34.83,856300,30.25
20100928,34.73,34.96,34.38,34.90,1111200,30.32
20100927,34.86,34.87,34.65,34.69,790000,30.13
20100924,34.58,34.92,34.54,34.85,742400,30.27
20100923,33.87,34.23,33.82,33.91,857000,29.46
20100922,34.46,34.62,34.18,34.29,991300,29.79
20100921,34.35,34.59,34.02,34.32,3330800,29.81
20100920,33.91,34.37,33.82,34.32,798400,29.81
20100917,33.92,33.97,33.60,33.68,1866400,29.26
20100916,33.85,33.97,33.74,33.93,1233200,29.47
20100915,33.82,34.12,33.71,34.12,761000,29.64
20100914,33.72,34.20,33.63,34.08,677400,29.60
20100913,33.74,33.87,33.68,33.87,1711600,29.42
20100910,33.18,33.30,33.13,33.26,575400,28.89
20100909,33.36,33.40,33.00,33.17,809200,28.81
20100908,32.81,33.08,32.81,32.88,1016500,28.56
20100907,32.85,32.85,32.58,32.65,1114200,28.36
20100903,32.99,33.19,32.84,33.07,1260500,28.73
20100902,32.54,32.77,32.48,32.76,697200,28.46
20100901,32.28,32.69,32.18,32.59,1428300,28.31
20100831,31.33,31.67,31.23,31.48,1178700,27.34
20100830,31.59,31.74,31.36,31.39,2082400,27.27
20100827,31.58,31.87,31.14,31.81,1437400,27.63
20100826,31.40,31.57,31.09,31.17,1274500,27.08
20100825,30.90,31.28,30.76,31.18,1279000,27.08
20100824,31.21,31.38,30.96,31.17,2530800,27.08
20100823,31.88,32.04,31.62,31.66,998400,27.50
20100820,31.70,31.75,31.50,31.71,849900,27.54
20100819,32.52,32.61,31.82,32.10,2869100,27.88
20100818,32.57,32.73,32.38,32.53,970300,28.26
20100817,32.53,32.69,32.34,32.51,965300,28.24
20100816,31.91,32.29,31.84,32.13,500000,27.91
20100813,32.02,32.19,31.89,31.89,530200,27.70
20100812,31.80,32.10,31.77,32.02,1082900,27.81
20100811,32.51,32.51,32.00,32.04,1338100,27.83
20100810,33.25,33.72,33.06,33.61,951100,29.20
20100809,33.87,33.92,33.73,33.85,1076400,29.40
20100806,33.47,33.78,33.36,33.76,597400,29.33
20100805,33.56,33.67,33.38,33.66,594500,29.24
20100804,33.62,33.75,33.42,33.63,659800,29.21
20100803,33.55,33.75,33.39,33.66,1392600,29.24
20100802,33.34,33.76,33.27,33.72,922900,29.29
20100730,32.30,32.80,32.29,32.65,1200700,28.36
20100729,32.98,33.14,32.42,32.68,757200,28.39
20100728,32.66,32.73,32.46,32.53,649400,28.26
20100727,32.86,32.86,32.49,32.74,879700,28.44
20100726,32.21,32.64,32.16,32.64,952000,28.35
20100723,31.96,32.40,31.89,32.39,2056800,28.14
20100722,31.75,32.14,31.73,32.04,953600,27.83
20100721,31.55,31.60,30.89,30.97,1098100,26.90
20100720,30.89,31.59,30.84,31.53,811500,27.39
20100719,31.44,31.47,31.05,31.35,659000,27.23
20100716,31.79,31.79,31.08,31.12,1013900,27.03
20100715,32.05,32.21,31.66,32.16,1043300,27.94
20100714,31.82,32.03,31.67,31.95,1190200,27.75
20100713,31.74,31.95,31.65,31.91,797100,27.72
20100712,31.18,31.38,31.11,31.36,926400,27.24
20100709,31.14,31.45,31.08,31.45,778400,27.32
20100708,31.21,31.43,31.00,31.43,857800,27.30
20100707,30.31,31.14,30.29,31.07,1324600,26.99
20100706,30.44,30.62,29.96,30.10,2068100,26.15
20100702,29.77,29.89,29.34,29.52,1073100,25.64
20100701,29.57,29.66,29.14,29.58,6058100,25.69
20100630,29.42,29.74,29.21,29.24,1068000,25.40
20100629,29.93,29.93,29.29,29.36,1578700,25.50
20100628,30.59,30.85,30.40,30.46,834700,26.46
20100625,30.54,30.78,30.27,30.69,876500,26.66
20100624,30.83,30.90,30.44,30.51,962300,26.50
20100623,31.14,31.27,30.70,31.05,1111300,26.97
20100622,31.35,31.45,30.79,30.87,881900,26.81
20100621,31.76,31.79,31.15,31.27,789100,27.16
20100618,31.23,31.40,31.15,31.24,607200,27.14
20100617,31.33,31.36,30.99,31.28,1107700,27.17
20100616,30.99,31.33,30.89,31.24,768600,27.14
20100615,30.88,31.36,30.77,31.32,1020200,27.21
20100614,30.60,30.79,30.33,30.36,1451400,26.37
20100611,29.79,30.20,29.75,30.19,1377100,26.22
20100610,29.78,30.15,29.66,30.12,1523700,26.16
20100609,29.18,29.48,28.75,28.90,1225900,25.10
20100608,28.64,29.03,28.45,28.98,2864400,25.17
20100607,29.11,29.22,28.51,28.52,3519900,24.77
20100604,29.52,29.64,28.82,28.95,14135200,25.15
20100603,30.49,30.51,29.98,30.18,2029500,26.22
20100602,29.63,30.34,29.47,30.34,1032700,26.35
20100601,29.57,30.25,29.44,29.44,2028000,25.57
20100528,30.23,30.30,29.68,29.78,1105400,25.87
20100527,29.83,30.38,29.63,30.38,1401500,26.39
20100526,29.31,29.49,28.67,28.77,1782200,24.99
20100525,28.41,29.24,28.31,29.24,2889100,25.40
20100524,29.61,29.84,29.29,29.30,1346800,25.45
20100521,29.04,30.10,28.97,29.97,2222300,26.03
20100520,29.47,29.83,29.01,29.03,2292400,25.22
20100519,30.17,30.49,29.86,30.41,2361500,26.42
20100518,31.21,31.28,30.08,30.20,1437200,26.23
20100517,31.06,31.17,30.24,30.87,3641500,26.81
20100514,31.45,31.50,30.66,30.95,1608400,26.88
20100513,32.04,32.24,31.79,31.83,2144800,27.65
20100512,32.21,32.40,32.09,32.22,2552600,27.99
20100511,31.61,32.33,31.53,31.91,8357700,27.72
20100510,32.37,32.60,32.03,32.33,2894100,28.08
20100507,30.87,31.07,29.80,30.36,3775100,26.37
20100506,31.67,31.88,26.98,30.43,2733300,26.43
20100505,31.77,32.25,31.72,31.94,1871600,27.74
20100504,32.98,33.00,32.40,32.50,1481000,28.23
20100503,33.75,33.99,33.64,33.84,1021600,29.39
20100430,34.12,34.13,33.59,33.66,1583800,29.24
20100429,33.93,34.17,33.86,34.10,1094100,29.62
20100428,33.80,33.88,33.22,33.52,1939000,29.12
20100427,34.40,34.67,33.48,33.55,4184500,29.14
20100426,34.93,35.06,34.87,34.93,1404400,30.34
20100423,34.52,34.89,34.41,34.86,1395000,30.28
20100422,34.38,34.69,34.20,34.63,698500,30.08
20100421,35.05,35.12,34.79,34.97,965300,30.38
20100420,35.28,35.30,35.12,35.24,512600,30.61
20100419,34.70,35.00,34.55,34.97,538600,30.38
20100416,35.55,35.68,34.90,35.04,1077700,30.44
20100415,35.63,35.90,35.58,35.88,812100,31.17
20100414,35.68,35.90,35.55,35.85,665000,31.14
20100413,35.48,35.49,35.14,35.40,476100,30.75
20100412,35.36,35.53,35.35,35.44,747100,30.78
20100409,34.90,35.35,34.90,35.30,2322400,30.66
20100408,34.46,34.83,34.36,34.79,512100,30.22
20100407,34.87,34.95,34.68,34.76,907100,30.19
20100406,34.77,35.12,34.72,35.12,1032200,30.51
20100405,35.15,35.25,35.04,35.08,3538400,30.47
20100401,34.98,35.14,34.90,35.13,5545900,30.52
20100331,34.49,34.71,34.36,34.62,641000,30.07
20100330,34.65,34.77,34.42,34.59,843600,30.05
20100329,34.40,34.58,34.36,34.56,647700,30.02
20100326,34.23,34.41,34.06,34.21,2484300,29.72
20100325,34.29,34.38,33.94,34.00,782600,29.53
20100324,33.99,34.09,33.85,33.96,760800,29.50
20100323,34.31,34.58,34.17,34.58,1893700,30.04
20100322,33.78,34.33,33.73,34.30,1212900,29.78
20100319,34.23,34.56,34.05,34.23,3199500,29.72
20100318,34.68,34.71,34.37,34.59,803000,30.04
20100317,34.77,34.94,34.69,34.80,1089700,30.22
20100316,34.32,34.65,34.22,34.60,2640600,30.05
20100315,34.17,34.22,33.92,34.20,731100,29.70
20100312,34.49,34.50,34.26,34.41,1371800,29.88
20100311,34.05,34.25,33.89,34.25,707000,29.74
20100310,33.97,34.21,33.88,34.14,635400,29.65
20100309,33.74,34.06,33.64,33.92,829400,29.45
20100308,34.14,34.14,33.88,34.02,719300,29.54
20100305,33.58,34.55,33.52,34.11,939700,29.62
20100304,33.49,33.53,33.18,33.36,845200,28.97
20100303,33.31,33.64,33.25,33.53,775300,29.12
20100302,33.07,33.25,32.90,33.06,1060800,28.71
20100301,32.67,32.87,32.51,32.82,574500,28.50
20100226,32.30,32.65,32.08,32.58,828100,28.29
20100225,31.91,32.37,31.78,32.36,944900,28.10
20100224,32.41,32.69,32.28,32.49,541600,28.21
20100223,32.65,32.71,32.22,32.39,1400600,28.13
20100222,32.93,32.94,32.69,32.76,635700,28.45
20100219,32.42,32.78,32.33,32.71,919500,28.40
20100218,32.60,33.01,32.57,33.01,1493700,28.66
20100217,32.79,32.86,32.57,32.71,1256000,28.40
20100216,32.19,32.73,31.97,32.67,753200,28.37
20100212,31.69,32.16,31.52,32.16,786200,27.93
20100211,31.81,32.31,31.59,32.24,697700,28.00
20100210,32.01,32.11,31.63,31.97,1048500,27.76
20100209,31.90,32.45,31.59,32.17,1529900,27.94
20100208,31.40,31.75,31.17,31.24,939300,27.13
20100205,31.62,31.73,30.83,31.52,1681300,27.37
20100204,32.60,32.64,31.80,31.80,1747700,27.61
20100203,33.28,33.43,33.03,33.09,879600,28.73
20100202,33.24,33.60,33.09,33.60,799700,29.18
20100201,32.88,33.03,32.82,32.96,2295000,28.62
20100129,32.96,33.13,32.34,32.34,1481000,28.08
20100128,33.47,33.48,32.66,32.91,990700,28.58
20100127,33.32,33.48,33.02,33.46,735100,29.06
20100126,33.43,33.78,33.32,33.53,1246800,29.12
20100125,33.82,33.96,33.60,33.71,744200,29.27
20100122,33.82,33.98,33.21,33.22,1406400,28.85
20100121,34.66,34.70,33.72,33.98,1492100,29.51
20100120,34.92,34.92,34.34,34.70,916300,30.13
20100119,35.14,35.65,35.08,35.61,514600,30.92
20100115,35.57,35.58,35.05,35.22,764900,30.58
20100114,35.57,35.84,35.50,35.80,2226300,31.09
20100113,35.44,35.65,35.17,35.60,674100,30.91
20100112,35.28,35.42,35.13,35.27,658500,30.63
20100111,35.73,35.76,35.51,35.68,813900,30.98
20100108,35.15,35.48,35.04,35.46,710000,30.79
20100107,34.99,35.08,34.79,35.08,811700,30.46
20100106,35.04,35.23,35.01,35.15,2264900,30.52
20100105,35.16,35.27,34.96,35.14,881800,30.51
20100104,35.18,35.19,34.88,35.12,2165800,30.50
20091231,34.60,34.70,34.16,34.20,902000,29.70
20091230,34.24,34.49,34.17,34.49,1453100,29.95
20091229,34.72,34.73,34.39,34.51,1272500,29.97
20091228,34.52,34.52,34.38,34.50,789800,29.96
20091224,34.31,34.40,34.27,34.36,525000,29.84
20091223,34.88,35.01,34.73,35.01,864900,29.71
20091222,34.59,34.74,34.49,34.68,955400,29.43
20091221,34.34,34.62,34.34,34.48,737100,29.26
20091218,34.36,34.50,33.99,34.30,1056200,29.11
20091217,34.53,34.54,34.18,34.26,1050600,29.07
20091216,35.06,35.29,34.98,35.11,1005000,29.79
20091215,34.70,34.87,34.63,34.72,871000,29.46
20091214,35.03,35.12,34.89,35.06,812000,29.75
20091211,34.88,34.90,34.67,34.79,751500,29.52
20091210,34.92,34.94,34.64,34.74,665700,29.48
20091209,34.62,34.76,34.28,34.76,642400,29.50
20091208,34.86,34.95,34.57,34.68,666300,29.43
20091207,35.31,35.60,35.23,35.28,901900,29.94
20091204,35.95,36.09,35.26,35.49,972600,30.12
20091203,35.92,36.10,35.54,35.62,1004500,30.23
20091202,35.65,35.88,35.54,35.69,997700,30.29
20091201,35.41,35.75,35.32,35.65,653100,30.25
20091130,34.60,34.88,34.36,34.72,1428000,29.46
20091127,34.07,34.80,34.03,34.52,383500,29.29
20091125,35.24,35.61,35.24,35.61,564600,30.22
20091124,35.25,35.34,34.87,35.06,789100,29.75
20091123,35.43,35.52,35.16,35.25,758600,29.91
20091120,34.45,34.70,34.39,34.61,2961200,29.37
20091119,35.03,35.16,34.59,34.79,1222500,29.52
20091118,35.68,35.68,35.32,35.54,472800,30.16
20091117,35.54,35.80,35.31,35.63,987000,30.24
20091116,35.65,36.10,35.59,35.89,1021700,30.46
20091113,35.04,35.42,34.85,35.34,742300,29.99
20091112,35.25,35.40,34.76,34.82,638700,29.55
20091111,35.53,35.64,35.20,35.37,500400,30.01
20091110,35.09,35.31,34.98,35.28,1059700,29.94
20091109,35.10,35.44,35.02,35.38,1097100,30.02
20091106,34.11,34.52,34.04,34.46,584900,29.24
20091105,34.30,34.54,34.16,34.38,477500,29.17
20091104,33.95,34.24,33.84,34.07,850000,28.91
20091103,33.06,33.61,33.04,33.58,1286300,28.50
20091102,33.66,34.13,33.30,33.70,1076900,28.60
20091030,34.38,34.44,33.33,33.35,4095500,28.30
20091029,33.90,34.68,33.90,34.56,653000,29.33
20091028,34.12,34.22,33.47,33.54,560400,28.46
20091027,34.74,34.85,34.35,34.46,776800,29.24
20091026,35.32,35.58,34.54,34.64,577500,29.40
20091023,35.68,35.77,35.05,35.20,667700,29.87
20091022,35.42,35.89,35.13,35.79,528600,30.37
20091021,35.51,36.01,35.43,35.43,2083600,30.07
20091020,35.87,35.88,35.30,35.56,713600,30.18
20091019,35.47,35.85,35.38,35.76,373200,30.35
20091016,35.15,35.29,34.95,35.18,729100,29.85
20091015,35.42,35.73,35.31,35.72,454300,30.31
20091014,35.45,35.61,35.27,35.59,471000,30.20
20091013,34.78,34.82,34.50,34.75,481300,29.49
20091012,34.95,35.03,34.70,34.76,379000,29.50
20091009,34.58,34.64,34.42,34.56,784000,29.33
20091008,34.63,34.90,34.40,34.70,888300,29.45
20091007,34.07,34.17,33.89,34.17,553200,29.00
20091006,33.88,34.30,33.84,34.05,2307000,28.89
20091005,33.05,33.61,32.99,33.50,750900,28.43
20091002,32.91,33.27,32.84,33.03,1572300,28.03
20091001,34.08,34.12,33.33,33.33,4047900,28.28
20090930,34.45,34.56,33.97,34.30,1009500,29.11
20090929,34.32,34.44,34.09,34.26,653800,29.07
20090928,34.11,34.63,34.07,34.45,1370300,29.23
20090925,34.14,34.32,33.93,34.15,719100,28.98
20090924,34.88,34.92,33.94,34.15,1084700,28.98
20090923,35.14,35.25,34.59,34.74,1287200,29.48
20090922,35.03,35.03,34.78,34.92,710000,29.63
20090921,34.24,34.54,34.15,34.48,482500,29.26
20090918,35.00,35.00,34.68,34.86,1323900,29.58
20090917,34.77,35.00,34.59,34.80,3352800,29.53
20090916,34.61,35.02,34.51,35.01,3050200,29.71
20090915,34.09,34.35,33.85,34.11,723400,28.95
20090914,33.80,34.22,33.72,34.20,816800,29.02
20090911,34.68,34.68,34.03,34.11,842300,28.95
20090910,33.92,34.32,33.67,34.22,1076300,29.04
20090909,33.78,34.05,33.68,33.95,2298900,28.81
20090908,33.55,33.70,33.37,33.52,1055100,28.44
20090904,32.45,32.97,32.29,32.89,444100,27.91
20090903,32.54,32.55,32.17,32.49,1102400,27.57
20090902,32.07,32.36,31.96,32.24,485500,27.36
20090901,32.72,33.10,32.09,32.20,2280100,27.32
20090831,32.98,34.27,32.78,33.00,457200,28.00
20090828,33.57,33.59,33.13,33.24,598800,28.21
20090827,32.89,33.33,32.58,33.22,453000,28.19
20090826,32.90,32.98,32.67,32.96,664200,27.97
20090825,33.14,33.40,33.07,33.12,538600,28.11
20090824,33.01,33.13,32.77,32.83,571200,27.86
20090821,32.67,32.95,32.60,32.84,519500,27.87
20090820,31.95,32.32,31.87,32.21,698000,27.33
20090819,31.28,32.00,31.20,31.88,345100,27.05
20090818,31.35,31.75,31.27,31.63,513800,26.84
20090817,31.21,31.22,31.00,31.11,490200,26.40
20090814,32.53,32.53,31.91,32.17,694500,27.30
20090813,32.33,32.48,32.10,32.45,1127100,27.54
20090812,31.47,32.15,31.47,31.94,507500,27.10
20090811,31.63,31.64,31.36,31.54,509900,26.76
20090810,31.82,31.90,31.58,31.76,576600,26.95
20090807,32.10,32.16,31.88,31.99,532600,27.15
20090806,32.23,32.26,31.70,32.06,520200,27.21
20090805,32.14,32.28,31.71,32.28,873100,27.39
20090804,32.08,32.39,31.97,32.39,1077400,27.49
20090803,32.16,32.45,31.27,32.43,798800,27.52
20090731,31.31,31.74,31.16,31.58,720900,26.80
20090730,31.20,31.37,30.96,31.14,386400,26.43
20090729,30.71,30.76,30.35,30.42,1232600,25.81
20090728,30.70,30.83,30.42,30.78,1095700,26.12
20090727,30.72,30.94,30.54,30.88,510300,26.20
20090724,30.68,30.87,30.46,30.87,566500,26.20
20090723,30.16,30.86,30.12,30.61,1103400,25.98
20090722,29.91,30.32,29.84,30.17,509700,25.60
20090721,30.29,30.31,29.78,30.06,788000,25.51
20090720,29.81,29.98,29.63,29.91,633100,25.38
20090717,29.30,29.46,29.17,29.40,895000,24.95
20090716,29.19,29.54,29.08,29.44,536600,24.98
20090715,28.84,29.22,28.78,28.97,793600,24.58
20090714,28.23,28.31,27.97,28.12,385900,23.86
20090713,27.72,28.13,27.46,28.05,440100,23.80
20090710,27.51,27.68,27.33,27.55,524200,23.38
20090709,27.99,28.10,27.71,28.10,870700,23.85
20090708,27.78,27.81,27.24,27.54,631800,23.37
20090707,28.22,28.27,27.65,27.69,892500,23.50
20090706,28.00,28.43,27.95,28.39,714200,24.09
20090702,28.65,28.86,28.26,28.35,1562800,24.06
20090701,29.15,29.45,29.08,29.24,3855600,24.81
20090630,29.02,29.07,28.50,28.56,1296600,24.24
20090629,28.90,29.11,28.73,28.88,495400,24.51
20090626,28.82,28.89,28.56,28.78,676200,24.42
20090625,28.04,28.79,28.00,28.78,720800,24.42
20090624,28.60,28.76,28.08,28.08,762000,23.83
20090623,28.19,28.31,27.88,28.22,615500,23.95
20090622,28.41,28.42,27.70,27.76,1146600,23.56
20090619,28.68,28.81,28.55,28.68,596700,24.34
20090618,28.19,28.55,28.10,28.33,718400,24.04
20090617,28.23,28.50,27.92,28.30,856500,24.02
20090616,28.76,28.79,28.22,28.27,492200,23.99
20090615,29.02,29.02,28.34,28.59,828500,24.26
20090612,29.49,29.65,29.29,29.58,815600,25.10
20090611,29.46,30.06,29.46,29.71,599900,25.21
20090610,29.64,29.64,28.89,29.22,599800,24.80
20090609,28.95,29.27,28.84,29.11,647800,24.70
20090608,28.62,29.02,28.37,28.82,643300,24.46
20090605,29.42,29.42,28.78,28.99,906100,24.60
20090604,29.18,29.37,28.99,29.32,443800,24.88
20090603,29.45,29.45,28.83,29.21,1449800,24.79
20090602,29.61,30.08,29.61,30.07,700200,25.52
20090601,29.66,30.01,29.58,29.79,686600,25.28
20090529,28.84,29.09,28.64,29.09,596500,24.69
20090528,28.45,28.58,28.02,28.47,815400,24.16
20090527,28.82,28.82,28.16,28.27,2082700,23.99
20090526,28.25,28.86,27.82,28.74,543200,24.39
20090522,28.26,28.39,28.09,28.24,460900,23.96
20090521,27.94,28.12,27.78,28.02,978500,23.78
20090520,28.35,28.72,28.23,28.29,638900,24.01
20090519,28.02,28.28,27.96,28.09,2622400,23.84
20090518,27.56,27.97,27.40,27.91,916500,23.68
20090515,27.18,27.41,26.80,26.85,2771800,22.78
20090514,26.83,27.35,26.80,27.17,1671300,23.06
20090513,27.19,27.21,26.78,26.85,694900,22.78
20090512,27.89,28.01,27.44,27.80,648900,23.59
20090511,27.68,27.72,27.44,27.57,907700,23.40
20090508,27.70,28.29,27.53,28.21,573800,23.94
20090507,27.81,27.81,26.90,27.10,919300,23.00
20090506,27.40,27.57,27.02,27.51,1139600,23.34
20090505,27.02,27.06,26.69,26.69,527800,22.65
20090504,26.69,27.09,26.25,27.06,973100,22.96
20090501,25.83,26.09,25.71,26.09,840500,22.14
20090430,25.97,26.17,25.61,25.73,1008800,21.83
20090429,25.40,25.88,25.32,25.67,939500,21.78
20090428,24.73,25.18,24.64,24.98,566900,21.20
20090427,25.06,25.49,25.00,25.16,869900,21.35
20090424,25.46,25.69,25.32,25.49,891400,21.63
20090423,24.81,25.11,24.58,25.08,762300,21.28
20090422,24.29,24.90,24.21,24.45,990100,20.75
20090421,23.84,24.68,23.83,24.61,115500,20.88
20090420,24.58,24.80,24.06,24.08,693600,20.43
20090417,25.26,25.30,25.01,25.17,557500,21.36
20090416,25.16,25.34,24.90,25.18,543600,21.37
20090415,24.60,25.10,24.53,25.03,2630400,21.24
20090414,24.77,25.03,24.66,24.74,1233400,20.99
20090413,24.64,25.18,24.52,24.92,900800,21.15
20090409,24.70,24.70,24.38,24.67,967600,20.93
20090408,24.04,24.25,23.79,24.06,971400,20.42
20090407,23.96,24.10,23.76,23.86,1305100,20.25
20090406,24.32,24.42,24.03,24.36,6231100,20.67
20090403,24.63,24.83,24.40,24.80,7329200,21.05
20090402,24.40,25.06,24.40,24.68,1290100,20.94
20090401,22.84,23.68,22.82,23.62,1999500,20.04
20090331,22.79,23.29,22.69,23.01,1882800,19.53
20090330,22.59,22.59,22.19,22.42,999100,19.03
20090327,23.47,23.49,23.19,23.27,2584900,19.75
20090326,23.97,24.21,23.70,24.05,1434700,20.41
20090325,23.53,24.09,23.26,23.76,969100,20.16
20090324,23.51,24.85,23.34,23.34,1061000,19.81
20090323,23.30,24.15,23.17,24.10,860200,20.45
20090320,22.79,23.71,22.41,22.51,1675900,19.09
20090319,23.36,23.40,22.77,22.84,1372300,19.37
20090318,21.94,22.95,21.72,22.85,1547800,19.37
20090317,21.58,22.22,21.47,22.20,1695500,18.82
20090316,21.78,22.11,21.59,21.64,697500,18.35
20090313,21.41,21.46,21.06,21.36,1008500,18.11
20090312,20.53,21.31,20.41,21.31,1062000,18.07
20090311,20.95,21.11,20.58,20.76,834900,17.60
20090310,20.20,20.78,20.15,20.65,1298000,17.51
20090309,19.31,19.76,19.27,19.44,1779300,16.48
20090306,20.25,20.38,19.48,19.97,2955000,16.93
20090305,20.20,20.42,19.70,19.93,1215400,16.90
20090304,20.56,21.02,20.33,20.77,1615400,17.61
20090303,20.25,20.43,19.77,19.94,2168000,16.91
20090302,20.95,20.95,20.03,20.10,2986900,17.04
20090227,21.42,21.69,21.03,21.24,1506300,18.01
20090226,21.81,21.96,21.25,21.30,1604500,18.06
20090225,21.71,21.82,21.15,21.48,1760300,18.21
20090224,21.35,22.11,21.10,21.99,1644900,18.64
20090223,22.12,22.17,21.15,21.17,1590200,17.95
20090220,21.90,22.25,21.56,22.00,1801500,18.65
20090219,22.78,22.90,22.18,22.25,1407900,18.87
20090218,22.53,22.53,22.05,22.28,1278500,18.89
20090217,22.57,22.65,22.25,22.31,952000,18.92
20090213,23.73,23.90,23.54,23.57,885800,19.98
20090212,23.44,23.85,23.17,23.82,922800,20.20
20090211,24.02,24.10,23.56,23.86,919800,20.23
20090210,24.62,24.79,23.54,23.64,1112200,20.04
20090209,24.89,25.03,24.68,24.87,846500,21.09
20090206,24.38,24.99,24.34,24.82,787600,21.04
20090205,23.79,24.49,23.64,24.25,728900,20.56
20090204,24.13,24.54,23.87,23.96,907000,20.32
20090203,23.70,24.24,23.49,24.06,701200,20.40
20090202,22.75,23.55,22.75,23.45,927800,19.88
20090130,24.12,24.16,23.49,23.62,1541000,20.03
20090129,24.35,24.39,23.81,23.88,681000,20.25
20090128,24.92,25.16,24.75,25.02,1051300,21.21
20090127,24.16,24.40,23.92,24.22,1706400,20.54
20090126,23.62,24.16,23.56,23.87,1169600,20.24
20090123,22.65,23.56,22.65,23.33,1275700,19.78
20090122,23.31,23.76,23.08,23.55,1155600,19.97
20090121,23.47,24.12,23.19,24.07,1297200,20.41
20090120,24.05,24.07,23.00,23.00,1887500,19.50
20090116,25.21,25.30,24.27,24.86,967600,21.08
20090115,24.58,24.87,23.96,24.67,1572000,20.92
20090114,24.86,24.86,24.35,24.39,1340500,20.68
20090113,25.49,25.72,25.31,25.51,973200,21.63
20090112,26.49,26.50,25.87,25.98,1049400,22.03
20090109,27.21,27.21,26.60,26.63,1091400,22.58
20090108,27.10,27.48,26.93,27.46,667500,23.28
20090107,27.41,27.54,26.94,27.14,1378600,23.01
20090106,27.42,27.79,27.18,27.47,1117200,23.29
20090105,27.27,27.50,27.10,27.23,2312300,23.09
20090102,27.36,27.83,27.18,27.64,1257800,23.44
20081231,26.99,27.68,26.86,27.47,3225000,23.29
20081230,26.62,27.14,26.56,27.12,4274100,22.99
20081229,26.77,26.77,26.11,26.28,1950700,22.28
20081226,26.40,26.41,26.06,26.24,1375500,22.25
20081224,26.27,26.27,25.82,26.16,2336700,22.18
20081223,26.98,27.23,26.53,26.72,3685200,21.88
20081222,27.33,27.39,26.55,27.01,5693600,22.12
20081219,27.29,27.59,26.92,27.09,3848700,22.18
20081218,28.22,28.26,27.10,27.42,3844800,22.45
20081217,27.91,28.60,27.83,28.36,3435800,23.22
20081216,28.48,28.58,26.88,28.48,3046400,23.32
20081215,26.98,27.01,26.51,26.92,1903700,22.04
20081212,27.08,27.08,26.04,26.88,3371500,22.01
20081211,26.78,27.17,26.34,26.95,2744500,22.07
20081210,26.46,27.46,26.26,26.75,2908300,21.90
20081209,26.07,26.64,25.86,26.10,4962300,21.37
20081208,25.88,26.46,25.69,26.30,2440900,21.54
20081205,24.39,25.37,23.75,25.26,3314400,20.68
20081204,24.83,25.25,24.27,24.76,2614900,20.28
20081203,24.56,25.51,24.34,25.50,2736400,20.88
20081202,24.85,25.30,24.48,25.25,3496900,20.68
20081201,25.20,25.25,23.86,23.94,5099700,19.60
20081128,25.93,26.18,25.69,26.09,602000,21.36
20081126,25.15,26.31,25.04,26.18,1994900,21.44
20081125,26.17,26.55,25.16,25.85,1375800,21.17
20081124,24.50,25.90,24.14,25.51,2062200,20.89
20081121,23.62,24.17,22.33,23.72,1832400,19.42
20081120,23.53,23.92,22.30,22.49,2025500,18.42
20081119,24.82,25.24,23.58,23.70,960600,19.41
20081118,24.99,25.59,24.62,25.33,1026500,20.74
20081117,25.29,25.90,24.97,25.27,808700,20.69
20081114,26.01,26.75,25.44,25.68,1428800,21.03
20081113,25.53,27.14,24.51,27.06,3193700,22.16
20081112,25.98,26.06,25.11,25.16,994200,20.60
20081111,26.90,26.96,26.09,26.55,1387400,21.74
20081110,28.38,28.43,27.13,27.59,1086100,22.59
20081107,27.29,27.96,27.26,27.96,1358500,22.90
20081106,28.03,28.19,26.19,26.35,1070400,21.58
20081105,29.36,29.78,28.30,28.41,1272000,23.26
20081104,28.85,29.92,28.68,29.91,1415000,24.49
20081103,27.76,28.10,27.63,27.93,1182900,22.87
20081031,27.04,28.20,26.87,27.94,1030900,22.88
20081030,28.09,28.27,27.03,27.65,1476400,22.64
20081029,26.11,27.69,26.00,26.84,1042000,21.98
20081028,24.78,26.54,23.99,25.41,1025600,20.81
20081027,23.95,24.57,23.50,23.63,1143100,19.35
20081024,23.73,25.33,23.73,24.75,863400,20.27
20081023,25.76,26.53,24.98,26.17,1260400,21.43
20081022,26.87,27.01,25.11,25.65,1390400,21.00
20081021,28.54,28.77,27.71,27.95,781500,22.89
20081020,28.59,29.17,28.34,29.17,2216500,23.89
20081017,27.25,28.91,26.97,27.80,908500,22.76
20081016,27.54,28.27,26.02,28.25,1373900,23.13
20081015,29.42,29.58,26.87,26.87,1289300,22.00
20081014,31.83,32.06,29.56,30.20,2294000,24.73
20081013,28.57,30.84,28.26,30.84,1478800,25.25
20081010,25.82,27.32,25.09,26.74,1627000,21.90
20081009,30.15,30.17,27.23,27.60,885900,22.60
20081008,29.48,30.46,28.88,29.28,780000,23.98
20081007,31.97,32.17,29.97,30.07,784500,24.62
20081006,31.82,32.07,30.10,31.47,860400,25.77
20081003,33.51,34.62,33.25,33.40,789100,27.35
20081002,34.39,34.40,33.28,33.49,875200,27.42
20081001,34.79,35.22,34.32,34.99,669500,28.65
20080930,34.56,35.17,34.30,35.17,1891300,28.80
20080929,35.48,35.49,32.78,33.69,1273600,27.59
20080926,36.87,37.40,36.75,37.40,587400,30.63
20080925,37.15,37.84,37.15,37.70,549500,30.87
20080924,37.15,37.58,36.73,36.96,513700,30.27
20080923,37.98,37.98,36.65,36.94,623100,30.25
20080922,38.37,38.56,37.46,37.80,765700,30.95
20080919,38.56,40.00,37.11,38.39,541100,31.44
20080918,35.09,36.27,34.52,36.00,641900,29.48
20080917,35.33,35.44,34.25,34.68,781600,28.40
20080916,35.13,35.99,35.01,35.93,684200,29.42
20080915,36.01,36.58,35.90,36.12,581600,29.58
20080912,36.70,37.73,36.70,37.73,479000,30.90
20080911,36.24,36.97,36.07,36.97,726200,30.27
20080910,37.37,37.37,36.93,37.05,707700,30.34
20080909,37.67,37.84,36.77,36.86,551900,30.18
20080908,38.25,38.37,37.44,37.94,649400,31.07
20080905,37.17,37.28,36.66,37.23,874500,30.49
20080904,38.58,38.58,37.26,37.26,1293700,30.51
20080903,39.21,39.21,38.79,38.99,505600,31.93
20080902,40.22,40.22,39.08,39.18,576300,32.08
20080829,40.06,40.11,39.70,39.78,260200,32.57
20080828,39.72,39.93,39.72,39.86,632500,32.64
20080827,39.07,39.40,39.06,39.40,343400,32.26
20080826,38.70,39.17,38.67,39.00,710500,31.94
20080825,39.37,39.45,38.70,38.81,470300,31.78
20080822,39.25,39.49,39.20,39.46,693400,32.31
20080821,38.90,39.37,38.90,39.29,845300,32.17
20080820,38.88,39.15,38.74,39.05,1957500,31.98
20080819,38.95,38.95,38.50,38.85,2743000,31.81
20080818,39.94,39.94,39.20,39.29,1126500,32.17
20080815,39.68,39.68,39.36,39.50,618700,32.35
20080814,39.77,39.98,39.56,39.78,554000,32.57
20080813,40.04,40.15,39.66,39.95,346800,32.71
20080812,40.86,40.90,40.49,40.69,2245900,33.32
20080811,41.00,41.09,40.75,40.88,207400,33.48
20080808,40.45,40.97,40.12,40.85,315300,33.45
20080807,41.26,41.59,40.63,40.72,361200,33.34
20080806,41.61,41.61,41.15,41.53,278100,34.01
20080805,40.89,41.53,40.89,41.51,277200,33.99
20080804,40.85,40.85,40.46,40.52,486700,33.18
20080801,41.37,41.37,40.79,40.90,588700,33.49
20080731,41.55,41.85,41.35,41.44,362900,33.93
20080730,41.98,42.29,41.54,41.98,431100,34.38
20080729,41.08,41.55,41.08,41.52,280200,34.00
20080728,41.51,41.81,41.06,41.19,815200,33.73
20080725,41.70,41.93,41.55,41.74,561900,34.18
20080724,42.84,42.85,41.66,41.74,457200,34.18
20080723,42.46,42.63,42.35,42.47,327600,34.78
20080722,41.82,42.23,41.50,42.21,745900,34.56
20080721,42.17,42.28,41.97,42.22,229200,34.57
20080718,41.47,41.92,41.47,41.92,301200,34.33
20080717,41.66,41.99,41.37,41.60,444300,34.07
20080716,40.24,41.10,40.07,41.01,899900,33.58
20080715,40.80,40.80,40.07,40.23,451800,32.94
20080714,41.49,41.73,40.84,40.91,408300,33.50
20080711,41.34,41.34,40.63,40.98,507500,33.56
20080710,41.50,41.83,41.32,41.75,918400,34.19
20080709,42.06,42.17,41.44,41.52,1206700,34.00
20080708,41.64,41.92,41.24,41.89,677100,34.30
20080707,41.39,42.90,41.39,41.67,1786500,34.12
20080703,42.22,42.25,41.69,42.03,682600,34.42
20080702,42.76,43.04,41.67,41.78,954200,34.21
20080701,42.21,42.52,41.82,42.50,7577400,34.80
20080630,43.15,43.15,42.84,42.93,602000,35.15
20080627,42.26,42.88,42.26,42.66,332500,34.93
20080626,43.37,43.37,42.37,42.45,802000,34.76
20080625,43.14,43.85,43.14,43.53,359300,35.65
20080624,43.14,43.30,42.79,43.04,352600,35.24
20080623,43.45,43.45,43.05,43.15,214200,35.33
20080620,44.13,44.13,43.12,43.22,402800,35.39
20080619,44.34,44.34,43.93,44.16,191200,36.16
20080618,44.50,44.50,44.13,44.28,139000,36.26
20080617,44.55,45.03,44.55,44.68,198800,36.59
20080616,44.35,44.66,44.25,44.52,198800,36.46
20080613,43.93,44.37,43.86,44.30,189300,36.28
20080612,44.01,44.18,43.78,43.94,232300,35.98
20080611,44.91,44.91,44.08,44.12,293500,36.13
20080610,44.77,45.00,44.63,44.73,188800,36.63
20080609,46.08,46.08,45.27,45.55,199800,37.30
20080606,46.49,46.49,45.55,45.58,765600,37.32
20080605,46.97,46.97,46.16,46.90,240300,38.41
20080604,46.40,46.41,46.04,46.18,294200,37.82
20080603,47.07,47.07,46.20,46.41,222500,38.00
20080602,48.25,48.25,46.38,46.57,303600,38.14
20080530,47.09,47.10,46.88,47.01,209600,38.50
20080529,47.13,47.13,46.50,46.77,251700,38.30
20080528,47.08,47.08,46.53,46.92,559800,38.42
20080527,46.81,46.85,46.54,46.85,240200,38.36
20080523,47.78,47.78,46.90,46.90,176400,38.41
20080522,47.38,48.00,47.38,47.53,233400,38.92
20080521,47.74,47.74,46.97,47.08,236200,38.55
20080520,47.90,47.90,47.43,47.61,195500,38.99
20080519,48.07,48.29,47.90,48.05,204100,39.35
20080516,47.87,48.13,47.72,48.13,259500,39.41
20080515,47.14,47.63,47.12,47.56,167500,38.95
20080514,47.47,47.47,46.83,46.86,138700,38.37
20080513,47.05,47.05,46.63,46.83,288600,38.35
20080512,46.48,47.04,46.48,47.00,201300,38.49
20080509,46.52,46.65,46.34,46.56,208100,38.13
20080508,46.83,47.05,46.71,46.72,184400,38.26
20080507,47.05,47.07,46.34,46.44,329400,38.03
20080506,47.18,47.33,46.75,47.19,290900,38.64
20080505,47.29,47.29,46.89,47.01,417100,38.50
20080502,47.19,47.19,46.71,46.94,547800,38.44
20080501,46.56,46.82,46.12,46.82,206200,38.34
20080430,47.53,47.53,46.36,46.45,495000,38.04
20080429,46.82,46.82,46.17,46.22,764300,37.85
20080428,47.15,47.15,46.59,46.66,478200,38.21
20080425,46.60,46.60,46.24,46.47,429600,38.05
20080424,46.52,46.52,45.55,45.95,370900,37.63
20080423,46.13,46.33,45.78,46.18,399700,37.82
20080422,46.62,46.62,45.79,46.01,526200,37.68
20080421,46.44,46.53,46.14,46.53,210000,38.10
20080418,46.91,46.91,45.95,46.17,300500,37.81
20080417,46.01,46.01,45.53,45.89,245100,37.58
20080416,45.68,46.38,45.61,46.38,473200,37.98
20080415,44.93,44.93,44.61,44.84,185300,36.72
20080414,45.12,45.12,44.45,44.58,103900,36.51
20080411,44.60,44.99,44.47,44.55,240000,36.48
20080410,45.11,45.47,44.83,45.14,155200,36.96
20080409,45.55,45.63,45.16,45.33,715200,37.12
20080408,45.77,45.77,45.36,45.62,170000,37.36
20080407,46.58,46.58,46.00,46.02,172100,37.68
20080404,45.79,45.98,45.50,45.84,340900,37.54
20080403,45.00,45.76,44.94,45.63,190200,37.37
20080402,45.72,45.74,45.15,45.51,251100,37.27
20080401,44.37,45.37,44.37,45.36,250300,37.14
20080331,45.15,45.15,43.82,44.08,818100,36.10
20080328,44.17,44.25,43.76,43.81,180200,35.87
20080327,44.87,44.93,43.86,43.90,175300,35.95
20080326,44.18,44.19,43.68,43.83,244700,35.89
20080325,43.78,43.95,43.35,43.87,255700,35.92
20080324,43.01,43.35,42.74,43.13,405300,35.32
20080320,42.08,42.48,41.51,42.28,382400,34.62
20080319,42.98,43.25,41.85,41.85,300700,34.27
20080318,42.91,43.45,42.80,43.45,164700,35.58
20080317,42.39,42.51,41.58,42.16,608000,34.52
20080314,43.95,43.96,42.52,42.83,406900,35.07
20080313,43.37,44.03,42.50,43.79,341900,35.86
20080312,44.02,44.09,43.64,43.75,366300,35.83
20080311,43.04,43.73,42.95,43.72,303700,35.79
20080310,43.05,43.05,42.28,42.36,411700,34.67
20080307,42.99,43.31,42.58,42.78,501600,35.02
20080306,43.92,43.97,43.23,43.36,411400,35.49
20080305,43.77,44.14,43.50,43.81,280100,35.86
20080304,43.28,43.56,42.85,43.37,306900,35.50
20080303,43.92,44.01,43.60,43.94,504400,35.97
20080229,44.83,44.83,43.81,43.93,408000,35.96
20080228,45.14,45.28,44.85,45.04,371700,36.87
20080227,45.35,45.64,44.99,45.40,414500,37.16
20080226,44.87,45.50,44.54,45.33,385800,37.11
20080225,44.17,44.62,43.85,44.57,469100,36.48
20080222,43.85,43.92,43.19,43.92,338800,35.95
20080221,43.82,43.94,43.37,43.46,291000,35.58
20080220,43.65,43.65,42.79,43.39,315100,35.52
20080219,44.16,44.19,43.52,43.79,426900,35.85
20080215,43.17,43.21,42.86,43.18,220800,35.35
20080214,44.18,44.18,43.05,43.12,360800,35.30
20080213,43.46,43.46,42.77,43.16,212900,35.33
20080212,42.76,43.33,42.68,42.91,280400,35.13
20080211,41.61,42.21,41.61,42.09,329100,34.45
20080208,42.62,42.62,41.65,41.94,254200,34.33
20080207,42.59,42.62,41.97,42.35,761900,34.67
20080206,43.20,43.24,42.59,42.65,724600,34.91
20080205,44.19,44.78,42.64,42.76,494000,35.00
20080204,44.67,44.88,44.53,44.54,241700,36.46
20080201,45.40,45.40,44.48,45.00,451700,36.84
20080131,43.32,44.61,43.03,44.38,348100,36.33
20080130,44.34,44.71,43.43,43.73,192900,35.80
20080129,44.39,44.39,43.60,44.02,433300,36.03
20080128,43.45,43.73,42.70,43.71,311600,35.78
20080125,46.28,49.05,43.07,43.37,508200,35.50
20080124,42.80,43.64,42.79,43.56,365500,35.66
20080123,41.09,42.84,40.15,42.38,708800,34.69
20080122,42.00,56.11,40.94,42.47,461800,34.76
20080118,44.44,44.56,43.47,43.71,428600,35.78
20080117,44.93,44.93,43.41,43.55,484400,35.65
20080116,45.07,45.14,43.21,44.30,545800,36.26
20080115,46.44,46.44,45.15,45.23,322000,37.02
20080114,46.76,46.78,46.45,46.70,172700,38.23
20080111,46.64,46.64,45.80,45.96,207700,37.62
20080110,46.70,47.93,46.26,46.77,388200,38.28
20080109,46.85,46.93,46.29,46.82,229400,38.33
20080108,47.37,47.50,46.48,46.52,368600,38.08
20080107,47.00,47.03,46.62,46.90,759900,38.39
20080104,47.54,47.55,46.71,46.84,411100,38.34
20080103,47.90,48.02,47.77,47.89,225300,39.20
20080102,48.27,48.39,47.19,47.81,688200,39.14
20071231,48.38,48.40,47.75,47.92,528900,39.23
20071228,48.33,48.36,48.12,48.29,388500,39.53
20071227,50.40,50.40,47.77,47.78,387000,39.11
20071226,48.26,49.00,47.88,48.22,219900,39.47
20071224,49.32,49.32,47.74,47.95,307400,39.25
20071221,48.50,48.73,48.45,48.73,743100,39.03
20071220,48.00,48.05,47.69,47.94,284100,38.39
20071219,48.45,48.45,47.50,47.78,387800,38.26
20071218,48.33,48.36,47.50,48.11,462100,38.53
20071217,48.83,48.83,47.57,47.59,349100,38.11
20071214,49.97,49.97,48.60,48.64,399900,38.95
20071213,49.98,50.20,49.49,49.99,512600,40.03
20071212,51.53,51.53,50.50,50.85,511500,40.72
20071211,51.32,51.39,49.93,50.06,212500,40.09
20071210,51.04,51.35,51.03,51.31,230500,41.09
20071207,50.86,50.90,50.72,50.82,533500,40.70
20071206,50.04,51.02,50.04,51.02,375500,40.86
20071205,50.36,50.70,50.34,50.55,214700,40.48
20071204,50.20,50.48,49.82,49.85,319400,39.92
20071203,50.45,50.45,50.18,50.20,245800,40.20
20071130,50.42,51.18,50.22,50.39,346200,40.36
20071129,50.16,50.42,49.94,50.21,177000,40.21
20071128,49.40,50.60,49.40,50.53,280400,40.47
20071127,48.98,49.26,48.70,49.25,254800,39.44
20071126,49.62,49.62,48.43,48.43,352100,38.79
20071123,48.33,50.98,48.29,49.18,137500,39.39
20071121,49.12,49.12,47.81,48.14,212800,38.55
20071120,48.90,49.30,48.62,49.14,321100,39.35
20071119,49.50,49.50,47.92,48.15,341900,38.56
20071116,49.53,49.53,49.00,49.39,518900,39.55
20071115,49.50,49.68,48.89,49.20,363100,39.40
20071114,51.02,51.02,50.00,50.11,118900,40.13
20071113,49.68,50.31,49.66,50.29,346200,40.27
20071112,49.23,49.52,48.79,48.85,254500,39.12
20071109,50.65,50.65,49.54,49.64,221900,39.75
20071108,50.76,50.90,50.20,50.83,358900,40.71
20071107,51.17,51.33,50.43,50.49,634900,40.44
20071106,51.29,51.48,51.05,51.48,191100,41.23
20071105,50.53,50.86,50.47,50.76,268000,40.65
20071102,51.11,51.41,50.86,51.35,390400,41.12
20071101,51.55,51.55,51.05,51.05,514500,40.88
20071031,51.93,52.60,51.80,52.36,247300,41.93
20071030,51.67,51.81,51.64,51.66,126000,41.37
20071029,51.70,52.05,51.70,52.04,135500,41.68
20071026,51.26,51.62,51.19,51.57,79500,41.30
20071025,50.48,50.67,50.27,50.62,513000,40.54
20071024,50.38,50.46,49.73,50.44,197500,40.40
20071023,50.47,50.61,50.17,50.60,408300,40.52
20071022,49.55,49.80,49.39,49.78,493200,39.87
20071019,50.74,50.75,49.92,49.95,365600,40.00
20071018,50.85,51.12,50.79,51.02,165100,40.86
20071017,51.04,51.07,50.57,50.90,266400,40.76
20071016,50.57,50.62,50.31,50.38,476200,40.35
20071015,51.51,51.52,50.94,51.08,299500,40.91
20071012,51.30,51.63,51.22,51.52,180400,41.26
20071011,51.68,51.92,51.28,51.37,154000,41.14
20071010,51.04,51.19,50.92,51.12,202700,40.94
20071009,50.76,51.27,50.76,51.27,183200,41.06
20071008,50.79,50.80,50.55,50.64,245200,40.56
20071005,50.86,51.25,50.85,51.13,405800,40.95
20071004,50.63,50.72,50.42,50.64,815600,40.56
20071003,50.62,50.65,50.39,50.42,581100,40.38
20071002,50.77,50.78,50.48,50.70,375000,40.60
20071001,50.14,50.91,50.14,50.86,640000,40.73
20070928,50.14,50.31,49.89,50.14,258000,40.15
20070927,50.06,50.08,49.83,50.07,191900,40.10
20070926,49.54,49.59,49.34,49.48,94000,39.63
20070925,48.94,49.30,48.89,49.30,56100,39.48
20070924,49.34,49.34,49.01,49.06,165400,39.29
20070921,49.13,49.27,48.99,49.11,212800,39.33
20070920,48.89,49.10,48.74,48.76,378600,39.05
20070919,48.83,49.13,48.77,48.86,115100,39.13
20070918,47.12,48.48,47.06,48.35,147200,38.72
20070917,47.13,47.19,46.70,46.86,99400,37.53
20070914,47.28,47.63,47.23,47.53,164700,38.06
20070913,47.73,47.91,47.65,47.75,137700,38.24
20070912,47.30,47.67,47.25,47.49,56200,38.03
20070911,47.16,47.54,47.16,47.53,685900,38.06
20070910,47.00,47.04,46.36,46.69,176800,37.39
20070907,47.01,47.07,46.74,46.88,197200,37.54
20070906,47.39,47.66,47.19,47.54,278000,38.07
20070905,47.35,47.41,47.13,47.26,90600,37.85
20070904,47.62,48.18,47.47,48.09,136700,38.51
20070831,47.76,47.98,47.53,47.86,684900,38.33
20070830,46.43,47.13,46.43,46.80,173300,37.48
20070829,46.55,47.15,46.37,47.14,177400,37.75
20070828,46.76,46.76,45.90,45.92,256100,36.78
20070827,47.30,47.30,47.07,47.07,111200,37.70
20070824,46.81,47.54,46.79,47.54,112700,38.07
20070823,46.95,47.01,46.50,46.79,329600,37.47
20070822,46.18,46.59,46.18,46.59,96800,37.31
20070821,45.33,45.63,45.33,45.45,41200,36.40
20070820,45.63,45.63,45.00,45.46,672200,36.41
20070817,45.70,45.70,44.88,45.40,403200,36.36
20070816,44.73,44.79,43.69,44.77,552000,35.85
20070815,45.49,45.99,44.97,44.98,345800,36.02
20070814,46.91,46.91,46.05,46.07,64200,36.90
20070813,47.03,47.11,46.67,46.67,133700,37.38
20070810,47.25,47.25,46.19,46.59,291300,37.31
20070809,47.46,47.85,47.20,47.22,195800,37.82
20070808,48.40,48.90,48.38,48.68,135700,38.99
20070807,47.40,48.24,47.40,47.96,181800,38.41
20070806,47.29,47.90,47.25,47.89,232100,38.35
20070803,47.82,47.82,47.14,47.17,309600,37.78
20070802,47.92,48.14,47.66,47.96,251800,38.41
20070801,47.68,49.00,47.24,48.10,353900,38.52
20070731,48.51,48.67,47.90,47.90,210400,38.36
20070730,47.87,48.14,47.66,47.96,298400,38.41
20070727,47.78,48.04,47.15,47.17,579000,37.78
20070726,48.48,48.67,47.50,47.90,101000,38.36
