20140814,51.44,51.49,51.39,51.48,491000,51.48
20140813,51.32,51.36,51.20,51.26,1108400,51.26
20140812,50.89,51.03,50.84,50.97,698000,50.97
20140811,50.98,51.11,50.91,51.01,1773700,51.01
20140808,50.36,50.78,50.33,50.78,784500,50.78
20140807,50.95,50.98,50.31,50.46,1046700,50.46
20140806,50.60,50.95,50.55,50.83,1220800,50.83
20140805,51.32,51.32,50.82,50.93,958400,50.93
20140804,51.46,51.65,51.27,51.58,1567000,51.58
20140801,51.37,51.59,51.15,51.29,1435600,51.29
20140731,51.95,51.95,51.48,51.52,887700,51.52
20140730,52.52,52.57,52.25,52.43,763000,52.43
20140729,52.72,52.74,52.39,52.39,807200,52.39
20140728,52.55,52.69,52.34,52.63,790100,52.63
20140725,52.64,52.64,52.34,52.50,648100,52.50
20140724,52.73,52.76,52.64,52.69,776700,52.69
20140723,52.71,52.71,52.55,52.61,556200,52.61
20140722,52.43,52.60,52.43,52.51,736300,52.51
20140721,52.07,52.25,51.95,52.21,549500,52.21
20140718,51.98,52.39,51.98,52.33,432900,52.33
20140717,52.17,52.36,51.75,51.82,758800,51.82
20140716,52.54,52.55,52.42,52.52,572400,52.52
20140715,52.40,52.40,51.96,52.15,705900,52.15
20140714,52.37,52.41,52.29,52.33,618700,52.33
20140711,51.85,52.00,51.77,51.94,669000,51.94
20140710,51.61,51.96,51.53,51.93,1624600,51.93
20140709,52.19,52.48,52.19,52.43,752900,52.43
20140708,52.30,52.49,52.12,52.28,892600,52.28
20140707,52.73,52.76,52.61,52.71,632500,52.71
20140703,52.85,53.07,52.83,53.05,363700,53.05
20140702,52.79,52.84,52.72,52.83,681000,52.83
20140701,52.50,52.79,52.50,52.75,1379900,52.75
20140630,52.18,52.31,52.13,52.29,2970400,52.29
20140627,52.05,52.23,51.99,52.23,983200,52.23
20140626,52.10,52.15,51.77,52.15,925400,52.15
20140625,51.80,52.13,51.80,52.09,651900,52.09
20140624,52.30,52.39,52.00,52.04,646100,52.04
20140623,52.91,52.95,52.75,52.95,726600,52.34
20140620,53.07,53.10,52.97,53.05,692700,52.44
20140619,53.21,53.24,53.03,53.13,715900,52.52
20140618,52.46,52.99,52.44,52.97,985100,52.36
20140617,52.41,52.51,52.35,52.46,953500,51.86
20140616,52.53,52.65,52.47,52.58,590400,51.97
20140613,52.51,52.66,52.50,52.61,600600,52.00
20140612,52.74,52.76,52.46,52.55,1095400,51.94
20140611,52.59,52.64,52.49,52.57,1131000,51.96
20140610,52.66,52.78,52.58,52.78,650000,52.17
20140609,52.65,52.82,52.61,52.81,580000,52.20
20140606,52.58,52.76,52.56,52.74,669400,52.13
20140605,52.31,52.48,52.11,52.43,730300,51.83
20140604,52.03,52.14,51.94,52.13,714600,51.53
20140603,52.07,52.16,52.01,52.16,783300,51.56
20140602,52.20,52.25,52.05,52.20,1850100,51.60
20140530,52.05,52.07,51.97,52.03,786000,51.43
20140529,52.09,52.14,51.98,52.12,757000,51.52
20140528,51.95,51.95,51.78,51.85,595200,51.25
20140527,52.00,52.07,51.82,52.00,878500,51.40
20140523,51.73,51.86,51.70,51.82,774300,51.22
20140522,51.60,51.72,51.52,51.69,640100,51.09
20140521,51.37,51.50,51.34,51.48,748100,50.89
20140520,51.31,51.34,51.04,51.12,1490300,50.53
20140519,51.39,51.50,51.29,51.49,1276000,50.90
20140516,51.48,51.55,51.32,51.55,696200,50.96
20140515,51.59,51.59,51.18,51.35,1605400,50.76
20140514,51.65,51.75,51.56,51.60,571800,51.01
20140513,51.53,51.61,51.48,51.58,1028600,50.99
20140512,51.29,51.54,51.29,51.52,639000,50.93
20140509,51.09,51.19,50.95,51.11,740700,50.52
20140508,51.15,51.42,51.11,51.18,890900,50.59
20140507,51.00,51.19,50.86,51.17,893300,50.58
20140506,51.07,51.22,51.02,51.06,1013400,50.47
20140505,50.82,51.07,50.71,51.07,576400,50.48
20140502,51.03,51.29,51.02,51.17,777800,50.58
20140501,51.16,51.23,51.04,51.16,763800,50.57
20140430,50.86,51.07,50.78,51.05,594100,50.46
20140429,50.83,51.03,50.82,50.90,840200,50.31
20140428,50.59,50.67,50.24,50.58,852800,50.00
20140425,50.57,50.60,50.25,50.42,677900,49.84
20140424,50.78,50.78,50.43,50.71,618300,50.13
20140423,50.79,50.79,50.64,50.71,767600,50.13
20140422,50.85,50.91,50.77,50.86,1264800,50.27
20140421,50.75,50.75,50.56,50.73,698400,50.15
20140417,50.52,50.79,50.42,50.71,782700,50.13
20140416,50.21,50.48,50.14,50.48,965100,49.90
20140415,50.05,50.08,49.38,49.91,1232000,49.34
20140414,50.25,50.30,49.94,50.16,1063400,49.58
20140411,49.98,50.24,49.84,49.96,1343500,49.38
20140410,50.86,50.87,50.14,50.15,1281000,49.57
20140409,50.75,51.04,50.53,51.02,813300,50.43
20140408,50.19,50.55,50.19,50.46,2526400,49.88
20140407,50.44,50.50,50.14,50.27,889600,49.69
20140404,50.84,50.96,50.37,50.43,958900,49.85
20140403,50.69,50.70,50.41,50.58,731800,50.00
20140402,50.64,50.78,50.58,50.78,749500,50.19
20140401,50.62,50.67,50.51,50.64,1224000,50.06
20140331,50.44,50.44,50.25,50.31,1113200,49.73
20140328,49.95,50.13,49.91,49.95,1051200,49.37
20140327,49.30,49.66,49.29,49.61,959700,49.04
20140326,49.71,49.71,49.26,49.27,998000,48.70
20140325,49.13,49.35,48.98,49.23,941100,48.66
20140324,49.19,49.33,48.83,49.10,1155500,48.14
20140321,49.23,49.43,48.91,48.96,1486500,48.01
20140320,48.71,49.12,48.62,49.00,1227700,48.05
20140319,49.73,49.73,48.83,49.11,872100,48.15
20140318,49.55,49.81,49.44,49.74,1322800,48.77
20140317,49.25,49.51,49.25,49.40,816800,48.44
20140314,48.80,49.10,48.75,48.91,1164000,47.96
20140313,49.92,49.92,48.83,48.95,1016300,48.00
20140312,49.50,49.77,49.36,49.76,550700,48.79
20140311,50.11,50.33,49.80,49.87,675100,48.90
20140310,50.30,50.30,49.91,50.25,825700,49.27
20140307,50.80,50.80,50.32,50.54,1106600,49.56
20140306,50.78,50.99,50.78,50.88,910400,49.89
20140305,50.38,50.39,50.23,50.32,831200,49.34
20140304,50.40,50.45,50.28,50.37,804500,49.39
20140303,49.75,49.75,49.30,49.49,1313400,48.53
20140228,50.50,50.65,50.24,50.48,1144900,49.50
20140227,50.17,50.39,49.98,50.39,912600,49.41
20140226,50.22,50.26,49.94,50.09,812300,49.12
20140225,50.43,50.49,50.18,50.25,1069900,49.27
20140224,50.17,50.67,50.17,50.44,1061500,49.46
20140221,50.10,50.29,50.05,50.06,852200,49.09
20140220,49.75,50.03,49.60,49.95,1221900,48.98
20140219,49.92,50.20,49.71,49.74,3213800,48.77
20140218,50.04,50.20,49.96,50.13,1068300,49.15
20140214,49.65,49.91,49.56,49.81,735600,48.84
20140213,49.18,49.61,48.91,49.58,478800,48.62
20140212,49.45,49.56,49.33,49.45,877800,48.49
20140211,48.90,49.49,48.80,49.41,1032200,48.45
20140210,48.39,48.74,48.39,48.57,700000,47.63
20140207,48.55,48.83,48.38,48.82,718600,47.87
20140206,47.69,48.28,47.69,48.26,744800,47.32
20140205,47.33,47.48,47.10,47.43,940600,46.51
20140204,47.24,47.42,47.12,47.40,1156800,46.48
20140203,47.67,47.78,46.88,46.92,2356200,46.01
20140131,47.63,48.07,47.46,47.79,1532900,46.86
20140130,48.58,48.58,48.21,48.39,753500,47.45
20140129,48.30,48.43,48.01,48.17,1101200,47.23
20140128,48.30,48.73,48.30,48.67,942300,47.72
20140127,48.60,48.63,47.99,48.27,2329400,47.33
20140124,49.27,49.40,48.55,48.56,1463000,47.62
20140123,50.24,50.24,49.64,49.85,922800,48.88
20140122,50.36,50.39,50.21,50.35,977200,49.37
20140121,50.43,50.43,50.08,50.29,1377500,49.31
20140117,50.29,50.29,50.03,50.11,930900,49.14
20140116,50.27,50.27,50.06,50.25,1049600,49.27
20140115,50.24,50.34,50.08,50.27,760000,49.29
20140114,50.08,50.17,49.76,50.17,944200,49.19
20140113,50.03,50.13,49.67,49.78,1381700,48.81
20140110,49.92,50.25,49.89,50.21,2290700,49.23
20140109,49.80,49.80,49.42,49.70,1121700,48.73
20140108,49.91,49.91,49.68,49.78,1233100,48.81
20140107,49.87,49.87,49.75,49.83,664800,48.86
20140106,49.94,49.94,49.56,49.60,806200,48.64
20140103,49.90,49.90,49.66,49.71,2067800,48.74
20140102,50.00,50.16,49.63,49.71,1526700,48.74
20131231,50.61,50.82,50.54,50.73,1111600,49.74
20131230,50.32,50.53,50.32,50.53,1598100,49.55
20131227,50.42,50.42,50.22,50.27,970200,49.29
20131226,50.05,50.10,49.99,50.07,1421300,49.10
20131224,49.75,49.89,49.66,49.86,866000,48.89
20131223,49.50,49.80,49.50,49.77,936900,48.80
20131220,49.18,49.40,49.16,49.29,1111900,48.33
20131219,49.34,49.55,49.22,49.48,1101600,48.14
20131218,49.22,49.78,48.71,49.59,1880400,48.25
20131217,49.08,49.08,48.78,48.89,718500,47.56
20131216,49.15,49.25,49.06,49.10,812700,47.77
20131213,48.78,48.82,48.59,48.75,1082700,47.43
20131212,48.98,48.98,48.63,48.77,1477900,47.45
20131211,49.75,49.75,49.06,49.09,884500,47.76
20131210,49.68,49.73,49.57,49.70,812500,48.35
20131209,49.79,49.82,49.67,49.76,1432900,48.41
20131206,49.58,49.79,49.49,49.73,754700,48.38
20131205,49.30,49.31,49.06,49.09,531300,47.76
20131204,49.20,49.42,49.00,49.35,974600,48.01
20131203,49.75,49.76,49.42,49.58,694900,48.24
20131202,50.20,50.21,49.70,49.70,1323500,48.35
20131129,50.51,50.56,50.35,50.39,809000,49.02
20131127,50.23,50.26,50.11,50.21,681000,48.85
20131126,50.00,50.10,49.89,50.01,699700,48.65
20131125,50.31,50.31,49.99,50.03,744300,48.67
20131122,50.14,50.32,50.09,50.29,1484200,48.93
20131121,50.05,50.14,49.94,50.14,705000,48.78
20131120,50.40,50.43,49.83,49.94,1172600,48.59
20131119,50.39,50.44,50.19,50.26,711500,48.90
20131118,50.66,50.71,50.38,50.43,862800,49.06
20131115,50.15,50.38,50.15,50.34,667500,48.97
20131114,49.56,49.88,49.47,49.88,929300,48.53
20131113,49.10,49.57,49.00,49.55,1016600,48.21
20131112,49.50,49.56,49.26,49.38,653100,48.04
20131111,49.63,49.63,49.52,49.54,735400,48.20
20131108,49.27,49.61,49.19,49.59,1968300,48.25
20131107,50.04,50.04,49.30,49.38,871800,48.04
20131106,50.19,50.27,50.09,50.15,748900,48.79
20131105,49.83,49.86,49.57,49.77,869300,48.42
20131104,50.20,50.24,50.02,50.24,698100,48.88
20131101,50.04,50.12,49.78,50.02,989800,48.66
20131031,50.50,50.53,50.22,50.22,1079000,48.86
20131030,50.77,50.80,50.27,50.52,715300,49.15
20131029,50.54,50.70,50.54,50.69,654000,49.32
20131028,50.52,50.65,50.44,50.56,651400,49.19
20131025,50.57,50.58,50.43,50.57,570600,49.20
20131024,50.70,50.70,50.50,50.61,724400,49.24
20131023,50.53,50.53,50.30,50.42,754500,49.05
20131022,50.73,51.13,50.73,51.00,1235600,49.62
20131021,50.53,50.59,50.42,50.55,1670900,49.18
20131018,50.42,50.56,50.31,50.53,1542300,49.16
20131017,49.85,50.26,49.81,50.23,1405400,48.87
20131016,49.48,49.72,49.42,49.67,877100,48.32
20131015,49.41,49.45,49.22,49.25,1115000,47.91
20131014,49.17,49.61,49.11,49.54,527900,48.20
20131011,49.14,49.42,49.05,49.42,737900,48.08
20131010,48.74,49.20,48.62,49.15,1504500,47.82
20131009,48.18,48.35,47.93,48.24,1670500,46.93
20131008,48.49,48.54,48.00,48.04,943100,46.74
20131007,48.29,48.61,48.26,48.42,596800,47.11
20131004,48.58,48.86,48.56,48.82,740500,47.50
20131003,48.91,48.92,48.50,48.66,1061400,47.34
20131002,48.72,48.91,48.51,48.88,903100,47.55
20131001,48.67,48.95,48.60,48.91,2060000,47.58
20130930,48.45,48.69,48.32,48.60,1698100,47.28
20130927,48.91,49.01,48.84,48.91,862900,47.58
20130926,49.10,49.24,48.96,49.12,869500,47.79
20130925,48.90,49.12,48.84,48.92,1343800,47.59
20130924,49.03,49.14,48.81,48.92,1788700,47.59
20130923,49.09,49.14,48.88,49.04,929400,47.71
20130920,49.65,49.65,49.23,49.24,912500,47.69
20130919,49.99,49.99,49.61,49.67,1701600,48.11
20130918,48.68,50.10,48.52,50.10,1334100,48.52
20130917,48.57,48.67,48.51,48.67,985300,47.14
20130916,48.86,48.89,48.56,48.57,1227000,47.04
20130913,47.98,48.21,47.93,48.21,1122700,46.69
20130912,48.12,48.21,47.97,47.99,1204100,46.48
20130911,48.04,48.32,47.95,48.30,1291100,46.78
20130910,48.06,48.17,47.93,48.12,1352700,46.60
20130909,47.28,47.69,47.20,47.68,844900,46.18
20130906,46.86,47.04,46.55,46.86,1461600,45.38
20130905,46.37,46.66,46.37,46.61,615900,45.14
20130904,46.04,46.56,46.03,46.49,837600,45.03
20130903,46.23,46.41,45.94,46.10,1391300,44.65
20130830,45.72,45.72,45.31,45.38,1031600,43.95
20130829,45.65,45.92,45.65,45.70,1148100,44.26
20130828,45.55,45.91,45.48,45.67,1763500,44.23
20130827,46.03,46.15,45.71,45.72,942000,44.28
20130826,46.73,46.79,46.50,46.54,1295000,45.07
20130823,46.84,46.89,46.58,46.84,735900,45.37
20130822,46.25,46.55,46.25,46.47,809300,45.01
20130821,46.34,46.38,45.83,45.99,1183200,44.54
20130820,46.53,46.77,46.45,46.61,684200,45.14
20130819,47.15,47.15,46.68,46.69,814100,45.22
20130816,47.17,47.29,47.10,47.14,742400,45.66
20130815,46.99,47.16,46.64,47.11,1243400,45.63
20130814,47.50,47.56,47.43,47.47,900300,45.98
20130813,47.31,47.49,47.07,47.46,974900,45.97
20130812,47.04,47.21,47.00,47.12,755700,45.64
20130809,47.05,47.25,46.98,47.15,880700,45.67
20130808,46.86,47.12,46.71,47.07,1039000,45.59
20130807,46.56,46.68,46.50,46.54,956400,45.07
20130806,47.05,47.06,46.71,46.83,801400,45.36
20130805,46.98,47.01,46.84,46.98,842900,45.50
20130802,46.90,47.18,46.86,47.13,1371400,45.65
20130801,46.82,46.98,46.74,46.90,2157300,45.42
20130731,46.22,46.61,46.13,46.30,942400,44.84
20130730,46.54,46.54,46.17,46.25,693400,44.79
20130729,46.42,46.44,46.26,46.34,573600,44.88
20130726,46.65,46.77,46.37,46.77,1480400,45.30
20130725,46.62,47.03,46.56,47.01,906700,45.53
20130724,47.23,47.23,46.74,46.88,739100,45.40
20130723,47.12,47.19,46.95,47.08,792700,45.60
20130722,46.70,46.90,46.66,46.89,1331300,45.41
20130719,46.51,46.65,46.40,46.59,858800,45.12
20130718,46.50,46.66,46.46,46.62,904400,45.15
20130717,46.56,46.60,46.31,46.43,724600,44.97
20130716,46.26,46.27,46.09,46.26,809100,44.80
20130715,46.17,46.31,46.08,46.29,995400,44.83
20130712,45.95,46.02,45.85,45.96,781300,44.51
20130711,45.92,46.32,45.74,46.25,927000,44.79
20130710,44.86,45.24,44.83,44.94,1483000,43.52
20130709,45.02,45.02,44.62,44.87,980400,43.46
20130708,44.56,44.68,44.45,44.56,820100,43.16
20130705,44.60,44.61,44.10,44.41,744000,43.01
20130703,44.04,44.40,43.95,44.27,814400,42.88
20130702,44.54,44.81,44.21,44.35,790400,42.95
20130701,44.63,44.85,44.56,44.69,1791800,43.28
20130628,44.18,44.47,44.05,44.22,1631600,42.83
20130627,44.17,44.42,44.13,44.30,1111100,42.91
20130626,43.68,43.84,43.57,43.76,905100,42.38
20130625,43.43,43.57,43.03,43.51,1074900,42.14
20130624,42.85,43.22,42.52,42.93,1192100,41.58
20130621,44.63,44.66,43.88,44.36,1447300,42.38
20130620,44.89,44.92,44.01,44.15,1708900,42.18
20130619,46.70,46.76,45.81,45.85,948500,43.80
20130618,46.61,46.86,46.59,46.75,730500,44.66
20130617,46.68,46.78,46.29,46.52,717300,44.44
20130614,46.14,46.34,45.79,45.89,668400,43.84
20130613,45.85,46.48,45.74,46.45,1027300,44.37
20130612,46.35,46.36,45.68,45.75,956500,43.71
20130611,45.78,46.11,45.66,45.85,814300,43.80
20130610,46.67,46.67,46.34,46.53,905300,44.45
20130607,46.12,46.59,46.00,46.58,607300,44.50
20130606,45.87,46.18,45.69,46.18,750800,44.12
20130605,46.43,46.43,45.89,45.89,1195600,43.84
20130604,47.02,47.12,46.58,46.80,702200,44.71
20130603,46.52,46.90,46.34,46.83,825700,44.74
20130531,47.01,47.01,46.49,46.51,1489500,44.43
20130530,47.34,47.62,47.25,47.48,910400,45.36
20130529,47.41,47.41,47.08,47.33,1026500,45.21
20130528,48.01,48.17,47.69,47.76,740100,45.63
20130524,47.43,47.63,47.30,47.62,666000,45.49
20130523,47.50,47.99,47.26,47.97,1271200,45.83
20130522,49.06,49.49,48.39,48.59,1941200,46.42
20130521,48.81,49.17,48.69,49.04,686200,46.85
20130520,48.80,49.02,48.75,48.98,602300,46.79
20130517,48.52,48.76,48.43,48.76,430900,46.58
20130516,48.58,48.74,48.37,48.40,777100,46.24
20130515,48.57,48.75,48.52,48.70,850800,46.52
20130514,48.45,48.71,48.44,48.62,1002200,46.45
20130513,48.49,48.54,48.36,48.51,584500,46.34
20130510,48.54,48.62,48.32,48.60,382400,46.43
20130509,48.81,48.87,48.41,48.58,562000,46.41
20130508,48.81,49.04,48.79,49.00,987500,46.81
20130507,48.51,48.57,48.34,48.55,734500,46.38
20130506,48.34,48.44,48.21,48.44,666800,46.27
20130503,48.29,48.54,48.25,48.41,495400,46.25
20130502,47.73,47.99,47.64,47.91,701000,45.77
20130501,48.05,48.05,47.63,47.68,1099700,45.55
20130430,47.83,48.12,47.72,48.10,1291400,45.95
20130429,47.55,47.90,47.52,47.85,696300,45.71
20130426,47.28,47.32,47.14,47.27,786500,45.16
20130425,47.32,47.51,47.25,47.33,773400,45.21
20130424,46.84,47.15,46.81,47.06,1457000,44.96
20130423,46.45,46.69,46.42,46.68,809200,44.59
20130422,46.08,46.26,45.80,46.20,609800,44.13
20130419,45.98,46.07,45.84,46.07,522600,44.01
20130418,45.84,45.84,45.45,45.62,732700,43.58
20130417,46.11,46.11,45.45,45.66,904700,43.62
20130416,46.49,46.61,46.24,46.60,590500,44.52
20130415,46.47,46.47,45.80,45.81,1128200,43.76
20130412,46.90,46.94,46.60,46.91,656900,44.81
20130411,47.05,47.32,47.01,47.14,684900,45.03
20130410,46.62,46.98,46.60,46.89,509600,44.79
20130409,46.07,46.42,45.89,46.27,661300,44.20
20130408,45.80,46.04,45.75,46.02,531900,43.96
20130405,45.51,45.90,45.36,45.90,1083000,43.85
20130404,45.98,46.17,45.83,46.07,874100,44.01
20130403,46.30,46.34,45.76,45.84,654900,43.79
20130402,46.17,46.37,46.11,46.18,957400,44.12
20130401,46.14,46.18,45.77,45.87,799900,43.82
20130328,46.25,46.36,46.15,46.36,960600,44.29
20130327,45.92,46.20,45.77,46.18,616800,44.12
20130326,46.19,46.32,46.07,46.29,690800,44.22
20130325,46.49,46.49,45.80,45.92,646200,43.87
20130322,46.25,46.41,46.18,46.36,730000,44.29
20130321,46.29,46.46,46.14,46.16,712300,43.97
20130320,46.63,46.71,46.51,46.60,721100,44.38
20130319,46.63,46.65,46.04,46.29,1147400,44.09
20130318,46.51,46.81,46.41,46.48,680400,44.27
20130315,47.10,47.14,46.94,47.02,828800,44.79
20130314,46.81,47.11,46.79,47.06,1134400,44.82
20130313,46.81,46.83,46.57,46.71,654100,44.49
20130312,47.04,47.14,46.80,46.88,631000,44.65
20130311,46.99,47.15,46.90,47.13,729900,44.89
20130308,47.05,47.10,46.81,47.06,768400,44.82
20130307,46.89,46.98,46.83,46.94,834600,44.71
20130306,46.84,46.92,46.63,46.79,1126400,44.57
20130305,46.63,46.77,46.59,46.68,903600,44.46
20130304,45.96,46.27,45.91,46.27,1113600,44.07
20130301,45.99,46.24,45.82,46.20,811400,44.00
20130228,46.27,46.51,46.21,46.21,894100,44.01
20130227,45.71,46.35,45.66,46.27,854900,44.07
20130226,45.83,45.93,45.45,45.72,1915600,43.55
20130225,46.76,46.79,45.41,45.45,1603000,43.29
20130222,46.26,46.42,46.08,46.41,919900,44.20
20130221,46.10,46.10,45.67,45.91,1941600,43.73
20130220,47.14,47.14,46.49,46.51,1584800,44.30
20130219,46.84,47.05,46.79,47.00,803800,44.77
20130215,46.70,46.72,46.39,46.54,903800,44.33
20130214,46.54,46.69,46.47,46.67,861400,44.45
20130213,46.99,47.01,46.77,46.86,703100,44.63
20130212,46.56,46.82,46.49,46.70,712500,44.48
20130211,46.61,46.61,46.37,46.55,1041000,44.34
20130208,46.51,46.65,46.45,46.58,1247600,44.37
20130207,46.71,46.71,46.11,46.30,1591600,44.10
20130206,46.46,46.73,46.42,46.73,948500,44.51
20130205,46.72,46.81,46.58,46.67,1317700,44.45
20130204,46.84,46.88,46.44,46.51,1152000,44.30
20130201,47.18,47.39,47.12,47.27,2043900,45.02
20130131,47.00,47.05,46.85,46.86,1659300,44.63
20130130,47.10,47.21,46.98,47.03,1256100,44.79
20130129,46.89,47.12,46.85,47.07,1205600,44.83
20130128,46.88,46.89,46.62,46.74,1209300,44.52
20130125,46.97,47.02,46.76,47.02,1292100,44.79
20130124,46.63,46.85,46.61,46.70,1197400,44.48
20130123,46.54,46.63,46.42,46.53,1251000,44.32
20130122,46.59,46.72,46.45,46.70,1054400,44.48
20130118,46.63,46.69,46.45,46.65,1486300,44.43
20130117,46.56,46.75,46.49,46.63,1451700,44.41
20130116,46.20,46.33,46.12,46.23,1365200,44.03
20130115,46.31,46.50,46.28,46.47,1006200,44.26
20130114,46.62,46.66,46.43,46.62,1245000,44.40
20130111,46.47,46.56,46.35,46.56,1083700,44.35
20130110,46.35,46.63,46.22,46.58,1520300,44.37
20130109,45.91,46.05,45.90,45.97,940100,43.78
20130108,45.82,45.96,45.56,45.71,1074400,43.54
20130107,45.98,46.10,45.87,46.02,1390800,43.83
20130104,46.03,46.37,45.98,46.32,1232800,44.12
20130103,46.14,46.39,46.03,46.05,1627900,43.86
20130102,46.38,46.52,46.25,46.49,2778400,44.28
20121231,45.10,45.76,45.06,45.75,2403300,43.58
20121228,45.09,45.22,44.98,44.98,2011600,42.84
20121227,45.40,45.42,45.00,45.32,1547100,43.17
20121226,45.33,45.39,45.02,45.15,1370400,43.00
20121224,45.21,45.21,45.03,45.09,860700,42.95
20121221,44.93,45.23,44.83,45.23,1595200,43.08
20121220,45.41,45.62,45.36,45.58,1151600,43.41
20121219,46.08,46.08,45.86,45.87,2030400,43.17
20121218,45.51,45.80,45.43,45.75,1810400,43.06
20121217,45.18,45.42,45.14,45.42,1297100,42.75
20121214,45.12,45.33,45.05,45.19,804800,42.53
20121213,45.15,45.19,44.88,44.96,814100,42.31
20121212,45.15,45.39,45.06,45.19,1267700,42.53
20121211,44.87,45.01,44.81,44.91,1420000,42.27
20121210,44.61,44.77,44.55,44.67,1528300,42.04
20121207,44.60,44.65,44.43,44.65,1378700,42.02
20121206,44.59,44.60,44.40,44.55,1913800,41.93
20121205,44.40,44.67,44.30,44.50,1161600,41.88
20121204,44.27,44.36,44.20,44.22,1851400,41.62
20121203,44.28,44.39,44.10,44.12,1368500,41.52
20121130,44.08,44.25,44.02,44.07,921700,41.48
20121129,44.03,44.18,43.86,44.05,1921200,41.46
20121128,43.17,43.77,43.06,43.74,1322000,41.17
20121127,43.64,43.70,43.41,43.42,786600,40.86
20121126,43.61,43.73,43.48,43.70,1227700,41.13
20121123,43.49,43.85,43.49,43.85,292100,41.27
20121121,42.80,42.99,42.77,42.93,587300,40.40
20121120,42.71,42.90,42.58,42.90,674300,40.37
20121119,42.55,42.89,42.52,42.86,677400,40.34
20121116,42.06,42.12,41.69,42.07,959600,39.59
20121115,42.06,42.23,41.87,42.03,925400,39.56
20121114,42.55,42.58,41.86,41.95,1346900,39.48
20121113,42.31,42.70,42.23,42.37,768600,39.88
20121112,42.78,42.80,42.60,42.70,633000,40.19
20121109,42.58,42.90,42.50,42.67,927000,40.16
20121108,42.96,43.13,42.60,42.63,1010700,40.12
20121107,43.24,43.29,42.83,43.08,1292400,40.54
20121106,43.51,43.80,43.48,43.74,560400,41.17
20121105,43.34,43.43,43.22,43.40,521300,40.85
20121102,43.86,43.89,43.32,43.37,961000,40.82
20121101,43.56,43.82,43.46,43.77,1063700,41.19
20121031,43.53,43.60,43.17,43.29,846300,40.74
20121026,43.29,43.38,43.07,43.27,533600,40.72
20121025,43.63,43.65,43.21,43.41,519900,40.85
20121024,43.39,43.43,43.08,43.09,656200,40.55
20121023,43.16,43.17,42.81,43.09,1161100,40.55
20121022,43.94,44.02,43.67,43.94,528200,41.35
20121019,44.10,44.12,43.53,43.59,545900,41.02
20121018,44.24,44.46,44.10,44.26,458000,41.65
20121017,44.18,44.40,44.06,44.36,828000,41.75
20121016,43.76,44.04,43.76,44.02,855400,41.43
20121015,43.18,43.41,43.01,43.41,550900,40.85
20121012,43.17,43.30,42.90,42.95,882300,40.42
20121011,43.26,43.34,43.07,43.07,378900,40.53
20121010,42.93,42.97,42.62,42.74,642100,40.22
20121009,43.23,43.30,42.84,42.86,910600,40.34
20121008,43.44,43.49,43.34,43.41,558300,40.85
20121005,44.02,44.18,43.65,43.74,565600,41.17
20121004,43.46,43.77,43.44,43.77,539200,41.19
20121003,43.41,43.41,43.13,43.24,484900,40.69
20121002,43.67,43.72,43.27,43.42,999200,40.86
20121001,43.41,43.72,43.24,43.31,995400,40.76
20120928,43.21,43.24,42.83,42.96,1248400,40.43
20120927,43.37,43.70,43.21,43.61,607000,41.04
20120926,43.10,43.12,42.83,43.02,927900,40.49
20120925,43.88,44.00,43.34,43.36,592500,40.81
20120924,43.59,43.83,43.51,43.75,1160200,41.17
20120921,44.91,44.92,44.65,44.68,695500,41.30
20120920,44.36,44.59,44.21,44.53,1130200,41.16
20120919,44.81,45.04,44.72,44.96,1341100,41.56
20120918,44.73,44.89,44.65,44.79,503000,41.40
20120917,45.06,45.21,44.82,44.93,674500,41.53
20120914,45.17,45.59,45.15,45.24,937500,41.82
20120913,43.85,44.86,43.74,44.76,699800,41.37
20120912,44.02,44.08,43.79,43.95,840100,40.62
20120911,43.43,43.83,43.43,43.74,539800,40.43
20120910,43.51,43.59,43.25,43.27,524400,39.99
20120907,43.42,43.67,43.41,43.64,707900,40.34
20120906,42.31,43.06,42.28,43.03,677300,39.77
20120905,42.00,42.10,41.85,41.95,760300,38.77
20120904,42.26,42.27,41.92,42.07,1495400,38.89
20120831,42.33,42.45,41.95,42.27,804600,39.07
20120830,42.13,42.18,41.78,41.82,887700,38.65
20120829,42.57,42.58,42.33,42.44,547700,39.23
20120828,42.45,42.66,42.43,42.55,617100,39.33
20120827,42.65,42.81,42.56,42.63,630100,39.40
20120824,42.48,42.82,42.35,42.64,1519000,39.41
20120823,42.85,42.94,42.63,42.72,1089400,39.49
20120822,42.77,43.07,42.61,43.02,802000,39.76
20120821,43.14,43.40,42.93,43.06,806700,39.80
20120820,42.78,42.94,42.62,42.91,768500,39.66
20120817,42.94,42.99,42.75,42.90,1068300,39.65
20120816,42.61,43.02,42.53,42.95,1007700,39.70
20120815,42.44,42.53,42.37,42.45,593700,39.24
20120814,42.64,42.67,42.42,42.51,874900,39.29
20120813,42.50,42.64,42.29,42.47,647600,39.26
20120810,42.24,42.69,42.16,42.69,442600,39.46
20120809,42.44,42.69,42.40,42.57,566100,39.35
20120808,42.31,42.61,42.26,42.50,478000,39.28
20120807,42.41,42.68,42.41,42.50,586100,39.28
20120806,42.09,42.34,42.02,42.18,1049200,38.99
20120803,41.51,42.03,41.49,41.88,937600,38.71
20120802,40.71,41.09,40.38,40.63,635900,37.55
20120801,41.45,41.53,41.13,41.20,620200,38.08
20120731,41.35,41.49,41.17,41.18,545800,38.06
20120730,41.29,41.50,41.23,41.36,717300,38.23
20120727,40.89,41.60,40.80,41.49,602100,38.35
20120726,40.40,40.57,40.23,40.48,703200,37.42
20120725,39.57,39.66,39.24,39.47,641500,36.48
20120724,39.59,39.61,38.96,39.20,1214300,36.23
20120723,39.46,39.67,39.13,39.57,814500,36.57
20120720,40.60,40.60,40.34,40.43,374700,37.37
20120719,41.13,41.30,40.99,41.17,459200,38.05
20120718,40.42,40.96,40.41,40.90,493300,37.80
20120717,40.63,40.77,40.15,40.72,434200,37.64
20120716,40.37,40.57,40.16,40.48,324300,37.42
20120713,39.97,40.53,39.97,40.47,491300,37.41
20120712,39.84,40.02,39.54,39.90,758400,36.88
20120711,40.39,40.51,40.12,40.37,412900,37.31
20120710,40.73,40.80,40.09,40.22,376800,37.18
20120709,40.45,40.54,40.25,40.54,529300,37.47
20120706,40.77,40.80,40.44,40.65,761700,37.57
20120705,41.19,41.30,40.93,41.11,608400,38.00
20120703,41.33,41.77,41.30,41.74,431200,38.58
20120702,41.00,41.26,40.86,41.24,875800,38.12
20120629,40.77,41.01,40.72,40.98,1151000,37.88
20120628,39.28,39.60,39.08,39.58,458600,36.58
20120627,39.45,39.69,39.33,39.60,383200,36.60
20120626,39.19,39.39,38.92,39.26,789200,36.29
20120625,39.18,39.21,38.90,39.02,827400,36.07
20120622,39.96,39.97,39.59,39.84,581300,36.82
20120621,40.54,40.60,39.52,39.54,801700,36.55
20120620,40.68,40.99,40.37,40.68,689300,37.60
20120619,40.22,40.79,40.20,40.59,652400,37.52
20120618,39.71,39.95,39.62,39.82,714100,36.81
20120615,39.59,39.88,39.48,39.85,550300,36.83
20120614,39.08,39.50,38.95,39.31,517100,36.33
20120613,39.04,39.48,38.98,39.14,1451700,36.18
20120612,39.07,39.33,38.77,39.32,832900,36.34
20120611,39.53,40.00,38.66,38.70,1017700,35.77
20120608,38.67,39.14,38.56,39.11,1102600,36.15
20120607,39.79,39.81,39.17,39.25,879700,36.28
20120606,38.46,39.21,38.46,39.17,928700,36.20
20120605,37.81,38.13,37.81,38.05,1485900,35.17
20120604,37.88,38.02,37.54,37.82,1379800,34.96
20120601,37.82,38.09,37.63,37.65,2145300,34.80
20120531,38.56,38.68,38.09,38.47,1911500,35.56
20120530,38.70,38.71,38.40,38.45,595700,35.54
20120529,39.25,39.51,39.02,39.30,918200,36.33
20120525,38.70,38.91,38.62,38.75,742100,35.82
20120524,39.07,39.13,38.58,38.88,635200,35.94
20120523,38.88,39.05,38.33,39.05,972000,36.09
20120522,39.59,39.85,39.16,39.35,653800,36.37
20120521,38.96,39.58,38.92,39.58,1228800,36.58
20120518,39.16,39.18,38.67,38.74,705100,35.81
20120517,39.45,39.51,39.00,39.00,781400,36.05
20120516,39.92,40.14,39.48,39.51,1196600,36.52
20120515,40.26,40.43,39.83,39.90,941600,36.88
20120514,40.61,40.73,40.39,40.41,1527700,37.35
20120511,41.11,41.66,41.08,41.20,572600,38.08
20120510,41.73,41.80,41.50,41.54,1281400,38.40
20120509,41.13,41.55,40.88,41.33,1128200,38.20
20120508,42.06,42.08,41.41,41.85,629000,38.68
20120507,42.21,42.55,42.21,42.52,476400,39.30
20120504,42.71,42.77,42.21,42.30,885500,39.10
20120503,43.27,43.36,42.87,42.96,483600,39.71
20120502,43.19,43.40,43.02,43.33,599100,40.05
20120501,43.44,43.85,43.36,43.63,600800,40.33
20120430,43.53,43.54,43.30,43.42,603400,40.13
20120427,43.63,43.72,43.40,43.68,1257000,40.37
20120426,43.10,43.54,43.05,43.52,832200,40.23
20120425,43.20,43.29,43.03,43.25,3951000,39.98
20120424,42.60,42.89,42.60,42.73,458900,39.50
20120423,42.42,42.50,42.11,42.46,974000,39.25
20120420,43.24,43.38,43.16,43.19,526100,39.92
20120419,43.13,43.36,42.68,42.90,477400,39.65
20120418,43.03,43.30,42.97,43.13,796000,39.87
20120417,43.06,43.47,42.94,43.33,712400,40.05
20120416,42.88,42.95,42.48,42.66,1103100,39.43
20120413,43.03,43.03,42.47,42.54,646400,39.32
20120412,42.69,43.40,42.67,43.32,668800,40.04
20120411,42.68,42.79,42.43,42.49,680900,39.27
20120410,42.72,42.77,41.92,42.00,1421600,38.82
20120409,42.68,42.96,42.60,42.81,623500,39.57
20120405,42.97,43.34,42.96,43.18,540200,39.91
20120404,43.37,43.44,43.02,43.19,873100,39.92
20120403,44.58,44.64,43.90,44.15,675700,40.81
20120402,44.10,44.89,44.01,44.74,817400,41.35
20120330,44.24,44.27,43.93,44.22,617600,40.87
20120329,43.78,43.89,43.42,43.86,1099000,40.54
20120328,44.56,44.56,43.94,44.17,962100,40.83
20120327,44.80,44.83,44.53,44.53,604700,41.16
20120326,44.54,44.85,44.52,44.84,1129000,41.45
20120323,43.90,44.21,43.70,44.20,812700,40.85
20120322,43.88,44.01,43.73,43.91,560300,40.59
20120321,44.40,44.44,44.14,44.31,583700,40.96
20120320,44.42,44.56,44.22,44.51,672500,41.14
20120319,44.87,45.17,44.77,45.03,747900,41.62
20120316,44.97,45.10,44.91,44.95,1013600,41.55
20120315,44.58,44.83,44.42,44.76,678200,41.37
20120314,44.74,44.81,44.30,44.43,510200,41.07
20120313,44.30,44.88,44.23,44.87,1093000,41.47
20120312,44.08,44.12,43.84,44.09,570300,40.75
20120309,44.22,44.43,44.11,44.24,452800,40.89
20120308,44.07,44.50,43.94,44.37,546700,41.01
20120307,43.24,43.48,43.10,43.40,577000,40.11
20120306,43.29,43.31,42.80,42.91,1679200,39.66
20120305,44.52,44.55,44.22,44.27,1026400,40.92
20120302,44.83,44.86,44.56,44.73,847600,41.34
20120301,44.84,45.15,44.78,45.05,1847200,41.64
20120229,45.13,45.30,44.55,44.62,1538300,41.24
20120228,44.73,45.00,44.60,44.97,615700,41.57
20120227,44.29,44.66,44.12,44.55,663400,41.18
20120224,44.75,44.98,44.74,44.85,531900,41.45
20120223,44.37,44.60,44.14,44.55,588000,41.18
20120222,44.33,44.41,44.20,44.32,1488000,40.96
20120221,44.48,44.64,44.33,44.42,1404700,41.06
20120217,44.50,44.50,44.17,44.37,398800,41.01
20120216,43.55,44.24,43.43,44.21,502700,40.86
20120215,43.99,44.00,43.55,43.65,687400,40.35
20120214,43.65,43.74,43.26,43.56,557900,40.26
20120213,43.90,43.97,43.70,43.83,829400,40.51
20120210,43.29,43.42,43.19,43.37,564300,40.09
20120209,44.25,44.31,43.95,44.17,859100,40.83
20120208,44.04,44.23,43.86,44.11,828300,40.77
20120207,43.65,43.97,43.42,43.93,1012500,40.60
20120206,43.44,43.69,43.40,43.67,832700,40.36
20120203,43.60,43.90,43.48,43.85,1102400,40.53
20120202,43.21,43.36,43.06,43.16,720100,39.89
20120201,42.86,43.24,42.86,43.04,1029600,39.78
20120131,42.66,42.66,42.13,42.37,701500,39.16
20120130,41.95,42.22,41.84,42.13,1201300,38.94
20120127,42.46,42.70,42.43,42.60,658200,39.38
20120126,42.85,42.94,42.36,42.52,645200,39.30
20120125,41.81,42.59,41.62,42.45,838400,39.24
20120124,41.88,42.13,41.74,41.95,4662900,38.77
20120123,42.17,42.45,42.13,42.32,1674900,39.12
20120120,41.88,42.08,41.81,42.01,583100,38.83
20120119,41.71,41.99,41.57,41.96,1031900,38.78
20120118,40.84,41.42,40.78,41.41,972500,38.28
20120117,40.75,40.87,40.56,40.60,850200,37.53
20120113,40.09,40.12,39.67,40.09,440900,37.06
20120112,40.50,40.58,40.23,40.50,379500,37.43
20120111,40.11,40.34,39.98,40.31,1305000,37.26
20120110,40.42,40.57,40.36,40.40,929000,37.34
20120109,39.84,39.84,39.56,39.78,697200,36.77
20120106,40.00,40.00,39.56,39.61,662700,36.61
20120105,40.03,40.19,39.79,40.12,791200,37.08
20120104,40.45,40.64,40.27,40.58,1380900,37.51
20120103,40.59,40.91,40.52,40.69,1657700,37.61
20111230,39.58,39.78,39.48,39.65,2182600,36.65
20111229,38.96,39.49,38.96,39.46,3125100,36.47
20111228,39.32,39.44,38.86,38.89,2297600,35.95
20111227,39.64,39.73,39.50,39.51,1550900,36.52
20111223,39.62,39.81,39.52,39.80,1333500,36.79
20111222,39.18,39.60,39.14,39.57,2412900,36.57
20111221,39.01,39.18,38.72,39.12,1925800,36.16
20111220,40.06,40.66,40.06,40.56,1835000,36.22
20111219,39.76,39.90,39.17,39.25,1091400,35.05
20111216,39.84,40.09,39.60,39.76,1092500,35.51
20111215,40.09,40.15,39.68,39.73,1124000,35.48
20111214,39.90,40.06,39.50,39.62,1198200,35.38
20111213,40.82,41.13,39.90,40.11,920300,35.82
20111212,40.97,40.98,40.35,40.69,877400,36.34
20111209,41.28,41.93,41.19,41.87,763700,37.39
20111208,41.65,41.76,40.82,40.94,1192400,36.56
20111207,41.87,42.42,41.66,42.23,773500,37.72
20111206,42.04,42.32,41.83,42.06,693700,37.56
20111205,42.58,42.69,41.99,42.34,1164700,37.81
20111202,42.36,42.37,41.75,41.75,863800,37.29
20111201,41.83,42.24,41.66,41.69,738600,37.23
20111130,41.80,42.14,41.63,42.06,975300,37.56
20111129,39.99,40.29,39.86,40.00,669500,35.72
20111128,39.96,40.07,39.65,39.90,991000,35.63
20111125,38.37,38.82,38.29,38.31,238900,34.21
20111123,39.08,39.08,38.34,38.44,1189000,34.33
20111122,39.67,39.85,39.30,39.55,2006000,35.32
20111121,39.94,39.94,39.36,39.63,1726400,35.39
20111118,41.07,41.10,40.67,40.71,845600,36.36
20111117,41.42,41.60,40.50,40.69,976300,36.34
20111116,41.56,42.02,41.20,41.26,963000,36.85
20111115,41.89,42.28,41.70,42.06,423500,37.56
20111114,42.27,42.47,41.88,42.09,316600,37.59
20111111,42.43,42.93,42.41,42.77,789900,38.20
20111110,42.14,42.20,41.52,41.81,989900,37.34
20111109,42.01,42.18,41.34,41.40,562400,36.97
20111108,43.39,43.73,42.95,43.62,423000,38.96
20111107,42.94,43.23,42.60,43.21,463900,38.59
20111104,42.90,43.09,42.37,42.95,529400,38.36
20111103,43.05,43.54,42.37,43.42,897400,38.78
20111102,42.40,42.72,42.09,42.42,595200,37.89
20111101,41.59,42.24,41.28,41.80,1021800,37.33
20111031,44.12,44.15,43.17,43.17,994900,38.56
20111028,44.85,45.22,44.78,45.09,931500,40.27
20111027,45.00,45.74,44.61,45.46,734900,40.60
20111026,43.17,43.25,42.20,43.13,431300,38.52
20111025,42.85,42.95,42.25,42.45,619800,37.91
20111024,42.35,43.28,42.35,43.09,894300,38.48
20111021,41.90,42.34,41.89,42.29,972500,37.77
20111020,41.30,41.42,40.61,41.25,814400,36.84
20111019,41.92,42.04,41.29,41.32,494600,36.90
20111018,41.32,42.38,40.92,42.13,526100,37.63
20111017,42.17,42.18,41.34,41.48,703300,37.05
20111014,42.35,42.58,42.12,42.53,824500,37.98
20111013,41.64,41.95,41.25,41.84,721600,37.37
20111012,41.81,42.37,41.79,41.95,567500,37.47
20111011,40.77,41.20,40.64,41.11,483000,36.72
20111010,40.73,41.31,40.68,41.31,421100,36.89
20111007,40.27,40.35,39.52,39.66,622100,35.42
20111006,38.94,39.99,38.83,39.98,708100,35.71
20111005,38.16,39.05,37.89,38.92,826500,34.76
20111004,37.34,38.22,36.72,38.21,1937900,34.13
20111003,38.41,38.96,37.65,37.69,1800100,33.66
20110930,39.15,39.55,38.72,38.72,786400,34.58
20110929,40.43,40.60,39.54,40.11,471300,35.82
20110928,40.41,40.61,39.37,39.41,1261600,35.20
20110927,40.38,40.99,40.10,40.25,1641900,35.95
20110926,38.67,39.32,38.08,39.27,1259800,35.07
20110923,37.85,38.63,37.76,38.46,1397900,34.35
20110922,38.48,38.57,37.62,38.08,2062000,34.01
20110921,41.01,41.13,39.84,39.84,908300,35.58
20110920,41.25,41.60,40.90,41.09,612500,36.70
20110919,40.86,41.36,40.58,41.10,623000,36.71
20110916,42.38,42.51,41.87,42.20,692500,37.69
20110915,42.01,42.27,41.73,42.27,682100,37.75
20110914,41.12,41.84,40.43,41.42,696100,36.99
20110913,40.82,41.23,40.54,41.08,1139800,36.69
20110912,40.18,40.79,39.83,40.77,871300,36.41
20110909,41.73,41.79,40.82,40.96,1394400,36.58
20110908,42.63,43.11,42.35,42.47,608800,37.93
20110907,42.62,43.25,42.52,43.24,607000,38.62
20110906,41.21,42.11,41.20,42.09,1200200,37.59
20110902,43.26,43.56,42.97,43.08,1614200,38.47
20110901,44.37,44.90,44.06,44.17,2409200,39.45
20110831,44.44,44.81,44.24,44.51,1592200,39.75
20110830,43.56,44.05,43.28,43.82,671700,39.14
20110829,43.53,43.99,43.52,43.97,433800,39.27
20110826,42.13,42.97,41.59,42.86,636200,38.28
20110825,43.14,43.28,42.10,42.29,743300,37.77
20110824,42.88,43.37,42.57,43.20,702200,38.58
20110823,42.28,43.26,41.99,43.24,866700,38.62
20110822,42.73,42.80,41.82,41.93,766400,37.45
20110819,41.81,42.78,41.54,41.59,1096300,37.14
20110818,42.79,42.87,41.80,42.24,808900,37.72
20110817,44.49,44.86,44.11,44.37,533300,39.63
20110816,44.00,44.59,43.62,44.04,855200,39.33
20110815,44.12,44.71,44.12,44.64,1062800,39.87
20110812,43.55,43.97,43.14,43.67,1652800,39.00
20110811,41.57,43.62,41.44,43.16,2835900,38.55
20110810,42.55,42.55,41.21,41.24,2652600,36.83
20110809,42.48,43.55,41.20,43.55,3157700,38.89
20110808,42.77,43.22,40.82,41.04,5570300,36.65
20110805,44.84,44.98,42.90,44.47,2663600,39.72
20110804,45.74,45.76,43.95,44.02,2488700,39.31
20110803,47.13,47.22,46.20,47.11,2184100,42.07
20110802,47.71,48.07,46.93,46.97,952700,41.95
20110801,49.17,49.33,47.87,48.28,1816000,43.12
20110729,48.45,49.04,48.32,48.63,1262700,43.43
20110728,48.85,49.10,48.57,48.67,790500,43.47
20110727,49.58,49.64,48.66,48.76,673000,43.55
20110726,49.90,50.11,49.70,49.94,535400,44.60
20110725,49.66,49.87,49.58,49.63,1146100,44.32
20110722,49.96,50.02,49.63,50.00,805500,44.66
20110721,49.45,50.03,49.28,49.90,1184900,44.57
20110720,48.93,49.09,48.70,48.99,508800,43.75
20110719,48.30,48.65,48.25,48.56,595700,43.37
20110718,47.98,48.08,47.49,47.86,1185600,42.74
20110715,48.56,48.72,48.24,48.54,609100,43.35
20110714,48.95,49.03,48.18,48.28,618100,43.12
20110713,48.45,49.13,48.35,48.70,599900,43.49
20110712,48.02,48.48,47.91,47.98,1030100,42.85
20110711,48.72,48.79,48.20,48.27,464900,43.11
20110708,49.66,49.86,49.36,49.69,956700,44.38
20110707,50.19,50.39,50.10,50.29,533300,44.91
20110706,49.81,49.87,49.50,49.81,790700,44.49
20110705,50.05,50.33,49.97,50.06,1080600,44.71
20110701,49.76,50.40,49.63,50.33,914300,44.95
20110630,49.43,49.90,49.32,49.81,691600,44.49
20110629,48.81,49.21,48.55,49.12,1686200,43.87
20110628,47.88,48.43,47.84,48.43,546000,43.25
20110627,47.25,47.86,47.20,47.75,747900,42.65
20110624,47.88,47.88,47.26,47.36,898700,42.30
20110623,47.32,47.78,47.00,47.74,1261200,42.64
20110622,48.28,48.59,48.06,48.09,969900,42.95
20110621,47.99,48.63,47.98,48.56,672200,43.37
20110620,47.37,47.62,47.31,47.54,765600,42.46
20110617,47.81,47.89,47.51,47.62,540100,42.53
20110616,47.37,47.60,46.85,47.24,1250200,42.19
20110615,48.14,48.26,47.40,47.56,607200,42.48
20110614,48.73,49.10,48.73,48.95,494200,43.72
20110613,48.27,48.41,47.82,48.11,808500,42.97
20110610,48.75,48.75,47.93,48.08,1125500,42.94
20110609,48.78,49.30,48.70,49.18,413400,43.92
20110608,48.99,49.22,48.59,48.69,1455800,43.49
20110607,49.41,49.65,49.26,49.27,683500,44.00
20110606,49.38,49.44,48.81,48.86,482800,43.64
20110603,49.06,49.78,49.02,49.53,909200,44.24
20110602,49.56,49.69,49.06,49.52,983100,44.23
20110601,50.26,50.30,49.26,49.30,1156100,44.03
20110531,50.35,50.39,50.03,50.36,4574800,44.98
20110527,49.46,49.67,49.36,49.47,581000,44.18
20110526,48.80,49.17,48.56,49.10,684200,43.85
20110525,48.25,48.82,48.24,48.67,550900,43.47
20110524,48.47,48.62,48.23,48.40,736400,43.23
20110523,48.10,48.29,47.88,48.10,697900,42.96
20110520,49.51,49.53,48.91,49.11,605300,43.86
20110519,49.66,49.81,49.35,49.76,505200,44.44
20110518,49.20,49.71,49.06,49.58,857200,44.28
20110517,48.83,49.17,48.53,49.15,770100,43.90
20110516,48.95,49.57,48.86,49.03,823000,43.79
20110513,49.76,49.80,48.82,49.13,905300,43.88
20110512,49.52,50.08,49.27,49.91,788000,44.57
20110511,50.47,50.49,49.53,49.75,1123900,44.43
20110510,50.41,50.76,50.30,50.70,939400,45.28
20110509,50.03,50.31,49.74,50.25,674500,44.88
20110506,50.48,50.80,49.71,50.04,735300,44.69
20110505,50.15,50.34,49.58,49.82,900600,44.49
20110504,51.28,51.29,50.56,50.72,945000,45.30
20110503,51.53,51.67,51.04,51.31,664900,45.83
20110502,52.05,52.29,51.80,51.89,626900,46.34
20110429,51.80,52.08,51.73,52.01,673000,46.45
20110428,51.48,51.79,51.43,51.75,840800,46.22
20110427,51.34,51.69,50.87,51.61,780200,46.09
20110426,50.96,51.21,50.79,51.16,507900,45.69
20110425,50.93,50.99,50.57,50.75,963100,45.32
20110421,50.87,50.95,50.66,50.86,600400,45.42
20110420,50.44,50.60,50.36,50.58,592700,45.17
20110419,49.18,49.44,49.09,49.40,588500,44.12
20110418,48.95,48.98,48.35,48.87,786800,43.65
20110415,49.85,49.99,49.65,49.88,568300,44.55
20110414,49.60,49.99,49.49,49.91,461800,44.57
20110413,50.15,50.23,49.61,49.75,736800,44.43
20110412,49.84,49.95,49.42,49.63,665000,44.32
20110411,50.52,50.57,50.03,50.12,508600,44.76
20110408,50.59,50.63,50.25,50.40,766100,45.01
20110407,50.23,50.36,49.81,50.05,726900,44.70
20110406,50.22,50.42,50.14,50.29,694400,44.91
20110405,49.72,50.12,49.66,49.93,533300,44.59
20110404,50.11,50.15,49.87,50.06,547600,44.71
20110401,49.59,50.00,49.40,49.88,990100,44.55
20110331,49.30,49.50,49.19,49.32,744300,44.05
20110330,49.18,49.45,49.11,49.35,862300,44.07
20110329,48.40,48.80,48.24,48.79,493200,43.57
20110328,48.60,48.81,48.43,48.43,988900,43.25
20110325,48.77,48.96,48.55,48.55,977300,43.36
20110324,48.65,49.03,48.44,48.96,765400,43.73
20110323,48.07,48.50,47.87,48.38,987800,43.21
20110322,48.29,48.30,47.98,48.17,922100,43.02
20110321,48.05,48.34,48.00,48.26,1594100,43.10
20110318,47.36,47.40,47.03,47.17,876400,42.13
20110317,46.69,46.87,46.37,46.59,1059100,41.61
20110316,46.43,46.62,44.88,45.42,2185000,40.56
20110315,45.46,46.88,45.20,46.67,2070100,41.68
20110314,47.32,47.64,47.11,47.63,882100,42.54
20110311,47.77,48.30,47.71,48.19,1157100,43.04
20110310,48.44,48.44,47.96,48.01,912700,42.88
20110309,49.29,49.43,49.09,49.26,850400,43.99
20110308,49.11,49.48,48.80,49.30,777400,44.03
20110307,49.79,49.84,48.91,49.05,826600,43.81
20110304,49.75,49.87,49.22,49.57,1120600,44.27
20110303,49.60,49.88,49.43,49.81,761400,44.49
20110302,49.00,49.57,49.00,49.20,2497800,43.94
20110301,49.68,49.72,48.82,48.83,2431100,43.61
20110228,49.50,49.63,49.23,49.43,850800,44.15
20110225,48.74,49.03,48.72,49.02,1497900,43.78
20110224,48.48,48.59,48.00,48.36,776700,43.19
20110223,48.50,48.65,47.96,48.35,1017000,43.18
20110222,48.77,49.07,48.25,48.31,1431900,43.15
20110218,49.56,49.75,49.44,49.73,1184000,44.41
20110217,49.24,49.57,49.16,49.54,534700,44.24
20110216,48.97,49.38,48.93,49.28,631300,44.01
20110215,48.85,48.90,48.67,48.78,578100,43.57
20110214,48.63,48.90,48.62,48.85,551000,43.63
20110211,48.31,48.84,48.25,48.80,782100,43.58
20110210,48.32,48.67,48.11,48.62,608800,43.42
20110209,49.13,49.19,48.79,48.95,1307400,43.72
20110208,49.19,49.36,49.01,49.35,1102400,44.07
20110207,49.02,49.29,49.01,49.19,1243500,43.93
20110204,49.13,49.13,48.74,49.09,757400,43.84
20110203,49.02,49.18,48.62,49.13,652900,43.88
20110202,49.14,49.32,49.04,49.13,824900,43.88
20110201,48.66,49.26,48.65,49.19,1069800,43.93
20110131,48.07,48.33,47.99,48.11,890000,42.97
20110128,48.60,48.68,47.59,47.66,1033700,42.57
20110127,48.80,49.00,48.63,48.83,965100,43.61
20110126,48.67,48.83,48.55,48.73,1213800,43.52
20110125,48.28,48.43,48.01,48.43,726100,43.25
20110124,48.10,48.59,48.10,48.59,788600,43.40
20110121,48.35,48.47,48.08,48.20,677200,43.05
20110120,48.11,48.17,47.64,48.08,954100,42.94
20110119,49.03,49.07,48.35,48.52,959400,43.33
20110118,48.82,49.02,48.77,48.90,999700,43.67
20110114,48.22,48.68,48.19,48.62,722900,43.42
20110113,48.57,48.67,48.28,48.34,946100,43.17
20110112,47.99,48.40,47.90,48.40,752600,43.23
20110111,47.21,47.47,47.15,47.41,661800,42.34
20110110,46.86,47.03,46.59,47.00,640400,41.98
20110107,47.53,47.53,46.88,47.13,825600,42.09
20110106,47.98,47.98,47.32,47.46,1523500,42.39
20110105,47.47,47.90,47.43,47.86,1473200,42.74
20110104,48.42,48.49,47.73,48.04,1005000,42.90
20110103,48.13,48.31,48.08,48.13,1813800,42.99
20101231,47.42,47.92,47.42,47.73,774500,42.63
20101230,47.48,47.91,47.23,47.47,1228200,42.40
20101229,47.43,47.61,47.36,47.45,930300,42.38
20101228,47.16,47.26,46.99,47.12,726100,42.08
20101227,46.95,47.19,46.84,46.99,680700,41.97
20101223,47.06,47.17,47.00,47.08,852600,42.05
20101222,47.10,47.15,47.00,47.15,805200,42.11
20101221,48.00,48.09,47.97,48.02,1164500,41.98
20101220,47.79,47.79,47.42,47.58,643000,41.59
20101217,47.58,47.64,47.34,47.61,677900,41.62
20101216,47.57,47.83,47.41,47.77,620500,41.76
20101215,47.84,47.99,47.39,47.49,959200,41.51
20101214,48.12,48.42,48.04,48.16,755200,42.10
20101213,48.06,48.35,47.94,48.11,946500,42.06
20101210,47.47,47.69,47.32,47.67,641400,41.67
20101209,47.62,47.65,47.26,47.52,712500,41.54
20101208,47.46,47.65,47.08,47.47,554100,41.50
20101207,48.08,48.12,47.38,47.43,1086900,41.46
20101206,47.26,47.49,47.19,47.42,720600,41.45
20101203,47.16,47.67,47.12,47.60,568400,41.61
20101202,46.37,47.25,46.33,47.25,1386100,41.30
20101201,46.06,46.36,45.96,46.30,2401100,40.47
20101130,44.94,45.43,44.84,45.10,1054700,39.42
20101129,45.44,45.71,45.00,45.57,850800,39.84
20101126,45.86,46.07,45.77,45.83,252400,40.06
20101124,46.32,46.65,46.32,46.62,623800,40.75
20101123,46.24,46.32,45.73,45.83,865700,40.06
20101122,47.17,47.41,46.70,47.27,783900,41.32
20101119,47.29,47.62,47.01,47.60,682600,41.61
20101118,47.44,47.62,47.38,47.58,738300,41.59
20101117,46.48,46.71,46.35,46.47,542500,40.62
20101116,46.98,47.00,46.05,46.25,1127900,40.43
20101115,47.67,47.80,47.39,47.42,937300,41.45
20101112,47.73,47.99,47.13,47.45,738400,41.48
20101111,47.99,48.06,47.76,48.00,973700,41.96
20101110,48.40,48.50,47.78,48.41,776700,42.32
20101109,49.00,49.08,47.98,48.20,4419900,42.13
20101108,48.61,48.75,48.39,48.70,839700,42.57
20101105,48.98,49.14,48.75,48.92,1575500,42.76
20101104,48.90,49.17,48.80,49.17,1020500,42.98
20101103,47.83,48.01,47.25,47.99,1475800,41.95
20101102,47.70,47.81,47.52,47.72,876000,41.71
20101101,47.28,47.38,46.77,47.06,793800,41.14
20101029,46.95,47.13,46.87,47.03,1154900,41.11
20101028,47.07,47.15,46.79,47.06,2226900,41.14
20101027,46.75,46.75,46.15,46.60,1050400,40.74
20101026,46.88,47.13,46.75,47.09,1268800,41.16
20101025,47.61,47.81,47.30,47.30,1293900,41.35
20101022,47.25,47.26,46.98,47.14,827500,41.21
20101021,47.35,47.59,46.66,47.02,1200900,41.10
20101020,46.73,47.40,46.66,47.24,991600,41.29
20101019,46.70,46.90,46.18,46.40,1339500,40.56
20101018,47.28,47.71,47.19,47.55,708700,41.57
20101015,47.78,47.81,47.17,47.46,1479000,41.49
20101014,47.70,47.77,47.36,47.58,1118700,41.59
20101013,47.34,47.63,47.21,47.43,1029900,41.46
20101012,46.63,46.95,46.27,46.88,853100,40.98
20101011,47.05,47.10,46.78,46.95,531700,41.04
20101008,46.68,47.09,46.57,47.01,1532700,41.09
20101007,47.14,47.14,46.38,46.66,814400,40.79
20101006,46.73,46.89,46.63,46.82,1555700,40.93
20101005,46.06,46.66,45.97,46.55,682600,40.69
20101004,45.65,45.80,45.24,45.39,1549100,39.68
20101001,45.88,45.98,45.55,45.89,1415500,40.11
20100930,45.81,45.93,45.07,45.40,1401700,39.69
20100929,45.53,45.70,45.35,45.49,614500,39.77
20100928,45.35,45.58,44.89,45.54,666000,39.81
20100927,45.41,45.45,45.19,45.21,609400,39.52
20100924,45.10,45.49,45.07,45.41,744000,39.70
20100923,44.33,44.72,44.20,44.28,926800,38.71
20100922,44.91,45.13,44.63,44.75,562200,39.12
20100921,44.84,45.07,44.41,44.72,752100,39.09
20100920,44.27,44.87,44.21,44.75,634700,39.12
20100917,44.31,44.33,43.91,43.99,1031900,38.45
20100916,44.15,44.32,44.02,44.31,823600,38.73
20100915,44.16,44.46,43.97,44.41,813300,38.82
20100914,44.11,44.57,43.95,44.37,2017600,38.79
20100913,44.17,44.24,44.00,44.20,672500,38.64
20100910,43.31,43.47,43.26,43.37,364100,37.91
20100909,43.49,43.55,43.10,43.22,376900,37.78
20100908,42.82,43.20,42.82,42.88,524200,37.48
20100907,42.94,42.94,42.54,42.59,755300,37.23
20100903,43.09,43.26,42.89,43.13,515400,37.70
20100902,42.39,42.74,42.28,42.74,1434800,37.36
20100901,41.87,42.58,41.87,42.39,1337400,37.06
20100831,40.95,41.36,40.87,41.05,2876900,35.88
20100830,41.40,41.52,41.01,41.01,1103000,35.85
20100827,41.18,41.71,40.69,41.60,914000,36.36
20100826,41.12,41.30,40.65,40.78,618000,35.65
20100825,40.47,40.95,40.22,40.83,1048200,35.69
20100824,41.04,41.10,40.59,40.77,1032400,35.64
20100823,41.86,42.02,41.49,41.52,627800,36.29
20100820,41.54,41.71,41.35,41.61,440700,36.37
20100819,42.56,42.67,41.73,42.02,1060500,36.73
20100818,42.58,42.78,42.35,42.56,1014600,37.20
20100817,42.45,42.80,42.34,42.47,681400,37.13
20100816,41.71,42.15,41.57,41.97,583000,36.69
20100813,41.73,42.03,41.69,41.70,453400,36.45
20100812,41.41,41.88,41.41,41.80,650200,36.54
20100811,42.26,42.32,41.75,41.84,975500,36.57
20100810,43.28,43.71,42.96,43.52,1034600,38.04
20100809,43.97,44.02,43.81,43.88,935800,38.36
20100806,43.56,43.90,43.36,43.85,769400,38.33
20100805,43.75,43.80,43.50,43.80,1307600,38.29
20100804,43.77,43.92,43.50,43.88,1215100,38.36
20100803,43.74,43.93,43.43,43.79,1022300,38.28
20100802,43.41,43.95,43.31,43.89,1891700,38.37
20100730,42.09,42.65,41.96,42.51,884700,37.16
20100729,42.87,43.00,42.09,42.44,817700,37.10
20100728,42.42,42.51,42.16,42.27,600000,36.95
20100727,42.77,42.79,42.26,42.53,1038100,37.18
20100726,42.09,42.51,41.95,42.51,845400,37.16
20100723,41.70,42.25,41.50,42.25,1060300,36.93
20100722,41.42,41.89,41.37,41.83,943100,36.57
20100721,41.15,41.20,40.29,40.46,708100,35.37
20100720,40.19,41.15,40.12,41.15,524100,35.97
20100719,40.66,40.84,40.32,40.66,741700,35.54
20100716,41.23,41.23,40.28,40.35,1044800,35.27
20100715,41.64,41.72,41.00,41.66,771600,36.42
20100714,41.30,41.64,41.20,41.52,587000,36.29
20100713,41.22,41.56,41.17,41.49,1377400,36.27
20100712,40.66,40.88,40.47,40.76,841000,35.63
20100709,40.60,41.05,40.53,41.01,1750900,35.85
20100708,40.66,40.82,40.27,40.76,1665200,35.63
20100707,39.59,40.47,39.53,40.47,778600,35.38
20100706,39.55,39.96,39.07,39.35,882700,34.40
20100702,38.82,39.02,38.37,38.69,1043900,33.82
20100701,38.77,38.87,38.11,38.60,2425800,33.74
20100630,38.62,39.07,38.32,38.38,1106000,33.55
20100629,39.32,39.32,38.41,38.66,1187100,33.79
20100628,40.25,40.46,39.93,40.09,830100,35.04
20100625,40.13,40.49,39.79,40.29,799400,35.22
20100624,40.52,40.54,39.96,40.10,669400,35.05
20100623,40.77,41.02,40.29,40.78,830600,35.65
20100622,41.18,41.35,40.43,40.54,700900,35.44
20100621,41.65,41.79,40.91,41.08,924900,35.91
20100618,40.96,41.13,40.82,40.97,632300,35.81
20100617,41.08,41.08,40.55,40.93,835000,35.78
20100616,40.51,41.08,40.46,40.90,2009400,35.75
20100615,40.32,41.01,40.19,40.96,783400,35.81
20100614,40.04,40.34,39.65,39.70,897400,34.70
20100611,39.01,39.58,38.93,39.53,728000,34.56
20100610,39.06,39.44,38.91,39.39,965400,34.43
20100609,38.41,38.80,37.84,38.01,1352400,33.23
20100608,37.64,38.16,37.31,38.11,1580100,33.31
20100607,38.10,38.23,37.35,37.38,879000,32.68
20100604,38.54,38.73,37.68,37.88,1468100,33.11
20100603,39.63,39.83,39.03,39.46,960100,34.49
20100602,38.71,39.60,38.50,39.52,750400,34.55
20100601,38.46,39.38,38.35,38.38,1712800,33.55
20100528,39.41,39.41,38.64,38.90,1603000,34.00
20100527,38.78,39.54,38.58,39.54,817600,34.56
20100526,37.91,38.42,37.36,37.52,1245300,32.80
20100525,36.79,37.97,36.49,37.91,1968400,33.14
20100524,38.42,38.73,38.05,38.05,927200,33.26
20100521,37.40,38.92,37.36,38.92,2876600,34.02
20100520,38.45,38.65,37.60,37.98,1754400,33.20
20100519,39.37,39.70,38.80,39.55,1360200,34.57
20100518,40.68,40.88,39.37,39.57,927300,34.59
20100517,40.65,40.73,39.52,40.43,1217300,35.34
20100514,41.13,41.16,40.08,40.43,1138200,35.34
20100513,41.83,42.08,41.47,41.54,863400,36.31
20100512,41.90,42.19,41.81,42.08,1002700,36.78
20100511,41.39,42.17,41.20,41.56,1225300,36.33
20100510,41.83,42.38,41.69,42.21,1428600,36.90
20100507,39.90,40.32,38.65,39.59,3575900,34.61
20100506,41.02,41.41,34.00,39.37,3339000,34.42
20100505,41.30,41.87,41.04,41.35,1703200,36.15
20100504,42.88,42.88,42.03,42.19,1629900,36.88
20100503,43.72,44.08,43.64,43.93,856100,38.40
20100430,44.25,44.29,43.59,43.66,977900,38.17
20100429,43.91,44.28,43.85,44.24,567600,38.67
20100428,43.69,43.82,42.97,43.39,1185600,37.93
20100427,44.55,44.75,43.31,43.39,2407000,37.93
20100426,45.27,45.33,45.04,45.08,1764500,39.41
20100423,44.64,45.11,44.43,45.10,1196000,39.42
20100422,44.27,44.82,44.10,44.76,515500,39.13
20100421,45.17,45.17,44.70,44.96,903800,39.30
20100420,45.26,45.39,45.08,45.30,799100,39.60
20100419,44.54,44.91,44.31,44.87,798400,39.22
20100416,45.72,45.78,44.75,45.02,1338600,39.35
20100415,45.94,46.16,45.81,46.06,662400,40.26
20100414,45.92,46.19,45.77,46.18,862500,40.37
20100413,45.62,45.67,45.19,45.55,925200,39.82
20100412,45.70,45.75,45.56,45.61,955200,39.87
20100409,45.25,45.62,45.16,45.59,1433800,39.85
20100408,44.68,45.10,44.48,45.06,520900,39.39
20100407,45.28,45.28,44.87,45.04,1068800,39.37
20100406,45.13,45.52,45.07,45.45,979100,39.73
20100405,45.37,45.57,45.20,45.48,818400,39.76
20100401,44.90,45.29,44.90,45.29,1182600,39.59
20100331,44.32,44.62,44.20,44.44,652700,38.85
20100330,44.56,44.64,44.21,44.44,781700,38.85
20100329,44.16,44.41,44.10,44.41,619600,38.82
20100326,43.75,44.10,43.60,43.84,683100,38.32
20100325,44.01,44.10,43.49,43.55,1123700,38.07
20100324,43.68,43.82,43.50,43.62,663700,38.13
20100323,44.01,44.33,43.86,44.31,1061900,38.73
20100322,43.33,44.02,43.20,44.00,795800,38.46
20100319,43.80,44.33,43.67,43.80,645800,38.29
20100318,44.47,44.53,44.03,44.24,3572900,38.67
20100317,44.50,44.77,44.47,44.58,746800,38.97
20100316,43.90,44.36,43.79,44.27,1626300,38.70
20100315,43.80,43.84,43.41,43.69,657600,38.19
20100312,44.23,44.30,43.89,44.03,1277000,38.49
20100311,43.68,43.88,43.45,43.85,1421500,38.33
20100310,43.57,43.92,43.49,43.76,629500,38.25
20100309,43.23,43.71,43.17,43.51,1163700,38.03
20100308,43.61,43.75,43.44,43.57,862000,38.09
20100305,42.93,43.57,42.93,43.50,620500,38.03
20100304,42.84,42.91,42.43,42.59,643900,37.23
20100303,42.78,43.08,42.67,42.75,919000,37.37
20100302,42.42,42.66,42.19,42.41,649300,37.07
20100301,41.80,42.11,41.68,42.09,587400,36.79
20100226,41.25,41.68,41.00,41.64,518500,36.40
20100225,40.69,41.26,40.51,41.26,651100,36.07
20100224,41.28,41.67,41.16,41.45,445100,36.23
20100223,41.65,41.76,41.07,41.16,651900,35.98
20100222,42.07,42.07,41.78,41.83,508100,36.57
20100219,41.45,41.87,41.32,41.82,873100,36.56
20100218,41.62,42.06,41.59,42.03,664400,36.74
20100217,41.89,41.95,41.55,41.55,722800,36.32
20100216,40.92,41.70,40.86,41.70,533600,36.45
20100212,40.40,40.77,40.16,40.51,732100,35.41
20100211,40.45,41.13,40.17,41.08,502500,35.91
20100210,40.61,40.74,40.05,40.49,840300,35.39
20100209,40.35,41.10,40.06,40.77,1459100,35.64
20100208,39.79,40.25,39.50,39.55,852900,34.57
20100205,40.07,40.18,38.94,39.83,2736400,34.82
20100204,41.49,41.49,40.30,40.30,1576700,35.23
20100203,42.34,42.46,41.95,42.22,740000,36.91
20100202,42.30,42.64,42.03,42.51,1783100,37.16
20100201,41.64,42.04,41.56,42.04,860600,36.75
20100129,41.81,42.03,40.91,41.10,1163100,35.93
20100128,42.42,42.46,41.35,41.68,848700,36.43
20100127,42.09,42.30,41.70,42.27,794700,36.95
20100126,42.37,42.72,42.11,42.41,672500,37.07
20100125,42.92,43.10,42.63,42.73,1130400,37.35
20100122,42.96,43.11,42.16,42.32,1392700,36.99
20100121,44.09,44.21,42.88,43.04,1190800,37.62
20100120,44.46,44.46,43.79,44.17,962700,38.61
20100119,44.75,45.37,44.71,45.36,1619600,39.65
20100115,45.22,45.26,44.61,44.82,709400,39.18
20100114,45.34,45.50,45.19,45.44,703500,39.72
20100113,45.15,45.38,44.80,45.32,673300,39.62
20100112,45.07,45.20,44.74,44.96,893000,39.30
20100111,45.70,45.82,45.17,45.17,1252600,39.49
20100108,44.85,45.43,44.84,45.33,517800,39.63
20100107,44.92,44.92,44.63,44.88,692100,39.23
20100106,44.93,45.24,44.87,45.15,1519800,39.47
20100105,44.99,45.12,44.73,44.95,1072600,39.29
20100104,44.66,44.96,44.40,44.96,1692500,39.30
20091231,44.12,44.12,43.58,43.61,779800,38.12
20091230,43.59,43.78,43.50,43.76,850600,38.25
20091229,44.05,44.18,43.72,43.91,767000,38.38
20091228,44.00,44.00,43.75,43.82,1703100,38.31
20091224,43.71,43.83,43.53,43.75,720200,38.24
20091223,44.20,44.41,44.00,44.34,822100,38.01
20091222,43.80,43.97,43.67,43.95,572900,37.67
20091221,43.58,43.85,43.53,43.62,628200,37.39
20091218,43.59,43.68,43.02,43.44,752200,37.23
20091217,43.78,43.78,43.29,43.51,882200,37.29
20091216,44.41,44.71,44.32,44.39,900400,38.05
20091215,44.04,44.30,43.95,44.06,457200,37.77
20091214,44.55,44.56,44.23,44.41,790100,38.07
20091211,44.28,44.31,43.95,44.11,528700,37.81
20091210,44.24,44.30,43.90,44.11,462900,37.81
20091209,43.85,43.97,43.43,43.93,679400,37.65
20091208,44.34,44.34,43.65,43.89,663000,37.62
20091207,44.71,45.02,44.53,44.69,381500,38.31
20091204,45.39,45.69,44.58,44.87,802200,38.46
20091203,45.48,45.66,44.87,44.96,645000,38.54
20091202,44.98,45.45,44.98,45.19,516100,38.73
20091201,44.78,45.24,44.67,45.09,941900,38.65
20091130,43.69,44.10,43.51,43.86,591200,37.59
20091127,43.28,43.99,42.26,43.60,590300,37.37
20091125,44.87,45.12,44.63,45.12,437700,38.67
20091124,44.72,44.72,44.19,44.48,625600,38.13
20091123,44.92,45.09,44.61,44.72,782200,38.33
20091120,43.57,44.00,43.57,44.00,444600,37.71
20091119,44.42,44.42,43.78,44.18,789800,37.87
20091118,45.19,45.30,44.77,44.92,1152500,38.50
20091117,44.97,45.20,44.64,45.20,1028800,38.74
20091116,45.03,45.58,44.91,45.36,726800,38.88
20091113,44.15,44.68,44.00,44.62,575000,38.25
20091112,44.63,44.74,43.92,44.02,496100,37.73
20091111,44.97,45.14,44.52,44.74,3077700,38.35
20091110,44.39,44.70,44.27,44.65,1600500,38.27
20091109,44.29,44.80,44.20,44.77,1272800,38.37
20091106,43.01,43.55,42.89,43.44,1024800,37.23
20091105,43.21,43.49,43.01,43.43,955500,37.23
20091104,42.62,43.21,42.58,42.75,951200,36.64
20091103,41.59,42.26,41.44,42.17,556600,36.15
20091102,42.22,42.87,41.69,42.27,1460400,36.23
20091030,43.19,43.19,41.68,41.83,1287900,35.85
20091029,42.67,43.56,42.67,43.45,985100,37.24
20091028,42.84,43.00,41.82,41.90,1418500,35.91
20091027,43.84,43.94,43.25,43.31,768300,37.12
20091026,44.64,44.94,43.61,43.80,1059000,37.54
20091023,45.07,45.08,44.24,44.44,890400,38.09
20091022,44.70,45.21,44.27,45.12,628700,38.67
20091021,44.76,45.48,44.65,44.68,2983400,38.30
20091020,45.43,45.43,44.58,44.93,769300,38.51
20091019,45.07,45.41,44.77,45.30,807700,38.83
20091016,44.50,44.71,44.16,44.59,699200,38.22
20091015,44.89,45.19,44.71,45.16,631600,38.71
20091014,44.84,45.14,44.63,45.09,1137700,38.65
20091013,44.07,44.07,43.61,43.95,812700,37.67
20091012,44.17,44.30,43.86,44.00,842400,37.71
20091009,43.76,43.77,43.48,43.70,604600,37.46
20091008,43.62,43.92,43.32,43.76,1160000,37.51
20091007,43.11,43.15,42.75,43.03,391800,36.88
20091006,42.82,43.34,42.72,43.02,820300,36.87
20091005,41.72,42.42,41.61,42.29,540700,36.25
20091002,41.41,41.82,41.20,41.60,627100,35.66
20091001,42.84,42.97,41.87,41.91,1315200,35.92
20090930,43.44,43.49,42.66,43.20,791700,37.03
20090929,43.21,43.27,42.80,43.04,616700,36.89
20090928,42.75,43.47,42.70,43.23,1540000,37.05
20090925,42.71,42.96,42.44,42.64,1378900,36.55
20090924,43.71,43.74,42.48,42.72,890200,36.62
20090923,44.01,44.22,43.37,43.37,904800,37.17
20090922,43.88,43.93,43.60,43.85,611100,37.59
20090921,42.91,43.29,42.71,43.22,609700,37.05
20090918,43.82,43.82,43.43,43.58,485600,37.35
20090917,43.61,43.93,43.36,43.52,798600,37.30
20090916,43.59,43.84,43.28,43.83,841400,37.57
20090915,42.68,43.03,42.42,42.94,961400,36.81
20090914,42.25,42.80,42.12,42.76,921100,36.65
20090911,42.96,43.06,42.54,42.68,5206500,36.58
20090910,42.20,42.81,42.01,42.75,688400,36.64
20090909,42.21,42.52,42.03,42.29,711400,36.25
20090908,42.00,42.10,41.75,41.97,527700,35.97
20090904,40.54,41.17,40.35,41.12,418900,35.25
20090903,40.40,40.52,40.08,40.44,428600,34.66
20090902,39.67,40.24,39.67,40.01,536300,34.29
20090901,40.57,41.15,39.81,39.92,1659800,34.22
20090831,40.95,40.96,40.57,40.88,1200200,35.04
20090828,41.77,41.77,41.15,41.29,567900,35.39
20090827,40.94,41.44,40.53,41.25,472600,35.36
20090826,40.95,41.09,40.68,41.03,632100,35.17
20090825,41.42,41.63,41.11,41.27,808800,35.37
20090824,41.20,41.35,40.84,40.95,663200,35.10
20090821,40.64,41.15,40.62,40.87,709600,35.03
20090820,39.79,40.30,39.72,40.19,429000,34.45
20090819,38.91,39.91,38.91,39.72,394300,34.05
20090818,39.03,39.56,38.99,39.46,384100,33.82
20090817,38.93,38.95,38.56,38.65,675000,33.13
20090814,40.64,40.64,39.87,40.27,546900,34.52
20090813,40.51,40.60,40.13,40.50,657000,34.71
20090812,39.43,40.21,39.43,39.95,512800,34.24
20090811,39.71,39.71,39.26,39.39,531500,33.76
20090810,40.06,40.11,39.64,39.92,646100,34.22
20090807,40.36,40.50,40.11,40.35,521200,34.59
20090806,40.57,40.63,39.86,40.15,413000,34.41
20090805,40.56,40.59,39.90,40.49,483600,34.71
20090804,40.40,40.76,40.26,40.57,697100,34.77
20090803,40.83,40.91,40.35,40.80,850600,34.97
20090731,39.42,39.92,39.19,39.72,740200,34.05
20090730,39.09,39.54,39.01,39.22,633900,33.62
20090729,38.60,38.66,38.14,38.42,433800,32.93
20090728,38.73,38.92,38.31,38.88,703800,33.33
20090727,38.87,39.09,38.55,39.09,493600,33.51
20090724,38.60,38.86,38.37,38.84,759300,33.29
20090723,37.91,38.90,37.85,38.78,743200,33.24
20090722,37.63,38.15,37.52,37.98,561000,32.55
20090721,38.21,38.23,37.45,37.84,834000,32.43
20090720,37.60,37.82,37.36,37.82,677600,32.42
20090717,36.79,37.01,36.61,36.95,2356300,31.67
20090716,36.59,37.04,36.43,36.93,468800,31.65
20090715,36.05,36.69,36.03,36.60,594900,31.37
20090714,35.25,35.36,34.97,35.31,348200,30.27
20090713,34.57,35.09,34.15,35.05,494400,30.04
20090710,34.41,34.64,34.17,34.57,413800,29.63
20090709,34.91,35.07,34.65,34.85,657000,29.87
20090708,34.62,34.80,33.94,34.43,860400,29.51
20090707,35.34,35.34,34.50,34.59,560800,29.65
20090706,35.15,35.47,34.88,35.47,493200,30.40
20090702,35.83,35.99,35.37,35.45,569700,30.39
20090701,36.37,36.79,36.37,36.55,1405800,31.33
20090630,36.39,36.42,35.70,35.91,623800,30.78
20090629,36.26,36.47,36.08,36.28,1232200,31.10
20090626,36.06,36.23,35.83,36.09,468400,30.93
20090625,35.17,36.05,35.02,36.04,519200,30.89
20090624,35.59,35.89,35.15,35.40,840500,30.34
20090623,34.27,35.16,34.27,35.03,529600,30.03
20090622,35.30,35.51,34.49,34.64,705400,29.69
20090619,35.96,36.12,35.72,36.12,387100,30.96
20090618,35.48,35.73,35.13,35.49,635900,30.42
20090617,35.51,35.70,34.91,35.42,611900,30.36
20090616,36.21,36.34,35.50,35.58,449500,30.50
20090615,36.49,36.58,35.69,35.96,609800,30.82
20090612,37.22,37.27,36.91,37.19,562900,31.88
20090611,37.22,37.97,37.11,37.57,558400,32.20
20090610,37.32,37.35,36.45,36.94,670200,31.66
20090609,36.64,36.91,36.40,36.69,517300,31.45
20090608,36.11,36.61,35.77,36.43,718500,31.23
20090605,36.99,37.18,36.41,36.62,660600,31.39
20090604,36.54,37.07,36.54,36.94,2024100,31.66
20090603,37.12,37.15,36.17,36.49,604300,31.28
20090602,37.64,37.81,37.31,37.81,1686000,32.41
20090601,37.60,37.85,37.34,37.51,1504500,32.15
20090529,36.50,36.67,36.17,36.67,942100,31.43
20090528,35.79,36.09,35.30,35.90,662500,30.77
20090527,36.10,36.19,35.35,35.44,623000,30.38
20090526,34.79,36.09,34.76,35.97,652900,30.83
20090522,35.47,35.55,35.16,35.36,607700,30.31
20090521,34.99,35.17,34.71,35.10,739400,30.09
20090520,35.62,36.07,35.36,35.36,542100,30.31
20090519,35.07,35.48,34.94,35.23,694000,30.20
20090518,34.08,34.94,34.05,34.90,392700,29.91
20090515,33.73,33.98,33.21,33.38,507600,28.61
20090514,33.15,33.92,33.15,33.72,542100,28.90
20090513,33.76,33.76,33.16,33.28,476400,28.53
20090512,34.67,34.73,34.07,34.52,522800,29.59
20090511,34.43,34.45,33.98,34.24,523200,29.35
20090508,34.19,35.19,34.19,35.19,484400,30.16
20090507,35.46,35.46,33.38,33.66,626500,28.85
20090506,34.14,34.40,33.71,34.40,694500,29.49
20090505,33.74,33.74,33.30,33.50,433800,28.71
20090504,33.00,33.88,32.74,33.88,696300,29.04
20090501,31.87,32.40,31.82,32.40,535700,27.77
20090430,32.08,32.39,31.66,31.84,521900,27.29
20090429,31.28,31.99,31.25,31.72,447400,27.19
20090428,30.44,31.01,30.36,30.70,557600,26.31
20090427,30.97,31.40,30.75,30.97,458200,26.55
20090424,31.44,31.69,31.24,31.55,398200,27.04
20090423,30.61,31.04,30.42,31.01,413100,26.58
20090422,30.09,30.79,29.94,30.25,479700,25.93
20090421,29.60,30.51,29.52,30.48,207300,26.13
20090420,30.50,30.55,29.71,29.86,548700,25.59
20090417,31.34,31.37,30.99,31.16,617300,26.71
20090416,31.16,31.37,30.78,31.29,526700,26.82
20090415,30.41,31.02,30.39,31.02,512600,26.59
20090414,30.64,31.00,30.45,30.62,706900,26.25
20090413,30.46,31.04,30.26,30.84,563300,26.43
20090409,30.57,30.61,30.14,30.59,679400,26.22
20090408,29.61,29.88,29.29,29.63,368400,25.40
20090407,29.50,29.64,29.22,29.38,852300,25.18
20090406,30.43,30.43,29.50,29.95,601000,25.67
20090403,30.26,30.49,29.92,30.49,589100,26.13
20090402,29.88,30.73,29.87,30.33,764800,26.00
20090401,27.95,29.00,27.85,28.91,449100,24.78
20090331,27.92,28.46,27.80,28.12,543400,24.10
20090330,27.72,27.75,27.08,27.47,692700,23.55
20090327,28.85,28.88,28.44,28.61,477000,24.52
20090326,29.29,29.68,29.10,29.51,945400,25.29
20090325,28.82,29.46,28.41,29.06,706000,24.91
20090324,28.81,29.18,28.56,28.58,806900,24.50
20090323,28.35,29.57,28.33,29.57,715700,25.35
20090320,27.93,27.93,27.20,27.32,627300,23.42
20090319,28.64,28.64,27.80,27.84,618200,23.86
20090318,26.92,28.00,26.50,27.91,922900,23.92
20090317,26.44,27.13,26.21,27.13,596700,23.25
20090316,26.60,27.06,26.42,26.55,940700,22.76
20090313,26.15,26.33,25.79,26.16,699700,22.42
20090312,25.12,26.12,24.90,25.95,761900,22.24
20090311,25.97,25.97,25.04,25.47,977600,21.83
20090310,24.35,25.28,24.31,25.21,674600,21.61
20090309,23.34,23.98,23.32,23.61,897300,20.24
20090306,24.34,24.71,23.55,24.00,1001200,20.57
20090305,24.49,25.49,23.77,23.96,986000,20.54
20090304,24.59,25.45,24.59,25.07,798400,21.49
20090303,24.35,24.44,23.69,23.92,1763700,20.50
20090302,24.78,24.91,23.92,24.00,1691900,20.57
20090227,25.47,26.07,25.29,25.53,1126000,21.88
20090226,26.19,26.44,25.72,26.25,3105300,22.50
20090225,25.93,26.25,25.38,25.79,2089500,22.11
20090224,25.57,26.43,25.27,26.21,1561800,22.47
20090223,26.37,26.41,25.18,25.31,1536000,21.69
20090220,25.86,26.47,25.62,26.21,2017400,22.47
20090219,27.09,27.27,26.40,26.44,939400,22.66
20090218,26.84,26.85,26.25,26.55,1546600,22.76
20090217,27.25,28.30,26.54,26.54,2114500,22.75
20090213,28.49,28.67,28.21,28.22,513500,24.19
20090212,27.98,28.56,27.65,28.56,1269200,24.48
20090211,28.62,28.84,28.10,28.48,1154900,24.41
20090210,29.49,29.64,28.02,28.24,1325500,24.21
20090209,29.87,30.01,29.60,29.71,631500,25.47
20090206,29.01,29.98,29.01,29.83,697700,25.57
20090205,28.53,29.48,28.16,29.48,538600,25.27
20090204,28.60,29.15,28.36,28.53,941500,24.45
20090203,28.06,28.71,27.83,28.58,331300,24.50
20090202,27.59,28.00,27.35,27.75,1758200,23.79
20090130,28.56,28.73,27.90,28.12,759500,24.10
20090129,28.95,28.97,28.22,28.34,669000,24.29
20090128,30.47,30.47,29.37,29.72,865500,25.47
20090127,28.71,28.85,28.28,28.68,1124100,24.58
20090126,28.18,28.79,27.88,28.17,2249300,24.15
20090123,26.63,27.99,26.63,27.75,577800,23.79
20090122,27.70,28.17,27.21,27.80,577900,23.83
20090121,27.92,28.59,27.37,28.56,595900,24.48
20090120,30.28,30.28,27.12,27.17,1164800,23.29
20090116,29.87,29.91,28.59,29.36,1183800,25.17
20090115,28.91,29.46,28.19,29.04,1799300,24.89
20090114,29.55,29.80,28.77,28.95,1083000,24.81
20090113,30.01,30.45,29.96,30.32,573500,25.99
20090112,31.21,31.27,30.39,30.60,1272200,26.23
20090109,32.25,32.45,31.43,31.49,859400,26.99
20090108,32.07,32.52,31.86,32.52,557600,27.87
20090107,32.69,32.69,31.96,32.11,1314300,27.52
20090106,32.95,33.23,32.52,32.97,1545700,28.26
20090105,32.65,32.89,32.28,32.55,1202000,27.90
20090102,32.29,33.05,32.04,32.96,920200,28.25
20081231,31.80,32.56,31.66,32.32,1775100,27.70
20081230,31.31,31.92,31.24,31.90,2493400,27.34
20081229,31.08,31.35,30.76,30.96,2139700,26.54
20081226,31.08,31.08,30.68,30.91,1483200,26.49
20081224,30.77,30.91,30.31,30.81,1188100,26.41
20081223,31.73,31.82,31.05,31.22,2754200,26.09
20081222,32.00,32.01,31.06,31.50,3439500,26.32
20081219,32.05,32.40,31.59,31.67,3739500,26.46
20081218,33.07,33.08,31.78,32.18,1657700,26.89
20081217,32.92,33.57,32.67,33.14,2229400,27.69
20081216,33.41,33.48,31.45,33.41,2538400,27.92
20081215,31.67,31.81,31.07,31.54,2238300,26.35
20081212,30.75,31.67,30.58,31.50,2268100,26.32
20081211,31.38,32.12,30.91,31.26,1927400,26.12
20081210,31.02,31.60,30.93,31.40,2259200,26.24
20081209,30.45,31.20,30.21,30.49,2845800,25.48
20081208,30.25,31.10,30.11,30.80,3195900,25.74
20081205,28.42,29.38,27.68,29.30,2081900,24.48
20081204,29.03,29.52,28.25,28.67,2792700,23.96
20081203,28.58,29.85,28.41,29.75,1682300,24.86
20081202,29.07,29.56,28.61,29.34,1727400,24.52
20081201,29.67,29.83,28.01,28.16,1187200,23.53
20081128,30.35,30.77,30.07,30.56,542300,25.54
20081126,29.43,30.78,29.21,30.62,1717200,25.59
20081125,30.40,30.52,29.19,30.09,1551500,25.14
20081124,28.68,30.39,28.39,29.91,1401000,24.99
20081121,27.40,27.89,26.18,27.80,1464500,23.23
20081120,27.59,27.83,25.64,25.64,1113800,21.42
20081119,29.07,29.47,27.62,27.68,1264500,23.13
20081118,29.38,29.97,28.68,29.51,1049300,24.66
20081117,29.95,31.00,29.30,29.62,1571300,24.75
20081114,30.70,31.45,29.96,30.24,1283100,25.27
20081113,29.85,32.25,28.66,32.25,804500,26.95
20081112,30.67,30.71,29.38,29.43,1230400,24.59
20081111,31.67,31.86,30.67,31.23,1038000,26.10
20081110,33.49,33.59,32.02,32.63,827200,27.27
20081107,32.00,32.92,31.76,32.91,1297400,27.50
20081106,32.89,33.07,30.78,30.92,1110500,25.84
20081105,34.74,35.17,33.19,33.36,1050800,27.88
20081104,33.97,35.29,33.97,35.18,863900,29.40
20081103,32.68,33.25,32.51,32.84,2205300,27.44
20081031,32.02,33.28,31.66,32.78,1812200,27.39
20081030,33.29,33.29,31.75,32.65,949900,27.28
20081029,30.44,32.49,30.32,31.46,920000,26.29
20081028,28.88,30.76,27.82,30.58,926100,25.55
20081027,27.74,28.65,27.21,27.21,1140700,22.74
20081024,28.09,29.54,27.83,28.90,1839600,24.15
20081023,30.14,31.24,29.34,30.68,1696800,25.64
20081022,31.58,31.65,29.66,30.34,1606100,25.35
20081021,33.77,34.08,32.80,33.00,1280000,27.57
20081020,33.85,34.94,33.36,34.56,904900,28.88
20081017,32.11,34.34,31.94,32.92,834500,27.51
20081016,32.85,33.68,30.83,33.48,880000,27.98
20081015,35.06,35.10,32.00,32.00,753800,26.74
20081014,40.23,40.23,35.15,36.17,1688400,30.22
20081013,35.48,36.93,33.91,36.93,1794200,30.86
20081010,29.51,43.00,29.50,32.51,1368200,27.16
20081009,35.93,35.97,32.39,32.90,3031200,27.49
20081008,34.25,36.00,34.00,35.02,2361400,29.26
20081007,37.83,38.11,35.52,35.87,2256100,29.97
20081006,37.83,38.71,35.36,36.92,1236600,30.85
20081003,40.50,41.96,39.50,39.70,857900,33.17
20081002,41.89,41.89,39.88,40.15,671500,33.55
20081001,42.62,42.62,41.12,42.57,489500,35.57
20080930,40.56,42.44,40.50,42.44,981100,35.46
20080929,43.25,43.70,39.50,40.50,739500,33.84
20080926,44.17,45.13,44.17,45.13,366700,37.71
20080925,44.96,45.96,44.77,45.54,978400,38.05
20080924,45.50,45.50,44.22,44.78,340100,37.42
20080923,45.50,45.53,44.16,44.92,627700,37.53
20080922,47.13,47.13,45.32,46.84,676500,39.14
20080919,47.13,47.13,45.25,47.13,910300,39.38
20080918,43.21,45.32,41.30,43.58,552000,36.41
20080917,42.26,42.78,41.01,41.59,715100,34.75
20080916,42.41,43.58,41.95,43.58,823100,36.41
20080915,43.19,44.23,43.19,43.35,728600,36.22
20080912,45.30,45.86,44.57,45.86,421600,38.32
20080911,44.70,44.98,43.50,44.98,525400,37.58
20080910,44.47,45.22,44.47,44.98,469800,37.58
20080909,46.18,46.18,44.26,44.65,315400,37.31
20080908,46.99,46.99,45.39,46.00,546000,38.44
20080905,45.03,45.45,44.47,45.38,457700,37.92
20080904,47.25,47.25,45.10,45.26,592100,37.82
20080903,47.62,47.62,46.88,47.33,379800,39.55
20080902,48.55,48.55,47.43,47.70,392600,39.86
20080829,48.92,48.92,48.29,48.49,324400,40.52
20080828,48.26,48.85,48.26,48.65,178500,40.65
20080827,47.52,48.22,47.52,48.22,246900,40.29
20080826,47.62,47.79,47.29,47.60,330900,39.77
20080825,48.30,48.30,47.26,47.61,273000,39.78
20080822,48.25,48.36,47.73,48.30,392700,40.36
20080821,47.59,48.20,47.55,48.20,179700,40.28
20080820,47.58,47.92,47.40,47.92,466200,40.04
20080819,47.56,47.56,47.09,47.45,377100,39.65
20080818,48.19,48.58,47.65,47.75,335300,39.90
20080815,48.69,48.69,48.08,48.26,260700,40.33
20080814,48.47,48.94,48.37,48.75,257800,40.73
20080813,48.86,49.02,48.30,48.90,298300,40.86
20080812,49.54,49.79,49.07,49.40,444500,41.28
20080811,50.36,50.36,49.48,49.90,329300,41.70
20080808,49.65,49.90,49.00,49.87,338500,41.67
20080807,51.05,51.05,49.61,49.91,360000,41.70
20080806,50.98,50.98,50.32,50.95,305300,42.57
20080805,50.54,50.82,50.00,50.82,361600,42.46
20080804,50.94,50.94,49.50,49.76,358800,41.58
20080801,51.49,51.49,50.19,50.57,213800,42.26
20080731,51.60,51.60,50.82,51.10,466900,42.70
20080730,51.35,51.70,51.04,51.70,229800,43.20
20080729,51.00,51.00,50.20,50.99,419100,42.61
20080728,51.43,51.43,50.20,50.30,273800,42.03
20080725,51.61,51.61,50.76,51.15,179000,42.74
20080724,52.79,52.79,50.81,51.15,312900,42.74
20080723,52.43,52.43,51.87,52.20,312800,43.62
20080722,50.59,52.00,50.59,52.00,373600,43.45
20080721,51.03,51.85,51.03,51.80,306800,43.28
20080718,52.18,52.18,50.86,51.30,349300,42.87
20080717,51.00,51.48,50.81,51.20,356900,42.78
20080716,49.75,50.70,49.26,50.70,472400,42.36
20080715,49.80,50.17,49.20,49.68,316800,41.51
20080714,49.91,51.50,49.91,50.55,436200,42.24
20080711,50.31,50.80,49.81,50.55,717300,42.24
20080710,50.75,51.28,50.54,51.28,567900,42.85
20080709,52.73,52.73,50.58,50.75,387400,42.41
20080708,50.89,51.55,50.37,51.55,349800,43.07
20080707,51.89,51.89,50.66,51.23,867100,42.81
20080703,51.85,51.85,51.00,51.60,191700,43.12
20080702,52.16,52.47,51.12,51.65,597400,43.16
20080701,52.50,52.50,51.31,52.35,456500,43.74
20080630,53.16,53.16,52.72,53.05,331600,44.33
20080627,53.26,53.26,52.30,52.73,263200,44.06
20080626,53.35,53.35,52.25,52.63,281100,43.98
20080625,53.00,54.03,53.00,53.42,220800,44.64
20080624,53.44,53.44,52.65,52.65,352500,43.99
20080623,53.87,53.87,53.09,53.50,291100,44.70
20080620,54.18,54.18,53.20,53.38,422300,44.60
20080619,54.43,54.90,54.30,54.90,299200,45.87
20080618,55.38,55.38,54.44,54.90,209200,45.87
20080617,56.15,56.66,55.11,55.40,223000,46.29
20080616,55.59,55.59,54.51,55.15,181300,46.08
20080613,54.39,54.69,54.10,54.56,241100,45.59
20080612,54.74,55.00,54.00,54.45,359700,45.50
20080611,55.09,55.09,54.26,54.45,302300,45.50
20080610,55.49,55.49,54.80,55.20,405300,46.12
20080609,56.86,56.86,55.65,56.15,286500,46.92
20080606,57.18,57.19,56.03,56.23,378900,46.98
20080605,56.83,57.85,56.83,57.85,250800,48.34
20080604,57.14,57.14,56.45,56.45,386400,47.17
20080603,57.54,57.56,56.75,57.20,241700,47.80
20080602,58.00,58.00,57.10,57.58,192800,48.11
20080530,57.74,58.10,57.74,57.90,238400,48.38
20080529,57.75,57.95,57.38,57.95,276900,48.42
20080528,57.47,57.81,57.21,57.45,181900,48.00
20080527,57.76,57.76,57.12,57.70,253000,48.21
20080523,58.62,58.62,57.57,57.69,224500,48.20
20080522,58.29,58.65,58.23,58.65,233900,49.01
20080521,58.85,58.85,57.78,58.10,225000,48.55
20080520,59.05,59.05,58.38,58.53,318300,48.91
20080519,59.40,59.57,59.00,59.41,492200,49.64
20080516,59.27,59.27,58.78,59.22,204300,49.48
20080515,58.01,58.66,57.90,58.62,292000,48.98
20080514,58.10,58.13,57.45,57.64,159500,48.16
20080513,58.19,58.19,57.35,57.56,178600,48.10
20080512,57.54,57.79,57.10,57.72,148200,48.23
20080509,57.01,57.24,56.84,57.06,173700,47.68
20080508,57.74,57.74,57.01,57.38,232800,47.95
20080507,58.10,58.10,57.00,57.30,515000,47.88
20080506,57.84,58.22,57.38,58.15,233100,48.59
20080505,57.88,57.88,57.55,57.83,234000,48.32
20080502,58.00,58.00,57.41,57.67,329100,48.19
20080501,57.25,57.61,56.70,57.50,290000,48.05
20080430,56.79,57.36,56.60,57.09,238800,47.70
20080429,57.17,57.17,56.46,56.52,197600,47.23
20080428,57.69,57.69,57.12,57.23,361800,47.82
20080425,57.27,57.27,56.61,56.93,238100,47.57
20080424,56.95,56.95,55.90,56.60,440200,47.29
20080423,56.87,56.94,56.25,56.76,177400,47.43
20080422,56.93,56.93,56.20,56.70,164100,47.38
20080421,57.26,57.26,56.53,56.75,163400,47.42
20080418,57.06,57.06,56.39,56.76,191900,47.43
20080417,56.21,56.82,55.83,56.44,172300,47.16
20080416,55.19,56.80,55.19,56.80,242400,47.46
20080415,54.67,55.07,54.58,54.94,113800,45.91
20080414,54.80,54.90,54.36,54.55,121800,45.58
20080411,55.29,55.29,54.40,54.48,181900,45.52
20080410,54.93,55.43,54.75,55.29,133200,46.20
20080409,55.84,55.84,54.94,55.16,281500,46.09
20080408,56.35,56.35,55.33,55.80,233100,46.63
20080407,56.39,56.53,55.89,56.07,374300,46.85
20080404,56.18,56.18,55.36,55.87,570200,46.68
20080403,55.01,55.97,55.01,55.90,757600,46.71
20080402,56.02,56.02,55.04,55.74,271100,46.58
20080401,55.29,55.47,54.28,55.47,382000,46.35
20080331,54.41,54.41,53.33,53.90,221400,45.04
20080328,53.60,54.28,53.34,53.65,208400,44.83
20080327,54.36,54.41,53.47,53.47,183200,44.68
20080326,54.06,54.06,53.23,53.55,346700,44.75
20080325,54.04,54.04,52.96,53.73,500200,44.90
20080324,52.72,53.16,52.10,53.16,377100,44.42
20080320,51.76,51.76,50.06,51.43,261300,42.97
20080319,53.17,53.17,50.88,51.10,291000,42.70
20080318,52.00,53.38,52.00,53.38,400900,44.60
20080317,51.33,51.69,50.50,51.48,521800,43.02
20080314,54.24,54.24,51.82,52.58,312000,43.94
20080313,53.14,53.81,52.38,53.67,221700,44.85
20080312,54.98,54.98,53.35,53.66,283300,44.84
20080311,53.96,54.10,52.65,54.10,330900,45.21
20080310,52.99,52.99,51.62,52.02,197200,43.47
20080307,53.21,53.21,52.08,52.65,332200,43.99
20080306,54.30,54.30,52.96,53.24,187300,44.49
20080305,53.82,54.27,53.40,54.05,210200,45.16
20080304,53.74,53.74,52.56,53.33,259600,44.56
20080303,54.06,54.15,53.45,54.02,364900,45.14
20080229,55.23,55.23,53.82,53.95,327000,45.08
20080228,55.24,55.76,55.22,55.49,221000,46.37
20080227,55.23,56.10,55.00,55.95,247100,46.75
20080226,54.94,55.94,54.51,55.87,224300,46.68
20080225,54.46,54.98,53.85,54.98,186900,45.94
20080222,53.98,54.10,52.96,54.10,194700,45.21
20080221,54.18,54.21,53.29,53.50,147800,44.70
20080220,52.73,53.74,52.50,53.57,283800,44.76
20080219,54.73,54.73,53.34,53.53,277700,44.73
20080215,52.87,53.02,52.47,52.97,188900,44.26
20080214,53.07,53.57,52.67,52.91,270800,44.21
20080213,53.30,53.31,52.39,53.31,375500,44.55
20080212,52.74,53.15,52.20,52.62,267900,43.97
20080211,52.74,52.74,51.06,52.01,225300,43.46
20080208,51.91,51.91,51.06,51.67,300300,43.17
20080207,51.89,52.19,51.14,51.95,479100,43.41
20080206,52.99,52.99,51.60,51.97,412600,43.43
20080205,52.83,53.30,51.82,52.14,565300,43.57
20080204,55.53,55.53,54.22,54.50,306100,45.54
20080201,54.74,54.80,54.06,54.79,405000,45.78
20080131,52.51,54.25,52.11,54.07,343800,45.18
20080130,53.88,54.44,52.88,53.33,363400,44.56
20080129,54.72,54.72,53.08,53.75,238900,44.91
20080128,52.58,53.36,51.97,53.30,289700,44.54
20080125,54.99,55.04,52.00,52.00,311500,43.45
20080124,53.81,53.81,52.14,52.78,460900,44.10
20080123,50.84,52.07,49.01,52.07,972000,43.51
20080122,49.88,52.90,49.14,51.80,1036700,43.28
20080118,54.23,54.39,52.81,53.49,341400,44.70
20080117,54.74,54.80,52.67,53.13,574300,44.39
20080116,55.17,55.17,53.60,54.23,482700,45.31
20080115,57.17,57.17,55.17,55.52,802900,46.39
20080114,57.19,57.35,56.85,57.23,176700,47.82
20080111,57.77,57.77,56.21,56.66,658500,47.34
20080110,57.68,57.80,56.60,57.66,271700,48.18
20080109,57.75,57.75,56.57,57.51,424800,48.05
20080108,57.51,58.19,56.81,57.09,209000,47.70
20080107,57.85,57.85,56.81,56.94,218300,47.58
20080104,58.13,58.40,56.88,56.88,677100,47.53
20080103,59.05,59.05,58.31,58.53,454200,48.91
20080102,59.14,59.23,58.19,58.40,703000,48.80
20071231,59.42,59.42,58.50,58.61,399300,48.97
20071228,58.45,59.20,58.45,59.12,287300,49.40
20071227,59.34,59.34,58.28,58.56,299700,48.93
20071226,58.92,59.38,58.61,59.05,286000,49.34
20071224,59.51,59.51,58.62,58.92,202400,49.23
20071221,59.27,59.27,58.42,58.80,275800,48.71
20071220,58.50,58.50,57.42,57.83,246800,47.90
20071219,57.31,57.91,57.17,57.60,249600,47.71
20071218,57.51,58.80,56.85,57.76,289500,47.84
20071217,58.93,58.93,57.00,57.49,653000,47.62
20071214,60.11,60.11,58.43,58.70,319600,48.62
20071213,61.20,61.20,59.35,60.13,408700,49.81
20071212,62.14,62.14,60.50,61.06,309300,50.58
20071211,62.00,62.00,59.76,60.17,325200,49.84
20071210,61.52,61.90,61.38,61.78,297200,51.17
20071207,62.00,62.00,61.14,61.20,186700,50.69
20071206,60.85,61.66,60.59,61.65,214400,51.07
20071205,60.00,61.07,60.00,60.90,194600,50.45
20071204,60.26,60.26,59.63,59.76,173700,49.50
20071203,60.00,60.37,60.00,60.14,123100,49.82
20071130,61.55,61.55,60.03,60.34,338500,49.98
20071129,59.58,60.46,59.58,60.31,278300,49.96
20071128,59.38,60.60,58.86,60.30,248900,49.95
20071127,57.68,58.88,57.68,58.88,164800,48.77
20071126,60.70,60.70,57.62,57.71,317800,47.80
20071123,57.85,58.93,57.85,58.93,133200,48.81
20071121,58.83,58.83,57.10,57.49,248100,47.62
20071120,59.12,59.27,58.18,58.85,261400,48.75
20071119,59.68,59.68,57.60,57.96,285100,48.01
20071116,58.96,59.66,58.76,59.55,226100,49.33
20071115,59.77,59.99,58.85,58.94,371600,48.82
20071114,61.28,61.31,60.16,60.27,448800,49.92
20071113,58.73,60.51,58.73,60.51,182000,50.12
20071112,60.00,60.00,58.33,58.33,218500,48.32
20071109,60.83,60.83,59.66,60.05,507700,49.74
20071108,62.00,62.00,60.10,61.32,269600,50.79
20071107,62.06,62.15,60.71,61.08,461000,50.59
20071106,62.00,62.55,61.61,62.55,189700,51.81
20071105,61.15,61.38,60.00,61.20,341000,50.69
20071102,62.25,62.25,61.50,62.18,205600,51.51
20071101,62.79,62.79,61.63,62.00,368000,51.36
20071031,63.00,63.72,62.68,63.49,225600,52.59
20071030,62.84,62.84,62.50,62.54,197000,51.80
20071029,62.82,63.12,62.64,63.08,165800,52.25
20071026,61.83,62.31,61.70,62.29,248500,51.60
20071025,61.02,61.12,60.42,60.90,108600,50.45
20071024,60.85,60.98,59.66,60.98,120300,50.51
20071023,60.85,60.98,60.35,60.98,138600,50.51
20071022,59.42,60.00,59.00,60.00,294600,49.70
20071019,61.11,61.22,59.81,60.04,357800,49.73
20071018,61.21,61.58,61.01,61.55,108600,50.98
20071017,61.23,61.40,60.63,61.22,122500,50.71
20071016,61.00,61.03,60.36,60.55,163800,50.16
20071015,62.11,62.14,61.19,61.48,202900,50.93
20071012,61.65,62.02,61.61,61.87,111400,51.25
20071011,62.15,62.46,61.27,61.27,210200,50.75
20071010,61.47,61.62,61.14,61.30,248600,50.78
20071009,61.07,61.61,60.90,61.61,217200,51.03
20071008,61.09,61.09,60.53,60.82,169800,50.38
20071005,60.95,61.50,60.95,61.41,209000,50.87
20071004,60.35,60.51,60.00,60.38,222800,50.02
20071003,60.58,60.58,60.08,60.25,189200,49.91
20071002,60.84,60.84,60.33,60.70,179500,50.28
20071001,59.97,60.80,59.90,60.72,131600,50.30
20070928,59.87,59.91,59.49,59.69,244100,49.44
20070927,59.60,59.70,59.42,59.65,160100,49.41
20070926,58.96,59.08,58.61,58.61,268900,48.55
20070925,58.35,58.66,58.22,58.57,169200,48.52
20070924,58.75,58.92,58.37,58.52,458900,48.47
20070921,58.27,58.51,58.16,58.36,140800,48.34
20070920,58.19,58.20,57.65,57.99,112500,48.04
20070919,58.21,58.40,57.76,57.93,285800,47.99
20070918,56.07,57.75,55.87,57.75,422400,47.84
20070917,55.93,55.98,55.29,55.59,160300,46.05
20070914,56.10,56.35,55.95,56.20,146300,46.55
20070913,56.49,56.74,56.36,56.46,80100,46.77
20070912,55.95,56.29,55.69,56.10,126800,46.47
20070911,55.75,56.06,55.56,56.06,146800,46.44
20070910,55.51,55.51,54.53,55.18,76600,45.71
20070907,55.42,55.51,54.94,55.18,176100,45.71
20070906,55.95,56.21,55.63,56.07,68100,46.44
20070905,55.90,55.90,55.41,55.62,357200,46.07
20070904,56.05,56.81,55.80,56.63,150200,46.91
20070831,56.29,56.48,55.85,56.23,102500,46.58
20070830,54.43,55.50,54.43,54.93,101000,45.50
20070829,54.52,55.33,54.44,55.32,113000,45.82
20070828,54.97,54.97,53.76,53.76,206000,44.53
20070827,55.45,55.50,55.00,55.24,84200,45.76
20070824,54.81,55.56,54.61,55.56,114000,46.02
20070823,54.96,55.07,54.25,54.62,272800,45.24
20070822,53.89,54.42,53.88,54.42,126300,45.08
20070821,52.92,53.12,52.63,52.90,146100,43.82
20070820,53.30,53.32,52.39,53.21,144400,44.08
20070817,54.00,64.51,51.01,53.08,263000,43.97
20070816,51.70,52.00,50.40,51.76,424100,42.87
20070815,53.02,53.65,52.50,52.51,358900,43.50
20070814,55.08,55.08,53.81,53.85,172700,44.61
20070813,55.45,55.62,54.50,54.50,135300,45.14
20070810,54.25,54.93,54.00,54.60,193400,45.23
20070809,55.80,55.81,54.90,55.05,234500,45.60
20070808,56.70,57.39,56.61,57.04,195700,47.25
20070807,55.57,56.38,55.39,56.09,188900,46.46
20070806,55.20,56.02,55.00,56.02,187000,46.40
20070803,56.24,56.24,55.00,55.00,109000,45.56
20070802,56.50,56.50,55.95,56.36,115400,46.69
20070801,55.95,56.46,55.24,56.37,193200,46.69
20070731,57.00,57.35,56.25,56.34,208500,46.67
20070730,56.22,56.65,55.91,56.62,193800,46.90
20070727,56.29,56.75,55.33,56.75,183600,47.01
20070726,57.40,57.40,55.55,56.33,271000,46.66
20070725,58.56,58.72,57.75,58.29,199500,48.28
20070724,59.19,59.19,58.05,58.58,165300,48.52
20070723,59.60,59.60,59.23,59.55,123500,49.33
20070720,59.48,59.48,58.57,58.79,195700,48.70
20070719,59.50,59.55,59.26,59.42,133100,49.22
20070718,59.10,59.10,58.50,58.99,129100,48.86
20070717,59.45,59.45,59.21,59.42,178200,49.22
20070716,59.48,59.63,59.20,59.30,193600,49.12
20070713,59.60,59.70,59.35,59.51,191400,49.29
20070712,58.76,59.58,58.64,59.54,169600,49.32
20070711,58.20,58.52,57.99,58.45,155900,48.42
20070710,58.54,58.54,57.93,57.97,205200,48.02
20070709,58.85,58.90,58.65,58.78,174800,48.69
20070706,58.09,58.47,58.02,58.39,211800,48.37
20070705,58.30,58.30,57.63,57.99,184400,48.04
20070703,58.10,58.18,57.90,58.06,95700,48.09
20070702,57.20,57.50,57.20,57.42,162500,47.56
20070629,56.97,57.20,56.52,57.00,89100,47.22
20070628,56.80,56.96,56.60,56.61,231600,46.89
20070627,56.00,56.61,55.76,56.61,126400,46.89
20070626,56.82,56.82,56.20,56.21,84100,46.56
20070625,56.60,56.92,56.13,56.24,136600,46.59
20070622,57.20,57.20,56.33,56.43,149600,46.74
20070621,57.02,58.44,56.52,57.29,90100,47.46
20070620,57.65,57.65,56.67,56.73,184300,46.99
20070619,57.26,57.37,57.02,57.22,107000,47.40
20070618,57.35,57.50,57.18,57.26,79400,47.43
20070615,57.30,57.38,57.04,57.17,126900,47.36
20070614,56.00,56.49,56.00,56.37,97200,46.69
20070613,55.48,55.96,55.39,55.96,139600,46.35
20070612,55.70,55.90,55.15,55.20,116100,45.72
20070611,55.95,56.36,55.84,56.06,77400,46.44
20070608,55.43,55.98,55.25,55.98,179900,46.37
20070607,55.99,56.10,55.02,55.15,141400,45.68
20070606,56.65,56.70,56.00,56.14,171400,46.50
20070605,57.39,57.44,56.70,56.94,134000,47.17
20070604,57.40,57.40,57.09,57.28,115200,47.45
20070601,56.97,57.17,56.93,57.17,138100,47.36
20070531,56.78,56.83,56.60,56.62,102200,46.90
20070530,55.79,56.35,55.60,56.33,146300,46.66
20070529,56.41,56.49,55.90,56.06,159500,46.44
20070525,55.95,56.23,55.75,56.23,193900,46.58
20070524,56.45,56.60,55.50,55.65,97900,46.10
20070523,56.70,56.75,56.32,56.41,90000,46.73
20070522,56.24,56.27,56.00,56.08,95000,46.45
20070521,56.18,56.18,55.90,56.00,175200,46.39
20070518,55.99,56.50,55.85,56.50,156200,46.80
20070517,55.75,55.89,55.53,55.89,100000,46.30
20070516,55.99,56.06,55.60,56.02,90300,46.40
20070515,55.68,56.09,55.55,55.65,57800,46.10
20070514,55.95,56.06,55.46,55.75,191000,46.18
20070511,55.35,56.50,55.30,56.50,95600,46.80
20070510,55.60,55.66,54.68,55.00,147800,45.56
20070509,55.88,56.08,55.74,56.06,225700,46.44
20070508,55.97,55.97,55.40,55.66,97800,46.11
20070507,56.30,56.45,56.07,56.17,100000,46.53
20070504,56.00,56.08,55.78,56.01,105500,46.40
20070503,55.20,55.67,55.20,55.57,167900,46.03
20070502,54.99,55.43,54.99,55.39,102600,45.88
20070501,55.15,55.19,54.61,54.84,70700,45.43
20070430,55.20,55.32,54.73,54.80,94200,45.39
20070427,55.20,55.45,55.00,55.45,88700,45.93
20070426,55.40,55.50,55.25,55.29,96800,45.80
20070425,55.39,55.70,55.31,55.61,181700,46.06
20070424,55.10,55.30,54.82,55.05,121300,45.60
20070423,55.27,55.49,55.13,55.16,87500,45.69
20070420,55.45,55.62,55.40,55.50,114200,45.97
20070419,54.77,55.34,54.60,54.89,161200,45.47
20070418,55.12,55.40,55.00,55.21,154600,45.73
20070417,55.38,55.47,54.99,55.25,195700,45.77
20070416,55.25,55.56,55.16,55.56,361600,46.02
20070413,54.65,54.83,54.47,54.74,94600,45.34
20070412,54.04,54.60,53.88,54.52,46700,45.16
20070411,54.80,54.80,54.00,54.22,159500,44.91
20070410,54.40,54.54,54.21,54.44,142900,45.09
20070409,54.30,54.39,54.13,54.20,102400,44.90
20070405,54.00,54.20,53.86,54.12,150500,44.83
20070404,53.80,53.92,53.57,53.85,202100,44.61
20070403,53.40,53.71,53.18,53.57,76500,44.37
20070402,52.96,53.08,52.70,53.02,44600,43.92
20070330,52.80,52.92,52.69,52.72,103800,43.67
20070329,52.80,52.95,52.36,52.76,57900,43.70
20070328,52.73,52.73,52.05,52.11,61200,43.16
20070327,52.70,52.77,52.56,52.70,63200,43.65
20070326,53.05,53.10,52.45,52.93,76200,43.84
20070323,52.94,53.15,52.80,52.99,103200,43.89
20070322,52.95,53.00,52.58,52.80,118800,43.74
20070321,52.00,52.95,51.78,52.86,117600,43.79
20070320,51.50,51.76,51.25,51.75,64900,42.87
20070319,51.30,51.39,50.93,51.37,47200,42.55
20070316,50.85,51.04,50.55,50.77,50200,42.05
20070315,50.50,50.73,50.35,50.67,56700,41.97
20070314,50.00,50.26,49.39,50.25,154900,41.62
20070313,51.20,51.23,50.17,50.19,216900,41.57
20070312,51.25,51.59,51.20,51.54,108000,42.69
20070309,51.15,51.36,51.02,51.30,139100,42.49
20070308,50.71,51.10,50.71,50.96,113600,42.21
