20140814,64.23,64.55,64.14,64.20,10300,64.20
20140813,64.09,64.15,64.06,64.13,9800,64.13
20140812,64.04,64.06,63.98,64.02,29100,64.02
20140811,64.04,64.08,64.00,64.04,14800,64.04
20140808,64.17,64.18,64.02,64.03,10200,64.03
20140807,63.94,64.09,63.88,64.08,25600,64.08
20140806,63.97,63.97,63.88,63.91,14300,63.91
20140805,63.86,63.93,63.80,63.84,10600,63.84
20140804,63.91,63.93,63.86,63.89,34600,63.89
20140801,63.72,63.87,63.68,63.87,18600,63.87
20140731,63.50,63.68,63.50,63.60,15400,63.52
20140730,63.67,63.67,62.04,63.60,30100,63.52
20140729,63.90,63.90,63.81,63.88,10700,63.80
20140728,63.87,63.87,63.78,63.79,13800,63.71
20140725,63.85,63.89,63.79,63.89,12900,63.81
20140724,63.82,63.82,63.73,63.77,12800,63.69
20140723,63.97,63.97,63.91,63.91,11100,63.83
20140722,63.93,63.93,63.85,63.90,22600,63.82
20140721,63.91,63.94,63.85,63.86,39400,63.78
20140718,63.94,63.94,63.82,63.87,6200,63.79
20140717,63.88,63.99,63.82,63.99,10200,63.91
20140716,63.74,63.76,63.71,63.76,8700,63.68
20140715,63.78,63.80,63.73,63.76,11800,63.68
20140714,63.83,63.83,63.76,63.80,13300,63.72
20140711,63.89,63.91,63.87,63.90,7700,63.82
20140710,63.95,63.95,63.81,63.85,6100,63.77
20140709,63.60,63.77,63.55,63.76,21100,63.68
20140708,63.70,63.75,63.65,63.65,8100,63.57
20140707,63.56,63.60,63.54,63.55,11400,63.47
20140703,63.43,63.55,63.43,63.54,11500,63.46
20140702,63.69,63.69,63.58,63.60,30800,63.52
20140701,63.83,63.83,63.77,63.80,162700,63.72
20140630,63.99,64.02,63.92,64.00,16300,63.83
20140627,63.99,64.01,63.93,63.96,12500,63.79
20140626,63.90,63.95,63.87,63.87,4900,63.70
20140625,63.90,63.90,63.80,63.82,4100,63.65
20140624,63.69,63.76,63.62,63.76,14100,63.59
20140623,63.72,63.72,63.65,63.65,23700,63.48
20140620,63.58,63.68,63.58,63.68,9300,63.51
20140619,63.76,63.80,63.58,63.67,14100,63.50
20140618,63.56,63.68,63.50,63.68,6300,63.51
20140617,63.53,63.54,63.50,63.50,11400,63.33
20140616,63.67,63.69,63.61,63.65,12200,63.48
20140613,63.58,63.71,63.58,63.71,9200,63.54
20140612,63.65,63.78,63.63,63.78,25700,63.61
20140611,63.60,63.66,63.57,63.64,14600,63.47
20140610,63.60,63.63,63.52,63.58,16500,63.41
20140609,63.66,63.68,63.61,63.67,20700,63.50
20140606,63.87,63.87,63.71,63.73,24800,63.56
20140605,63.74,63.82,63.74,63.80,17900,63.63
20140604,63.83,63.83,63.68,63.73,13000,63.56
20140603,63.87,63.87,63.70,63.70,10500,63.53
20140602,63.94,64.03,63.87,63.89,14500,63.72
20140530,64.17,64.22,64.10,64.17,12000,63.92
20140529,64.26,64.37,64.17,64.22,14200,63.97
20140528,64.17,64.30,64.17,64.24,15600,63.99
20140527,64.05,64.10,64.00,64.09,9800,63.84
20140523,64.06,64.11,64.05,64.06,9600,63.81
20140522,64.02,64.02,63.95,63.98,10600,63.73
20140521,63.97,64.04,63.97,64.04,6600,63.79
20140520,63.96,64.10,63.96,64.10,7200,63.85
20140519,64.03,64.09,63.98,64.00,5500,63.75
20140516,64.01,64.03,63.98,64.00,7300,63.75
20140515,63.96,64.10,63.96,64.05,12100,63.80
20140514,63.84,64.00,63.84,63.92,9100,63.67
20140513,63.74,63.76,63.68,63.74,20500,63.49
20140512,63.63,63.66,63.58,63.62,8200,63.37
20140509,63.71,63.99,63.67,63.74,9400,63.49
20140508,63.70,63.77,63.68,63.75,14600,63.50
20140507,63.58,63.69,63.54,63.63,14000,63.38
20140506,63.52,63.59,63.52,63.59,5900,63.34
20140505,63.58,63.60,63.51,63.53,22200,63.28
20140502,63.40,63.63,63.40,63.55,39300,63.30
20140501,63.43,63.52,63.41,63.51,9800,63.26
20140430,63.50,63.59,63.50,63.59,3200,63.26
20140429,63.35,63.41,63.31,63.40,11200,63.07
20140428,63.39,63.48,63.33,63.45,5100,63.12
20140425,63.43,63.52,63.43,63.46,13500,63.13
20140424,63.33,63.39,63.33,63.38,14900,63.05
20140423,63.37,63.44,63.35,63.40,11100,63.07
20140422,63.27,63.30,63.23,63.30,16500,62.97
20140421,63.37,63.39,63.31,63.32,6300,62.99
20140417,63.50,63.50,63.25,63.27,10100,62.94
20140416,63.56,63.57,63.51,63.52,7900,63.19
20140415,63.58,63.71,63.53,63.62,17200,63.29
20140414,63.87,64.00,63.61,63.65,20200,63.32
20140411,63.70,63.74,63.67,63.73,20700,63.40
20140410,63.55,63.71,63.55,63.67,2900,63.34
20140409,63.33,63.49,63.30,63.48,7800,63.15
20140408,63.35,63.42,63.32,63.42,6900,63.09
20140407,63.32,63.42,63.32,63.37,20600,63.04
20140404,63.14,63.28,63.14,63.25,14600,62.92
20140403,63.01,63.06,63.00,63.02,17900,62.70
20140402,63.06,63.06,62.97,63.00,18000,62.68
20140401,63.19,63.20,63.13,63.18,11300,62.86
20140331,63.21,63.30,63.21,63.30,18000,62.91
20140328,63.36,63.36,63.25,63.27,5600,62.88
20140327,63.25,63.40,63.25,63.34,9900,62.95
20140326,63.24,63.38,63.21,63.38,3600,62.99
20140325,63.18,63.26,63.18,63.21,5900,62.82
20140324,63.08,63.21,63.07,63.18,18400,62.79
20140321,63.15,63.25,63.15,63.24,10100,62.85
20140320,63.16,63.20,63.14,63.18,14800,62.79
20140319,63.63,63.63,62.84,63.20,20100,62.81
20140318,63.60,63.68,63.59,63.67,4800,63.27
20140317,63.61,63.66,63.56,63.57,8500,63.17
20140314,63.80,63.80,63.66,63.69,12400,63.29
20140313,63.40,63.74,63.40,63.74,11500,63.34
20140312,63.46,63.52,63.46,63.49,2400,63.09
20140311,63.37,63.42,63.33,63.41,9700,63.02
20140310,63.33,63.39,63.32,63.37,9800,62.98
20140307,63.31,63.36,63.30,63.30,26900,62.91
20140306,63.49,63.54,63.47,63.50,17700,63.10
20140305,63.53,63.66,63.53,63.62,5900,63.22
20140304,63.79,63.79,63.63,63.63,11000,63.23
20140303,63.82,63.86,63.72,63.84,13100,63.44
20140228,63.78,63.82,63.72,63.82,9200,63.34
20140227,63.83,63.87,63.82,63.84,3600,63.36
20140226,63.70,63.79,63.68,63.79,6000,63.31
20140225,63.65,63.70,63.65,63.70,5800,63.22
20140224,63.63,63.63,63.50,63.57,13200,63.09
20140221,63.52,63.62,63.52,63.61,8700,63.13
20140220,63.58,63.59,63.50,63.53,10900,63.05
20140219,63.77,63.78,63.61,63.64,9300,63.16
20140218,63.64,63.76,63.64,63.71,14800,63.23
20140214,63.57,63.61,63.54,63.59,22900,63.11
20140213,63.57,63.62,63.54,63.61,7400,63.13
20140212,63.44,63.44,63.36,63.38,4700,62.91
20140211,63.55,63.57,63.50,63.52,7100,63.04
20140210,63.68,63.73,63.65,63.69,27400,63.21
20140207,63.65,63.75,63.64,63.67,21000,63.19
20140206,63.63,63.63,63.53,63.56,5000,63.08
20140205,63.69,63.70,63.61,63.61,15200,63.13
20140204,63.72,63.76,63.71,63.73,21200,63.25
20140203,63.61,63.86,63.53,63.86,14000,63.38
20140131,63.65,63.71,63.62,63.71,11900,63.15
20140130,63.52,63.55,63.48,63.55,6900,63.00
20140129,63.58,63.62,63.47,63.61,13400,63.06
20140128,63.35,63.40,63.35,63.40,10400,62.85
20140127,63.38,63.45,63.31,63.34,27900,62.79
20140124,63.44,63.49,63.39,63.43,22100,62.88
20140123,63.18,63.31,63.18,63.28,5600,62.73
20140122,63.04,63.05,62.98,63.00,13700,62.45
20140121,63.11,63.17,63.09,63.17,4200,62.62
20140117,63.11,63.20,63.09,63.20,8200,62.65
20140116,63.06,63.15,63.06,63.11,12300,62.56
20140115,62.93,63.04,62.93,63.03,10100,62.48
20140114,63.14,63.20,63.07,63.07,19200,62.52
20140113,63.25,63.28,63.19,63.23,7900,62.68
20140110,63.08,63.15,63.01,63.15,9300,62.60
20140109,62.81,62.81,62.72,62.77,11900,62.22
20140108,62.82,62.82,62.69,62.71,7000,62.16
20140107,62.94,62.98,62.88,62.97,7100,62.42
20140106,62.89,62.93,62.82,62.87,25100,62.32
20140103,62.85,62.88,62.76,62.80,23300,62.25
20140102,62.72,62.83,62.71,62.80,38100,62.25
20131231,62.81,62.83,62.64,62.64,16900,62.09
20131230,62.72,62.82,62.72,62.81,39400,62.26
20131227,62.69,62.79,62.69,62.72,21200,62.17
20131226,62.78,62.78,62.68,62.74,17500,62.19
20131224,62.85,62.85,62.73,62.76,25500,62.21
20131223,63.16,63.22,63.14,63.14,13800,62.33
20131220,63.24,63.29,63.21,63.23,8200,62.42
20131219,63.26,63.29,63.17,63.25,79600,62.44
20131218,63.46,63.64,63.36,63.42,110000,62.61
20131217,63.45,63.57,63.44,63.51,107000,62.69
20131216,63.51,63.51,63.41,63.45,49400,62.63
20131213,63.46,63.46,63.40,63.42,5100,62.61
20131212,63.50,63.50,63.39,63.40,28100,62.59
20131211,63.55,63.65,63.55,63.55,15400,62.73
20131210,63.66,63.68,63.59,63.68,22200,62.86
20131209,63.45,63.56,63.45,63.51,15700,62.69
20131206,63.43,63.58,63.43,63.46,14400,62.64
20131205,63.51,63.59,63.46,63.49,82700,62.67
20131204,63.55,63.65,63.55,63.63,8300,62.81
20131203,63.73,63.82,63.73,63.80,14500,62.98
20131202,63.78,63.78,63.65,63.65,4500,62.83
20131129,63.83,63.83,63.79,63.82,55100,63.00
20131127,63.97,63.97,63.83,63.95,8500,63.06
20131126,63.98,64.04,63.94,64.02,5500,63.12
20131125,63.90,63.94,63.89,63.93,7600,63.04
20131122,63.79,63.90,63.79,63.90,52700,63.01
20131121,63.68,63.87,63.68,63.80,6500,62.91
20131120,63.86,63.96,63.77,63.77,4300,62.88
20131119,63.96,63.96,63.89,63.92,4300,63.03
20131118,63.86,64.02,63.86,64.02,7300,63.12
20131115,63.89,63.93,63.87,63.89,13900,63.00
20131114,63.75,63.93,63.75,63.90,7200,63.01
20131113,63.77,63.77,63.66,63.71,12600,62.82
20131112,63.68,63.68,63.54,63.55,7100,62.66
20131111,63.82,63.82,63.65,63.72,4400,62.83
20131108,63.77,63.77,63.64,63.65,13200,62.76
20131107,63.95,64.03,63.95,64.00,3600,63.10
20131106,63.88,63.92,63.88,63.91,1700,63.02
20131105,63.80,63.80,63.74,63.80,5600,62.91
20131104,63.87,63.93,63.87,63.88,7900,62.99
20131101,63.96,63.96,63.82,63.82,28800,62.93
20131031,64.11,64.11,63.94,64.02,10100,63.12
20131030,64.19,64.29,64.05,64.12,11000,63.15
20131029,64.22,64.24,64.14,64.17,20800,63.20
20131028,64.15,64.16,64.12,64.16,112500,63.19
20131025,64.07,64.18,64.07,64.15,3800,63.18
20131024,64.20,64.20,64.10,64.10,6300,63.13
20131023,64.15,64.23,64.15,64.22,9600,63.25
20131022,64.08,64.19,64.08,64.19,9100,63.22
20131021,63.90,63.91,63.86,63.86,19100,62.90
20131018,63.98,63.98,63.93,63.93,10900,62.97
20131017,63.87,63.97,63.84,63.94,42000,62.98
20131016,63.50,63.72,63.48,63.72,58900,62.76
20131015,63.69,63.69,63.54,63.57,4000,62.61
20131014,63.78,63.78,63.47,63.56,7300,62.60
20131011,63.71,63.71,63.63,63.65,2100,62.69
20131010,63.49,63.60,63.49,63.57,12000,62.61
20131009,63.71,63.71,63.60,63.61,5600,62.65
20131008,63.71,63.71,63.65,63.66,4600,62.70
20131007,63.84,63.84,63.66,63.67,9700,62.71
20131004,63.75,63.75,63.70,63.74,3600,62.78
20131003,63.70,63.86,63.70,63.81,20500,62.85
20131002,63.68,63.82,63.68,63.78,50600,62.82
20131001,63.69,63.71,63.60,63.60,18500,62.64
20130930,63.73,63.78,63.63,63.71,148000,62.75
20130927,63.74,63.82,63.74,63.78,13200,62.75
20130926,63.66,63.71,63.61,63.70,11500,62.67
20130925,63.65,63.75,63.65,63.75,12000,62.72
20130924,63.58,63.68,63.55,63.65,23800,62.63
20130923,63.42,63.53,63.42,63.53,8200,62.51
20130920,63.40,63.45,63.34,63.41,6100,62.39
20130919,63.50,63.51,63.37,63.40,45800,62.38
20130918,62.96,63.59,62.84,63.47,34800,62.45
20130917,63.04,63.04,62.98,62.98,20900,61.97
20130916,63.15,63.20,62.91,62.94,25700,61.93
20130913,62.77,62.82,62.76,62.76,3700,61.75
20130912,62.80,62.87,62.74,62.77,17400,61.76
20130911,62.58,62.73,62.55,62.70,36900,61.69
20130910,62.55,62.61,62.51,62.51,11300,61.50
20130909,62.71,62.73,62.67,62.70,8300,61.69
20130906,62.63,62.71,62.51,62.55,27800,61.54
20130905,62.43,62.43,62.31,62.33,7900,61.33
20130904,62.74,62.81,62.62,62.62,4700,61.61
20130903,62.81,62.86,62.62,62.82,8400,61.81
20130830,63.10,63.10,62.94,62.98,53600,61.97
20130829,62.94,63.15,62.94,63.15,3800,62.07
20130828,63.19,63.19,63.03,63.06,10200,61.98
20130827,63.15,63.24,63.12,63.21,14400,62.12
20130826,63.01,63.05,62.96,63.02,7200,61.94
20130823,62.64,63.03,62.64,62.91,11700,61.83
20130822,62.74,62.85,62.67,62.73,9400,61.65
20130821,63.05,63.13,62.89,62.89,10300,61.81
20130820,63.00,63.11,63.00,63.09,13800,62.01
20130819,63.01,63.01,62.86,62.88,5500,61.80
20130816,63.14,63.17,62.93,63.05,64600,61.97
20130815,63.10,63.27,63.10,63.17,11400,62.08
20130814,63.35,63.42,63.32,63.32,4600,62.23
20130813,63.44,63.44,63.32,63.32,7400,62.23
20130812,63.75,63.76,63.63,63.66,12100,62.57
20130809,63.65,63.71,63.64,63.69,22800,62.60
20130808,63.70,63.72,63.67,63.67,22200,62.58
20130807,63.56,63.67,63.56,63.64,35000,62.55
20130806,63.53,63.59,63.51,63.55,23700,62.46
20130805,63.60,63.60,63.52,63.56,4400,62.47
20130802,63.48,63.65,63.43,63.62,9000,62.53
20130801,63.49,63.51,63.27,63.27,32300,62.18
20130731,63.43,63.59,63.28,63.56,54100,62.47
20130730,63.67,63.77,63.63,63.66,30100,62.50
20130729,63.63,63.69,63.62,63.67,34900,62.51
20130726,63.71,63.76,63.68,63.70,209900,62.54
20130725,63.56,63.72,63.53,63.72,3800,62.56
20130724,63.69,63.69,63.56,63.63,23800,62.47
20130723,63.76,63.86,63.76,63.80,20200,62.64
20130722,63.90,63.93,63.82,63.85,13500,62.69
20130719,63.82,63.90,63.82,63.86,61400,62.70
20130718,63.85,63.85,63.67,63.67,16400,62.51
20130717,63.89,63.89,63.83,63.84,35700,62.68
20130716,63.60,63.68,63.59,63.66,18000,62.50
20130715,63.56,63.62,63.54,63.55,4700,62.39
20130712,63.64,63.68,63.44,63.44,8600,62.28
20130711,63.43,63.61,63.40,63.59,20800,62.43
20130710,63.28,63.28,63.13,63.13,14800,61.98
20130709,63.28,63.30,63.23,63.23,9400,62.08
20130708,63.11,63.25,63.11,63.24,16700,62.09
20130705,63.13,63.13,62.91,62.91,18200,61.76
20130703,63.65,63.71,63.61,63.61,19800,62.45
20130702,63.60,63.69,63.58,63.65,27000,62.49
20130701,63.48,63.64,63.48,63.56,24200,62.40
20130628,63.49,63.62,63.41,63.59,43200,62.43
20130627,63.60,63.71,63.60,63.71,7900,62.48
20130626,63.53,63.55,63.40,63.48,6000,62.25
20130625,63.43,63.47,63.31,63.31,10900,62.09
20130624,63.11,63.47,63.11,63.36,31300,62.13
20130621,63.81,63.81,63.49,63.49,17400,62.26
20130620,63.87,63.94,63.77,63.87,22900,62.63
20130619,64.69,64.69,63.97,64.00,19200,62.76
20130618,64.58,64.63,64.55,64.59,11900,63.34
20130617,64.77,64.77,64.60,64.61,8800,63.36
20130614,64.70,64.78,64.70,64.72,241900,63.47
20130613,64.37,64.57,64.36,64.53,7400,63.28
20130612,64.45,64.46,64.32,64.32,16600,63.08
20130611,64.25,64.49,64.25,64.49,14400,63.24
20130610,64.41,64.45,64.35,64.35,13600,63.11
20130607,64.63,64.69,64.54,64.54,10000,63.29
20130606,64.77,64.89,64.70,64.77,14600,63.52
20130605,64.70,64.78,64.67,64.74,18300,63.49
20130604,64.59,64.70,64.58,64.64,556200,63.39
20130603,64.54,64.80,64.54,64.72,47000,63.47
20130531,64.80,64.80,64.46,64.62,54200,63.37
20130530,64.76,64.87,64.73,64.82,4900,63.50
20130529,64.67,64.75,64.67,64.75,98100,63.43
20130528,64.98,64.99,64.70,64.70,12700,63.38
20130524,65.13,65.17,65.08,65.08,7300,63.76
20130523,65.19,65.19,65.05,65.12,12100,63.80
20130522,65.35,65.39,65.04,65.05,23100,63.73
20130521,65.27,65.35,65.22,65.35,6000,64.02
20130520,65.35,65.35,65.25,65.29,9500,63.96
20130517,65.39,65.40,65.26,65.30,98500,63.97
20130516,65.42,65.50,65.40,65.48,155600,64.15
20130515,65.32,65.35,65.22,65.30,33000,63.97
20130514,65.36,65.40,65.20,65.20,8600,63.87
20130513,65.33,65.33,65.31,65.32,10900,63.99
20130510,65.48,65.48,65.32,65.36,11500,64.03
20130509,65.58,65.66,65.58,65.60,11200,64.27
20130508,65.61,65.64,65.58,65.61,12300,64.28
20130507,65.57,65.59,65.55,65.58,9900,64.25
20130506,65.68,65.68,65.58,65.61,5800,64.28
20130503,65.73,65.75,65.63,65.66,15100,64.32
20130502,65.94,65.94,65.89,65.91,47700,64.57
20130501,65.92,65.98,65.90,65.96,34500,64.62
20130430,65.89,65.92,65.81,65.84,25600,64.50
20130429,65.92,65.92,65.90,65.91,8900,64.50
20130426,65.85,65.89,65.85,65.88,4500,64.47
20130425,65.75,65.78,65.72,65.78,14500,64.37
20130424,65.77,65.82,65.77,65.81,11200,64.40
20130423,65.81,65.88,65.77,65.77,14200,64.37
20130422,65.80,65.83,65.76,65.79,4600,64.38
20130419,65.84,65.84,65.73,65.75,4700,64.35
20130418,65.85,65.85,65.77,65.79,8800,64.38
20130417,65.76,65.83,65.76,65.80,13400,64.39
20130416,65.77,65.77,65.71,65.74,7500,64.34
20130415,65.77,65.82,65.76,65.80,129100,64.39
20130412,65.68,65.76,65.68,65.76,5900,64.36
20130411,65.58,65.63,65.58,65.58,14100,64.18
20130410,65.60,65.64,65.58,65.58,85600,64.18
20130409,65.74,65.75,65.70,65.72,13000,64.32
20130408,65.76,65.78,65.67,65.69,14500,64.29
20130405,65.69,65.83,65.69,65.75,49600,64.35
20130404,65.67,65.72,65.64,65.70,13000,64.30
20130403,65.50,65.61,65.47,65.59,28900,64.19
20130402,65.45,65.45,65.40,65.41,7900,64.01
20130401,65.39,65.51,65.39,65.46,8800,64.06
20130328,65.48,65.50,65.40,65.40,33000,64.00
20130327,65.51,65.55,65.49,65.52,12100,64.06
20130326,65.33,65.40,65.30,65.40,11100,63.94
20130325,65.29,65.37,65.26,65.36,28600,63.90
20130322,65.29,65.34,65.27,65.31,5600,63.85
20130321,65.31,65.33,65.28,65.31,9400,63.85
20130320,65.24,65.32,65.24,65.29,15900,63.83
20130319,65.29,65.40,65.29,65.38,383300,63.92
20130318,65.28,65.28,65.22,65.24,23900,63.78
20130315,65.03,65.16,65.03,65.16,10700,63.71
20130314,64.94,65.03,64.92,65.00,6900,63.55
20130313,64.93,65.03,64.93,65.00,9100,63.55
20130312,65.01,65.04,65.01,65.04,9800,63.59
20130311,64.98,64.98,64.92,64.92,8900,63.47
20130308,64.95,64.98,64.90,64.95,15900,63.50
20130307,65.21,65.21,65.07,65.08,5600,63.63
20130306,65.26,65.28,65.22,65.23,13700,63.77
20130305,65.37,65.37,65.31,65.36,12200,63.90
20130304,65.41,65.43,65.38,65.38,115000,63.92
20130301,65.45,65.47,65.43,65.43,3300,63.97
20130228,65.35,65.38,65.33,65.35,75000,63.89
20130227,65.47,65.48,65.38,65.38,3600,63.85
20130226,65.48,65.48,65.38,65.39,7100,63.86
20130225,65.18,65.41,65.13,65.41,17800,63.88
20130222,65.13,65.20,65.13,65.19,16800,63.67
20130221,65.11,65.18,65.11,65.14,10800,63.62
20130220,65.06,65.06,64.99,65.05,15000,63.53
20130219,65.10,65.10,65.00,65.08,23300,63.56
20130215,65.03,65.05,64.98,65.05,9800,63.53
20130214,64.97,65.07,64.96,65.05,8800,63.53
20130213,64.90,64.95,64.88,64.90,13700,63.38
20130212,64.99,65.06,64.99,65.02,12500,63.50
20130211,65.00,65.14,65.00,65.09,22800,63.57
20130208,65.11,65.15,65.04,65.13,12700,63.61
20130207,65.12,65.18,65.12,65.12,9000,63.60
20130206,65.15,65.15,65.05,65.11,6200,63.59
20130205,65.03,65.05,64.98,65.04,8800,63.52
20130204,65.06,65.12,65.06,65.11,18800,63.59
20130201,65.19,65.19,64.95,64.95,7200,63.43
20130131,64.95,65.01,64.95,64.99,41100,63.47
20130130,65.03,65.06,64.94,65.06,183300,63.47
20130129,65.08,65.10,65.00,65.04,218800,63.45
20130128,64.94,65.05,64.94,65.05,237400,63.46
20130125,65.28,65.29,65.10,65.12,160500,63.53
20130124,65.42,65.42,65.35,65.40,27700,63.80
20130123,65.43,65.48,65.42,65.46,7900,63.86
20130122,65.34,65.42,65.31,65.39,19300,63.79
20130118,65.35,65.38,65.33,65.35,17800,63.75
20130117,65.32,65.32,65.26,65.27,12700,63.68
20130116,65.47,65.47,65.42,65.45,6800,63.85
20130115,65.44,65.45,65.39,65.40,20800,63.80
20130114,65.37,65.37,65.30,65.34,12000,63.74
20130111,65.11,65.32,65.11,65.32,24000,63.72
20130110,65.21,65.27,65.21,65.27,3600,63.68
20130109,65.27,65.36,65.26,65.33,13100,63.73
20130108,65.19,65.30,65.19,65.30,130100,63.70
20130107,65.11,65.20,65.11,65.18,26000,63.59
20130104,65.10,65.16,65.06,65.13,35000,63.54
20130103,65.35,65.35,65.14,65.14,23300,63.55
20130102,65.35,65.37,65.28,65.35,50900,63.75
20121231,65.50,65.57,65.36,65.41,27700,63.81
20121228,65.55,65.60,65.55,65.60,9400,64.00
20121227,65.42,65.57,65.40,65.52,12600,63.92
20121226,65.41,65.42,65.40,65.41,2900,63.81
20121224,65.29,65.37,65.29,65.37,11000,63.77
20121221,66.23,66.23,66.19,66.19,44500,63.83
20121220,66.09,66.15,66.08,66.10,10500,63.75
20121219,66.12,66.12,66.06,66.06,10300,63.71
20121218,66.07,66.12,65.98,65.98,23400,63.63
20121217,66.31,66.31,66.13,66.13,9600,63.77
20121214,66.28,66.28,66.27,66.27,8300,63.91
20121213,66.29,66.32,66.27,66.27,15500,63.91
20121212,66.45,66.45,66.36,66.39,12100,64.03
20121211,66.43,66.51,66.43,66.49,4600,64.12
20121210,66.53,66.57,66.51,66.52,11500,64.15
20121207,66.54,66.57,66.50,66.52,6100,64.15
20121206,66.56,66.64,66.56,66.62,21300,64.25
20121205,66.59,66.61,66.58,66.59,13500,64.22
20121204,66.49,66.56,66.49,66.56,8700,64.19
20121203,66.39,66.51,66.36,66.51,9800,64.14
20121130,66.54,66.54,66.49,66.53,56400,64.16
20121129,66.48,66.58,66.48,66.56,7300,64.12
20121128,66.50,66.53,66.50,66.51,20300,64.07
20121127,66.41,66.46,66.41,66.46,6300,64.02
20121126,66.38,66.42,66.38,66.42,2300,63.98
20121123,66.47,66.47,66.33,66.33,7200,63.89
20121121,66.33,66.37,66.33,66.33,48100,63.89
20121120,66.46,66.46,66.40,66.42,25000,63.98
20121119,66.53,66.54,66.49,66.54,7500,64.10
20121116,66.57,66.64,66.57,66.62,11700,64.17
20121115,66.56,66.62,66.49,66.59,16400,64.14
20121114,66.49,66.57,66.48,66.56,10200,64.12
20121113,66.54,66.55,66.54,66.54,6200,64.10
20121112,66.56,66.56,66.49,66.53,35500,64.09
20121109,66.52,66.53,66.44,66.52,14700,64.08
20121108,66.36,66.50,66.36,66.49,9000,64.05
20121107,66.42,66.44,66.39,66.39,8400,63.95
20121106,66.20,66.22,66.09,66.10,5900,63.67
20121105,66.20,66.28,66.20,66.25,115200,63.82
20121102,66.02,66.16,65.98,66.16,7500,63.73
20121101,66.31,66.31,66.19,66.22,6800,63.71
20121031,66.11,66.28,66.11,66.26,23600,63.75
20121026,66.06,66.12,66.06,66.12,3200,63.62
20121025,65.88,65.95,65.85,65.91,17300,63.42
20121024,66.04,66.10,66.03,66.09,11600,63.59
20121023,66.02,66.10,66.02,66.07,4800,63.57
20121022,66.00,66.00,65.95,65.95,14100,63.45
20121019,65.99,66.10,65.99,66.06,10900,63.56
20121018,66.04,66.04,65.92,65.92,8500,63.42
20121017,66.13,66.13,65.98,66.01,5600,63.51
20121016,66.33,66.33,66.25,66.25,28200,63.74
20121015,66.41,66.41,66.35,66.40,13200,63.89
20121012,66.41,66.43,66.36,66.40,9800,63.89
20121011,66.24,66.36,66.24,66.35,25100,63.84
20121010,66.22,66.37,66.22,66.34,16100,63.83
20121009,66.30,66.34,66.28,66.28,2200,63.77
20121008,66.48,66.48,66.35,66.36,42800,63.85
20121005,66.25,66.34,66.24,66.30,9900,63.79
20121004,66.50,66.53,66.45,66.45,9600,63.93
20121003,66.52,66.57,66.50,66.57,7600,64.05
20121002,66.49,66.54,66.48,66.51,11000,63.99
20121001,66.50,66.53,66.45,66.51,66000,63.99
20120928,66.52,66.55,66.44,66.50,2500,63.98
20120927,66.52,66.54,66.48,66.51,7600,63.92
20120926,66.46,66.55,66.46,66.53,4100,63.94
20120925,66.37,66.42,66.30,66.42,4800,63.83
20120924,66.31,66.39,66.31,66.37,26900,63.78
20120921,66.20,66.27,66.15,66.27,8100,63.69
20120920,66.32,66.32,66.19,66.19,6000,63.61
20120919,66.25,66.25,66.16,66.17,16900,63.59
20120918,66.18,66.20,66.11,66.13,36700,63.55
20120917,65.97,66.12,65.97,66.04,37900,63.46
20120914,66.17,66.17,65.98,66.00,10500,63.43
20120913,66.27,66.34,66.12,66.30,13000,63.71
20120912,66.22,66.23,66.17,66.19,3600,63.61
20120911,66.33,66.35,66.30,66.30,9200,63.71
20120910,66.32,66.43,66.32,66.37,12400,63.78
20120907,66.54,66.54,66.38,66.38,27000,63.79
20120906,66.38,66.38,66.27,66.29,15700,63.71
20120905,66.49,66.57,66.49,66.50,8600,63.91
20120904,66.53,66.61,66.50,66.50,27300,63.91
20120831,66.36,66.61,66.36,66.60,2600,64.00
20120830,66.47,66.49,66.42,66.46,14600,63.79
20120829,66.38,66.38,66.33,66.36,2200,63.69
20120828,66.39,66.44,66.37,66.40,14300,63.73
20120827,66.38,66.38,66.32,66.36,24700,63.69
20120824,66.35,66.35,66.25,66.25,15300,63.59
20120823,66.27,66.34,66.27,66.28,17600,63.61
20120822,66.07,66.24,66.04,66.24,20000,63.58
20120821,65.88,65.91,65.80,65.90,22400,63.25
20120820,65.86,65.95,65.86,65.90,11300,63.25
20120817,65.93,65.94,65.88,65.90,5900,63.25
20120816,65.90,65.94,65.75,65.83,8700,63.18
20120815,66.01,66.01,65.88,65.88,5800,63.23
20120814,66.13,66.14,66.06,66.11,14300,63.45
20120813,66.24,66.33,66.24,66.24,16000,63.58
20120810,66.33,66.33,66.24,66.24,6200,63.58
20120809,66.13,66.18,66.06,66.16,16200,63.50
20120808,66.25,66.27,66.15,66.17,13100,63.51
20120807,66.26,66.27,66.20,66.21,36300,63.55
20120806,66.38,66.50,66.38,66.42,20400,63.75
20120803,66.47,66.47,66.32,66.36,16400,63.69
20120802,66.65,66.70,66.57,66.57,57500,63.89
20120801,66.63,66.63,66.50,66.53,16500,63.85
20120731,66.63,66.68,66.56,66.63,19400,63.95
20120730,66.50,66.68,66.50,66.67,15200,63.91
20120727,66.57,66.58,66.42,66.53,19600,63.78
20120726,66.84,66.92,66.77,66.78,14100,64.02
20120725,66.89,66.97,66.86,66.97,17400,64.20
20120724,66.77,66.90,66.77,66.86,5700,64.09
20120723,66.85,66.85,66.76,66.81,8100,64.05
20120720,66.69,66.77,66.69,66.76,7600,64.00
20120719,66.64,66.67,66.59,66.63,14200,63.87
20120718,66.65,66.67,66.63,66.64,25500,63.88
20120717,66.63,66.68,66.58,66.60,6700,63.85
20120716,66.69,66.75,66.68,66.68,7100,63.92
20120713,66.53,66.58,66.53,66.57,3000,63.82
20120712,66.60,66.62,66.55,66.57,13300,63.82
20120711,66.57,66.58,66.53,66.53,4600,63.78
20120710,66.48,66.55,66.48,66.51,3900,63.76
20120709,66.51,66.55,66.49,66.55,15000,63.80
20120706,66.49,66.49,66.44,66.49,10200,63.74
20120705,66.30,66.38,66.28,66.31,34200,63.57
20120703,66.29,66.31,66.25,66.26,11300,63.52
20120702,66.22,66.40,66.22,66.35,13500,63.61
20120629,66.09,66.18,66.09,66.18,6600,63.44
20120628,66.39,66.42,66.37,66.37,6700,63.54
20120627,66.21,66.23,66.18,66.18,600,63.36
20120626,66.17,66.25,66.16,66.16,14200,63.34
20120625,66.21,66.29,66.21,66.26,18700,63.44
20120622,66.05,66.12,66.05,66.10,7600,63.29
20120621,66.15,66.26,66.14,66.20,4700,63.38
20120620,66.14,66.17,66.10,66.12,8300,63.30
20120619,66.28,66.28,66.18,66.22,8700,63.40
20120618,66.37,66.37,66.28,66.30,8000,63.48
20120615,66.31,66.37,66.30,66.36,7300,63.53
20120614,66.21,66.27,66.16,66.16,14100,63.34
20120613,66.24,66.30,66.12,66.27,7200,63.45
20120612,66.24,66.26,66.10,66.13,20100,63.31
20120611,66.16,66.36,66.16,66.33,25500,63.51
20120608,66.37,66.38,66.19,66.19,52400,63.37
20120607,66.13,66.20,66.11,66.20,9700,63.38
20120606,66.37,66.37,66.12,66.15,6200,63.33
20120605,66.36,66.42,66.34,66.34,7800,63.52
20120604,66.49,66.51,66.37,66.38,22900,63.55
20120601,66.61,66.65,66.56,66.65,10600,63.81
20120531,66.32,66.48,66.30,66.35,33400,63.53
20120530,66.25,66.36,66.25,66.34,5800,63.43
20120529,66.09,66.09,66.01,66.01,14200,63.12
20120525,66.05,66.07,66.02,66.06,9400,63.16
20120524,66.03,66.03,65.97,65.98,17100,63.09
20120523,66.07,66.15,66.06,66.09,16900,63.19
20120522,65.91,66.00,65.89,65.99,8800,63.10
20120521,66.07,66.09,66.01,66.05,10900,63.16
20120518,66.03,66.11,66.02,66.07,5100,63.17
20120517,66.00,66.13,66.00,66.09,10300,63.19
20120516,65.95,66.07,65.91,66.05,21000,63.16
20120515,66.19,66.19,66.00,66.03,24100,63.14
20120514,66.04,66.08,65.95,66.05,20000,63.16
20120511,65.91,65.92,65.84,65.91,12500,63.02
20120510,65.75,65.82,65.70,65.80,17000,62.92
20120509,65.91,65.93,65.81,65.81,10700,62.93
20120508,65.82,65.82,65.82,65.82,10600,62.94
20120507,65.84,65.84,65.74,65.76,11600,62.88
20120504,65.74,65.78,65.71,65.75,5200,62.87
20120503,65.58,65.68,65.57,65.61,35400,62.73
20120502,65.73,65.73,65.59,65.65,20000,62.77
20120501,65.72,65.72,65.56,65.63,16000,62.75
20120430,65.64,65.68,65.60,65.67,122800,62.79
20120427,65.58,65.69,65.58,65.69,10000,62.72
20120426,65.66,65.67,65.61,65.65,10800,62.69
20120425,65.45,65.53,65.41,65.51,5400,62.55
20120424,65.61,65.61,65.53,65.55,8000,62.59
20120423,65.72,65.72,65.61,65.63,16600,62.67
20120420,65.53,65.56,65.46,65.56,8200,62.60
20120419,65.55,65.59,65.54,65.59,7000,62.63
20120418,65.49,65.55,65.49,65.53,6900,62.57
20120417,65.47,65.49,65.43,65.44,5100,62.49
20120416,65.51,65.61,65.51,65.53,18400,62.57
20120413,65.37,65.49,65.37,65.45,6600,62.50
20120412,65.35,65.35,65.27,65.27,4000,62.32
20120411,65.41,65.41,65.32,65.39,3400,62.44
20120410,65.39,65.53,65.32,65.48,8100,62.52
20120409,65.41,65.41,65.29,65.29,4700,62.34
20120405,64.95,64.97,64.84,64.95,7200,62.02
20120404,64.64,64.83,64.64,64.80,22400,61.87
20120403,64.91,64.98,64.53,64.53,4100,61.62
20120402,64.73,64.94,64.73,64.90,14200,61.97
20120330,64.93,64.96,64.66,64.66,9400,61.74
20120329,64.99,65.00,64.91,65.00,10500,61.99
20120328,64.82,64.94,64.82,64.84,102400,61.83
20120327,64.67,64.90,64.67,64.88,14500,61.87
20120326,64.59,64.66,64.51,64.65,23800,61.65
20120323,64.69,64.71,64.61,64.64,5800,61.64
20120322,64.59,64.59,64.50,64.52,4700,61.53
20120321,64.40,64.48,64.33,64.48,11400,61.49
20120320,64.26,64.33,64.17,64.24,10700,61.26
20120319,64.53,64.53,64.19,64.24,34500,61.26
20120316,64.41,64.48,64.35,64.44,14200,61.45
20120315,64.44,64.64,64.44,64.55,17700,61.56
20120314,64.84,64.84,64.47,64.48,23500,61.49
20120313,65.21,65.21,65.00,65.00,24000,61.99
20120312,65.39,65.39,65.30,65.30,55400,62.27
20120309,65.30,65.30,65.21,65.28,15500,62.25
20120308,65.36,65.39,65.28,65.32,17800,62.29
20120307,65.56,65.56,65.43,65.46,13000,62.43
20120306,65.55,65.56,65.49,65.54,12200,62.50
20120305,65.47,65.49,65.33,65.40,8200,62.37
20120302,65.37,65.49,65.37,65.42,4500,62.39
20120301,65.12,65.37,65.12,65.28,17300,62.25
20120229,65.56,65.56,65.38,65.40,14700,62.37
20120228,65.66,65.76,65.60,65.66,22500,62.53
20120227,65.54,65.77,65.54,65.61,25200,62.48
20120224,65.46,65.55,65.44,65.50,17400,62.38
20120223,65.50,65.57,65.32,65.57,16900,62.44
20120222,65.34,65.52,65.29,65.50,11500,62.38
20120221,65.21,65.35,65.20,65.26,25400,62.15
20120217,65.39,65.44,65.31,65.44,12900,62.32
20120216,65.59,65.59,65.39,65.51,15400,62.39
20120215,65.59,65.65,65.58,65.62,19400,62.49
20120214,65.57,65.63,65.56,65.58,8700,62.45
20120213,65.62,65.66,65.53,65.53,13000,62.41
20120210,65.53,65.66,65.53,65.59,10800,62.46
20120209,65.51,65.51,65.42,65.46,17100,62.34
20120208,65.57,65.57,65.49,65.54,7800,62.42
20120207,65.66,65.66,65.54,65.56,6600,62.43
20120206,65.81,65.83,65.62,65.82,15800,62.68
20120203,65.73,65.73,65.50,65.50,37100,62.38
20120202,65.96,65.98,65.80,65.88,10800,62.74
20120201,65.95,65.95,65.83,65.93,4400,62.79
20120131,65.88,65.99,65.83,65.97,4900,62.83
20120130,66.03,66.03,65.97,65.99,20700,62.76
20120127,65.83,65.85,65.69,65.83,11400,62.60
20120126,65.79,65.79,65.61,65.75,4500,62.53
20120125,65.35,65.68,65.26,65.59,57200,62.38
20120124,65.31,65.32,65.24,65.26,8900,62.06
20120123,65.39,65.39,65.21,65.29,51500,62.09
20120120,65.55,65.55,65.36,65.36,10600,62.16
20120119,65.72,65.73,65.45,65.54,16500,62.33
20120118,65.78,65.85,65.74,65.76,16900,62.54
20120117,65.71,65.83,65.69,65.83,5800,62.60
20120113,65.85,65.90,65.72,65.72,10000,62.50
20120112,65.71,68.95,65.49,65.57,69400,62.36
20120111,65.50,65.59,65.46,65.56,14700,62.35
20120110,65.39,65.55,65.34,65.34,11700,62.14
20120109,65.44,65.57,65.37,65.48,18800,62.27
20120106,65.60,65.60,65.36,65.45,17200,62.24
20120105,65.53,65.63,65.43,65.53,20700,62.32
20120104,65.61,65.61,65.31,65.42,13200,62.21
20120103,65.51,65.52,65.21,65.29,34200,62.09
20111230,65.62,65.98,65.45,65.66,15800,62.44
20111229,65.41,65.53,65.37,65.51,11700,62.30
20111228,65.33,65.44,65.33,65.41,2800,62.20
20111227,65.24,65.24,65.07,65.17,13300,61.98
20111223,65.10,65.15,65.06,65.14,2000,61.95
20111222,65.62,65.64,65.49,65.52,7700,62.09
20111221,65.70,65.70,65.53,65.53,5700,62.10
20111220,65.77,65.77,65.57,65.65,15400,62.22
20111219,65.78,65.91,65.78,65.91,4200,62.46
20111216,65.68,65.83,65.68,65.81,9900,62.37
20111215,65.63,65.70,65.63,65.69,10500,62.26
20111214,65.62,65.67,65.58,65.67,3700,62.24
20111213,65.30,65.61,65.30,65.60,10700,62.17
20111212,65.52,65.53,65.37,65.49,6700,62.07
20111209,65.49,65.51,65.33,65.38,12300,61.96
20111208,65.44,65.57,65.44,65.56,12100,62.13
20111207,65.35,65.43,65.24,65.41,5500,61.99
20111206,65.14,65.29,65.14,65.22,2700,61.81
20111205,65.15,65.28,65.00,65.22,17300,61.81
20111202,65.10,65.36,65.07,65.36,7100,61.94
20111201,65.14,65.26,65.01,65.10,6800,61.70
20111130,65.14,65.24,65.11,65.20,11100,61.79
20111129,65.39,65.47,65.23,65.43,10000,61.91
20111128,65.23,65.46,65.15,65.46,11700,61.94
20111125,65.57,65.57,65.47,65.52,4400,62.00
20111123,65.52,65.66,65.45,65.66,26700,62.13
20111122,65.49,65.66,65.40,65.56,25300,62.04
20111121,65.48,65.51,65.40,65.45,9100,61.93
20111118,65.41,65.43,65.30,65.36,9400,61.85
20111117,65.34,65.53,65.32,65.46,13500,61.94
20111116,65.45,65.46,65.32,65.45,19700,61.93
20111115,65.34,65.43,65.23,65.23,4600,61.72
20111114,65.35,65.42,65.25,65.40,27100,61.88
20111111,65.25,65.25,65.04,65.14,9600,61.64
20111110,65.32,65.44,64.90,65.37,51500,61.86
20111109,65.54,65.55,65.31,65.54,40800,62.02
20111108,65.37,65.44,65.18,65.24,17000,61.73
20111107,65.25,65.52,65.25,65.39,12000,61.88
20111104,65.28,65.40,65.25,65.37,23200,61.86
20111103,65.26,65.37,65.18,65.27,10700,61.76
20111102,65.25,65.32,65.25,65.28,3700,61.77
20111101,65.36,65.36,65.07,65.29,31700,61.78
20111031,64.70,64.89,64.68,64.89,10600,61.40
20111028,64.58,64.66,64.35,64.44,40400,60.88
20111027,64.46,64.63,63.99,64.31,90600,60.76
20111026,64.84,64.97,64.73,64.73,9500,61.16
20111025,64.65,65.08,64.65,65.08,2800,61.49
20111024,64.71,64.79,64.66,64.68,6200,61.11
20111021,64.77,64.82,64.68,64.82,10200,61.24
20111020,64.85,64.90,64.80,64.84,24400,61.26
20111019,64.80,64.97,64.77,64.90,4900,61.32
20111018,64.83,64.94,64.80,64.81,18300,61.23
20111017,64.74,64.84,64.71,64.84,8600,61.26
20111014,64.62,64.73,64.44,64.44,25200,60.88
20111013,64.83,64.83,64.74,64.74,3200,61.17
20111012,64.65,64.65,64.42,64.62,7700,61.05
20111011,64.79,64.79,64.60,64.69,26800,61.12
20111010,64.89,64.89,64.37,64.51,44500,60.95
20111007,64.90,65.02,64.85,64.86,6200,61.28
20111006,65.33,65.33,65.12,65.12,16900,61.53
20111005,65.53,65.53,65.31,65.35,6400,61.74
20111004,65.82,65.82,65.53,65.59,10700,61.97
20111003,65.45,65.76,65.43,65.71,68200,62.08
20110930,65.46,65.47,65.14,65.31,51400,61.70
20110929,65.31,65.39,65.21,65.39,5700,61.68
20110928,65.29,65.30,65.25,65.27,2100,61.57
20110927,65.35,65.35,65.22,65.32,1900,61.62
20110926,65.74,65.74,65.44,65.52,9400,61.81
20110923,66.02,66.02,65.71,65.79,12600,62.06
20110922,66.00,66.13,65.90,66.04,54400,62.30
20110921,65.62,65.85,65.60,65.72,45600,62.00
20110920,65.57,65.58,65.53,65.56,5400,61.85
20110919,65.62,65.72,65.55,65.64,4300,61.92
20110916,65.11,65.29,65.08,65.29,8000,61.59
20110915,65.17,65.33,65.00,65.20,24100,61.51
20110914,65.44,65.55,65.34,65.41,3300,61.70
20110913,65.62,65.62,65.41,65.48,7900,61.77
20110912,65.72,65.74,65.59,65.59,20300,61.87
20110909,65.60,65.72,65.60,65.63,5800,61.91
20110908,65.52,65.53,65.37,65.43,3600,61.72
20110907,65.31,65.56,65.31,65.34,20700,61.64
20110906,65.65,65.65,65.37,65.60,81100,61.88
20110902,65.42,65.48,65.33,65.44,9200,61.73
20110901,65.17,66.57,64.84,65.23,10100,61.53
20110831,65.24,65.24,65.06,65.06,3300,61.37
20110830,65.26,65.33,65.16,65.20,4700,61.41
20110829,64.95,64.98,64.88,64.97,12000,61.19
20110826,65.27,65.38,65.22,65.27,13100,61.47
20110825,64.92,65.05,64.92,65.00,8100,61.22
20110824,65.01,65.04,64.65,64.92,9300,61.14
20110823,65.30,65.38,65.14,65.20,17900,61.41
20110822,65.27,65.40,65.15,65.39,11100,61.58
20110819,65.39,65.40,65.20,65.34,6300,61.54
20110818,65.57,65.70,65.37,65.43,14100,61.62
20110817,65.21,65.49,65.15,65.15,21100,61.36
20110816,64.90,66.48,64.82,65.20,39300,61.41
20110815,65.03,65.03,64.82,64.91,13800,61.13
20110812,64.70,65.01,64.70,65.00,11500,61.22
20110811,65.13,65.16,63.92,64.72,12000,60.95
20110810,65.14,65.30,64.90,65.17,18100,61.38
20110809,64.37,65.66,64.17,64.90,9700,61.12
20110808,64.21,64.58,64.21,64.48,16700,60.73
20110805,64.14,64.23,63.91,64.05,8800,60.32
20110804,64.01,64.36,63.92,64.36,5100,60.61
20110803,63.94,64.01,63.86,63.90,25900,60.18
20110802,63.69,63.97,63.67,63.97,58500,60.25
20110801,63.40,63.69,63.40,63.59,21200,59.89
20110729,63.18,63.41,63.18,63.41,3400,59.72
20110728,63.00,63.03,62.95,63.03,2700,59.26
20110727,62.93,62.99,62.88,62.88,5800,59.12
20110726,62.89,63.02,62.88,63.01,9500,59.24
20110725,62.81,62.96,62.81,62.85,9900,59.09
20110722,62.93,62.93,62.89,62.89,600,59.13
20110721,63.02,63.02,62.80,62.83,9900,59.07
20110720,63.18,63.18,63.06,63.10,5200,59.33
20110719,63.05,63.22,63.05,63.22,3100,59.44
20110718,63.26,63.26,63.12,63.17,6800,59.39
20110715,62.94,63.13,62.92,63.11,5600,59.34
20110714,63.08,63.10,63.00,63.01,2900,59.24
20110713,63.08,63.17,63.02,63.17,6200,59.39
20110712,63.05,63.10,63.00,63.07,3200,59.30
20110711,63.00,63.07,62.98,63.07,1700,59.30
20110708,62.81,62.81,62.75,62.79,1600,59.03
20110707,62.38,62.38,62.24,62.35,8400,58.62
20110706,62.46,62.62,62.45,62.57,8500,58.83
20110705,62.33,62.45,62.32,62.45,3100,58.71
20110701,62.28,62.28,61.12,62.06,44400,58.35
20110630,62.42,62.45,62.15,62.16,8700,58.44
20110629,62.66,62.66,62.49,62.49,4400,58.65
20110628,63.06,63.08,62.63,62.68,23000,58.83
20110627,63.37,63.37,63.14,63.14,2000,59.26
20110624,63.16,63.35,63.16,63.35,2000,59.46
20110623,62.97,63.19,62.97,63.16,7000,59.28
20110622,63.03,63.03,62.86,62.86,4500,59.00
20110621,62.85,62.96,62.78,62.83,13200,58.97
20110620,63.04,63.04,62.82,62.98,17600,59.11
20110617,62.95,63.01,62.92,62.97,10500,59.10
20110616,62.96,63.05,62.94,63.01,2100,59.14
20110615,62.65,62.94,62.64,62.82,11600,58.96
20110614,62.50,62.55,62.46,62.49,16300,58.65
20110613,62.81,62.83,62.79,62.79,1300,58.93
20110610,62.86,62.95,62.81,62.81,13200,58.95
20110609,62.95,62.95,62.70,62.77,15200,58.91
20110608,62.86,62.99,62.86,62.96,23100,59.09
20110607,62.53,62.82,62.53,62.82,49700,58.96
20110606,62.63,62.75,62.63,62.75,7000,58.90
20110603,62.85,62.85,62.68,62.71,31200,58.86
20110602,62.62,62.68,62.58,62.60,22500,58.75
20110601,62.56,62.71,62.51,62.68,14500,58.83
20110531,62.28,62.41,62.24,62.41,5100,58.58
20110527,62.41,62.50,62.37,62.50,4200,58.56
20110526,62.22,62.38,62.22,62.37,1300,58.44
20110525,62.22,62.24,62.22,62.24,800,58.32
20110524,62.09,62.09,62.07,62.07,4700,58.16
20110523,62.26,62.26,62.15,62.17,14100,58.25
20110520,61.90,62.09,61.90,62.03,32400,58.12
20110519,61.69,61.98,61.60,61.98,10000,58.07
20110518,62.14,62.14,61.97,61.98,2800,58.07
20110517,62.21,62.21,62.06,62.12,2000,58.20
20110516,62.03,62.06,61.91,62.06,21000,58.15
20110513,61.95,61.99,61.81,61.92,32700,58.02
20110512,61.91,61.94,61.76,61.83,5100,57.93
20110511,61.75,61.79,61.67,61.79,3200,57.89
20110510,61.77,61.83,61.64,61.64,6200,57.75
20110509,61.95,61.96,61.83,61.86,1800,57.96
20110506,61.71,61.87,61.71,61.87,4700,57.97
20110505,61.74,61.85,61.65,61.74,52900,57.85
20110504,61.65,61.65,61.53,61.54,5400,57.66
20110503,61.44,61.56,61.44,61.47,9400,57.59
20110502,61.46,61.53,61.43,61.45,3700,57.58
20110429,61.38,61.46,61.32,61.35,6000,57.48
20110428,61.35,61.50,61.30,61.38,2300,57.41
20110427,61.19,61.31,61.16,61.22,2700,57.26
20110426,61.26,61.36,61.26,61.34,2300,57.37
20110425,60.98,61.22,60.98,61.20,17000,57.24
20110421,61.09,61.09,60.95,60.97,2900,57.02
20110420,61.02,61.15,60.94,61.04,4000,57.09
20110419,61.20,61.22,61.07,61.07,9900,57.12
20110418,61.05,61.21,61.00,61.16,10700,57.20
20110415,60.90,60.99,60.87,60.99,5000,57.04
20110414,60.90,60.90,60.63,60.64,4900,56.72
20110413,60.71,60.85,60.62,60.85,3800,56.91
20110412,60.72,60.73,60.65,60.65,1800,56.72
20110411,60.42,60.45,60.33,60.45,2700,56.54
20110408,60.31,60.43,60.31,60.43,1800,56.52
20110407,60.50,60.50,60.31,60.48,2400,56.57
20110406,60.55,60.55,60.43,60.43,3300,56.52
20110405,60.63,60.75,60.50,60.60,6200,56.68
20110404,60.79,60.85,60.79,60.79,3500,56.86
20110401,60.51,60.66,60.35,60.63,2900,56.71
20110331,60.82,60.82,60.50,60.50,17100,56.58
20110330,60.63,60.83,60.63,60.83,9900,56.79
20110329,60.79,60.88,60.55,60.66,2100,56.63
20110328,60.80,60.85,60.68,60.68,13000,56.65
20110325,60.91,61.06,60.72,60.81,5300,56.77
20110324,61.11,61.11,60.90,60.90,4500,56.85
20110323,61.20,61.24,61.12,61.18,2200,57.11
20110322,61.13,61.17,61.12,61.17,3400,57.10
20110321,61.33,61.33,61.10,61.23,2300,57.16
20110318,61.45,61.45,61.41,61.41,2900,57.33
20110317,61.43,61.59,61.31,61.51,9500,57.42
20110316,61.66,61.75,61.65,61.74,3100,57.64
20110315,61.61,61.61,61.22,61.34,18700,57.26
20110314,61.27,61.32,61.25,61.30,2500,57.23
20110311,61.11,61.11,61.04,61.09,2300,57.03
20110310,60.91,61.07,60.85,61.07,10800,57.01
20110309,60.59,60.78,60.59,60.78,2200,56.74
20110308,60.62,60.62,60.52,60.53,2600,56.51
20110307,60.56,60.76,60.56,60.65,4100,56.62
20110304,60.46,60.73,60.46,60.72,5500,56.68
20110303,60.51,60.51,60.37,60.37,2600,56.36
20110302,60.91,60.91,60.72,60.72,4200,56.68
20110301,60.67,60.86,60.67,60.86,5400,56.82
20110228,60.87,60.87,60.71,60.71,4200,56.68
20110225,60.80,60.88,60.80,60.88,2500,56.74
20110224,60.76,60.85,60.75,60.75,1300,56.62
20110223,60.83,60.87,60.63,60.68,11300,56.55
20110222,60.60,60.79,60.60,60.78,5200,56.65
20110218,60.29,60.40,60.22,60.40,7100,56.29
20110217,60.31,60.40,60.29,60.38,3200,56.27
20110216,60.21,60.27,60.11,60.21,1600,56.12
20110215,60.07,60.26,60.07,60.26,6000,56.16
20110214,60.05,60.23,60.05,60.23,2400,56.13
20110211,60.18,60.26,60.12,60.12,10100,56.03
20110210,60.11,60.11,59.96,60.00,5000,55.92
20110209,59.99,60.08,59.99,60.00,3200,55.92
20110208,60.11,60.15,59.93,59.97,5600,55.89
20110207,60.16,60.27,60.12,60.27,12400,56.17
20110204,60.30,60.30,60.22,60.25,2900,56.15
20110203,60.63,60.63,60.44,60.56,1600,56.44
20110202,60.93,60.93,60.70,60.70,6700,56.57
20110201,60.87,61.03,60.77,60.94,4500,56.80
20110131,61.31,61.34,61.07,61.17,2900,57.01
20110128,60.98,61.44,60.98,61.43,3700,57.15
20110127,60.98,61.21,60.96,61.19,2200,56.93
20110126,61.05,61.10,60.95,60.95,3000,56.70
20110125,61.03,61.28,60.95,61.28,3100,57.01
20110124,60.92,61.08,60.90,60.95,6800,56.70
20110121,60.98,61.04,60.98,61.04,1500,56.79
20110120,60.96,61.04,60.80,60.80,1700,56.56
20110119,61.19,61.26,61.10,61.22,17100,56.95
20110118,61.17,61.17,61.05,61.05,2400,56.80
20110114,61.31,61.43,61.14,61.14,7900,56.88
20110113,60.96,61.26,60.96,61.26,8300,56.99
20110112,61.03,61.03,60.89,60.99,2000,56.74
20110111,61.14,61.19,60.99,61.04,1600,56.79
20110110,61.26,61.30,61.13,61.27,4000,57.00
20110107,60.94,61.23,60.94,61.16,17800,56.90
20110106,60.77,60.79,60.68,60.79,2400,56.55
20110105,60.79,60.79,60.50,60.50,4300,56.28
20110104,61.07,61.07,60.93,61.06,1500,56.81
20110103,60.86,60.96,60.73,60.96,4300,56.71
20101231,60.88,61.23,60.88,61.23,6400,56.96
20101230,60.91,60.91,60.63,60.89,24900,56.65
20101229,60.50,60.90,60.50,60.84,6200,56.60
20101228,60.68,60.69,60.40,60.40,6500,56.19
20101227,60.70,60.86,60.55,60.86,10200,56.62
20101223,61.40,61.44,61.34,61.40,19800,56.44
20101222,61.63,61.68,61.47,61.56,14300,56.59
20101221,61.71,61.71,61.47,61.68,7400,56.70
20101220,61.69,61.80,61.61,61.61,7500,56.64
20101217,61.36,61.53,61.36,61.53,1300,56.56
20101216,61.14,61.22,60.99,61.22,8000,56.28
20101215,61.32,61.44,61.07,61.10,11300,56.17
20101214,61.52,61.54,61.19,61.26,8200,56.32
20101213,61.54,61.77,61.41,61.72,6300,56.74
20101210,61.74,61.74,61.50,61.50,10300,56.54
20101209,61.92,61.92,61.70,61.82,5500,56.83
20101208,61.85,61.89,61.64,61.84,8000,56.85
20101207,62.65,62.65,62.14,62.20,8100,57.18
20101206,62.90,62.90,62.79,62.90,4500,57.82
20101203,62.78,62.78,62.50,62.50,5600,57.46
20101202,62.52,62.65,62.48,62.50,8600,57.46
20101201,62.79,62.82,62.70,62.72,1900,57.66
20101130,63.30,63.32,63.09,63.10,12500,58.01
20101129,63.16,63.20,63.13,63.20,2800,58.00
20101126,63.01,63.05,63.01,63.05,1500,57.86
20101124,63.09,63.09,63.05,63.05,3000,57.86
20101123,63.50,63.50,63.38,63.41,3100,58.19
20101122,63.16,63.19,63.15,63.16,900,57.96
20101119,62.92,63.11,62.92,62.94,7900,57.76
20101118,62.94,63.11,62.94,63.11,9500,57.92
20101117,63.21,63.39,63.20,63.20,2400,58.00
20101116,63.07,63.15,62.86,63.15,7500,57.95
20101115,63.30,63.30,62.95,62.95,6400,57.77
20101112,63.77,63.77,63.61,63.61,800,58.37
20101111,63.82,63.92,63.75,63.75,1500,58.50
20101110,63.71,63.98,63.59,63.98,4800,58.71
20101109,64.10,64.23,63.81,63.85,5500,58.59
20101108,64.18,64.24,64.18,64.23,3700,58.94
20101105,64.32,64.34,64.19,64.22,5000,58.93
20101104,64.28,64.50,64.28,64.44,6800,59.14
20101103,64.10,64.10,63.95,63.95,4200,58.69
20101102,63.92,64.02,63.89,64.01,2600,58.74
20101101,64.05,64.05,63.76,63.81,3800,58.56
20101029,63.84,63.94,63.76,63.89,3900,58.63
20101028,63.61,63.86,63.61,63.86,1900,58.50
20101027,63.59,63.68,63.40,63.41,16200,58.09
20101026,63.87,63.87,63.76,63.79,4500,58.44
20101025,64.21,64.21,64.00,64.00,2200,58.63
20101022,63.99,64.06,63.99,64.06,600,58.69
20101021,64.16,64.16,64.10,64.10,2100,58.72
20101020,64.18,64.18,64.06,64.15,1600,58.77
20101019,63.94,64.25,63.94,64.25,16100,58.86
20101018,63.98,64.15,63.92,64.03,120300,58.66
20101015,63.99,64.01,63.83,63.83,8000,58.47
20101014,64.04,64.05,63.91,63.91,1600,58.55
20101013,64.09,64.17,64.06,64.17,4300,58.79
20101012,64.35,64.35,64.15,64.19,1900,58.80
20101011,64.30,64.38,64.23,64.38,2000,58.98
20101008,64.38,64.38,64.29,64.32,1800,58.92
20101007,64.25,64.25,64.21,64.23,1100,58.84
20101006,64.14,64.19,64.14,64.19,900,58.80
20101005,63.97,63.97,63.85,63.89,4700,58.53
20101004,63.74,63.85,63.74,63.80,3400,58.45
20101001,63.79,63.79,63.65,63.78,5700,58.43
20100930,63.57,63.75,63.48,63.75,2900,58.40
20100929,63.78,63.83,63.78,63.83,1100,58.38
20100928,63.82,63.95,63.76,63.93,4700,58.47
20100927,63.56,63.80,63.56,63.68,3600,58.24
20100924,63.51,63.57,63.44,63.44,2400,58.02
20100923,63.72,63.80,63.57,63.69,8500,58.25
20100922,63.61,63.74,63.56,63.56,10800,58.13
20100921,63.38,63.61,63.18,63.61,16800,58.17
20100920,63.20,63.27,63.07,63.27,8300,57.86
20100917,63.04,63.18,63.04,63.10,2900,57.71
20100916,63.12,63.12,62.92,63.07,4200,57.68
20100915,63.23,63.32,63.13,63.17,1700,57.77
20100914,63.01,63.15,63.01,63.15,2300,57.75
20100913,62.71,62.98,62.71,62.96,9500,57.58
20100910,62.80,62.80,62.70,62.73,2800,57.37
20100909,63.06,63.07,62.77,62.80,14000,57.43
20100908,63.26,63.26,63.04,63.23,4500,57.83
20100907,63.15,63.37,63.15,63.37,5600,57.95
20100903,62.99,63.10,62.92,63.04,8600,57.65
20100902,63.31,63.32,63.27,63.28,4000,57.87
20100901,63.40,63.53,63.21,63.40,5700,57.98
20100831,63.65,63.65,63.59,63.63,800,58.19
20100830,63.34,63.62,63.34,63.62,3500,58.08
20100827,63.53,63.53,63.10,63.13,12000,57.64
20100826,63.57,63.61,63.55,63.60,7600,58.06
20100825,63.83,63.83,63.42,63.53,11900,58.00
20100824,63.52,63.74,63.52,63.73,3600,58.18
20100823,63.36,63.46,63.30,63.41,3400,57.89
20100820,63.49,63.49,63.31,63.34,9800,57.83
20100819,63.20,63.54,63.20,63.51,2300,57.98
20100818,63.49,63.49,63.22,63.22,2300,57.72
20100817,63.44,63.44,63.31,63.39,2400,57.87
20100816,63.55,63.59,63.47,63.57,3700,58.04
20100813,63.23,63.28,63.13,63.28,4800,57.77
20100812,63.25,63.25,63.17,63.18,2500,57.68
20100811,63.24,63.28,63.10,63.28,6500,57.77
20100810,62.87,63.11,62.69,63.11,4700,57.62
20100809,62.91,62.93,62.87,62.90,8100,57.43
20100806,62.78,62.96,62.78,62.96,11100,57.48
20100805,62.56,62.71,62.56,62.71,5200,57.25
20100804,62.67,62.67,62.42,62.55,6800,57.11
20100803,62.66,62.70,62.62,62.70,2200,57.24
20100802,62.52,62.55,62.49,62.49,8800,57.05
20100730,62.45,62.61,62.44,62.50,5000,57.06
20100729,62.44,62.47,62.39,62.47,2900,56.93
20100728,62.29,62.30,62.29,62.30,500,56.77
20100727,62.12,62.12,62.05,62.06,5400,56.55
20100726,62.22,62.22,62.07,62.18,3400,56.66
20100723,62.40,62.40,62.27,62.27,5800,56.74
20100722,62.39,62.42,62.37,62.42,3900,56.88
20100721,62.43,62.57,62.40,62.57,3100,57.02
20100720,62.40,62.45,62.26,62.28,4500,56.75
20100719,62.37,62.41,62.29,62.31,8300,56.78
20100716,62.20,62.43,62.20,62.38,3200,56.84
20100715,62.06,62.24,62.06,62.20,6000,56.68
20100714,61.75,61.99,61.71,61.99,1400,56.49
20100713,61.87,61.87,61.64,61.73,7200,56.25
20100712,61.97,61.97,61.94,61.94,2800,56.44
20100709,61.92,61.92,61.80,61.90,6400,56.41
20100708,61.93,62.02,61.93,62.02,3300,56.52
20100707,62.20,62.20,61.95,62.08,10400,56.57
20100706,62.01,62.15,62.01,62.13,8300,56.62
20100702,62.01,62.05,61.90,62.00,8700,56.50
20100701,62.11,62.26,62.10,62.11,4600,56.60
20100630,62.12,62.12,61.88,62.09,26600,56.58
20100629,62.17,62.20,62.06,62.17,9800,56.56
20100628,61.79,61.99,61.79,61.98,7500,56.38
20100625,61.79,61.79,61.70,61.76,1100,56.18
20100624,61.78,61.81,61.67,61.68,6700,56.11
20100623,61.58,61.70,61.58,61.69,4000,56.12
20100622,61.32,61.54,61.32,61.54,4600,55.98
20100621,61.12,61.31,61.03,61.31,19300,55.77
20100618,61.35,61.36,61.33,61.33,5200,55.79
20100617,61.43,61.45,61.38,61.41,3600,55.86
20100616,61.20,61.24,61.03,61.03,5400,55.52
20100615,61.20,61.24,61.08,61.08,2800,55.56
20100614,61.09,61.21,61.07,61.20,2800,55.67
20100611,61.17,61.28,61.10,61.28,1000,55.75
20100610,61.22,61.22,61.03,61.03,3500,55.52
20100609,61.23,61.39,61.23,61.39,1000,55.85
20100608,61.28,61.42,61.25,61.37,36200,55.83
20100607,61.32,61.35,61.25,61.33,6900,55.79
20100604,61.06,61.35,61.06,61.35,3000,55.81
20100603,60.62,60.87,60.59,60.81,10200,55.32
20100602,61.08,61.08,60.89,60.89,5600,55.39
20100601,61.22,61.22,61.00,61.08,10500,55.56
20100528,61.01,65.15,60.77,60.79,5000,55.30
20100527,60.70,61.06,60.70,60.77,9300,55.17
20100526,61.32,61.38,60.95,61.38,6100,55.73
20100525,61.66,61.68,61.20,61.20,48500,55.56
20100524,61.39,61.45,61.25,61.31,2400,55.66
20100521,61.65,61.65,61.30,61.35,43600,55.70
20100520,61.28,61.57,61.11,61.29,19100,55.64
20100519,60.98,61.04,60.92,60.97,4600,55.35
20100518,60.71,60.94,60.63,60.94,2600,55.33
20100517,60.78,60.90,60.70,60.70,2800,55.11
20100514,60.67,60.85,60.67,60.70,3400,55.11
20100513,60.25,60.47,60.25,60.47,2300,54.90
20100512,60.37,60.37,60.23,60.23,1000,54.68
20100511,60.55,60.55,60.20,60.47,7800,54.90
20100510,60.51,60.56,60.42,60.48,2700,54.91
20100507,60.90,60.90,60.84,60.88,1400,55.27
20100506,60.45,61.20,60.39,61.20,5700,55.56
20100505,60.20,60.43,60.20,60.39,2400,54.83
20100504,60.22,60.22,59.98,60.18,5900,54.64
20100503,59.94,59.96,59.88,59.92,5900,54.40
20100430,59.89,60.04,59.89,59.95,4400,54.43
20100429,59.84,60.06,59.79,59.97,1200,54.35
20100428,59.91,59.93,59.76,59.76,800,54.16
20100427,59.68,59.72,59.65,59.72,900,54.12
20100426,59.70,59.70,59.48,59.48,4000,53.91
20100423,59.62,59.62,59.58,59.58,300,54.00
20100422,59.92,59.96,59.74,59.74,6300,54.14
20100421,59.70,59.70,59.70,59.70,000,54.11
20100420,59.71,59.71,59.63,59.70,1800,54.11
20100419,59.81,59.81,59.75,59.75,9300,54.15
20100416,59.70,59.93,59.70,59.86,3600,54.25
20100415,59.55,59.60,59.48,59.60,3100,54.01
20100414,59.40,59.60,59.40,59.58,4400,54.00
20100413,59.58,59.62,59.52,59.52,7500,53.94
20100412,59.47,59.54,59.46,59.54,4100,53.96
20100409,59.31,59.35,59.14,59.35,1000,53.79
20100408,59.37,59.38,59.33,59.38,1100,53.82
20100407,59.16,59.22,59.16,59.20,2500,53.65
20100406,59.06,59.09,59.06,59.09,2900,53.55
20100405,59.19,59.19,58.97,59.07,2500,53.53
20100401,59.56,59.56,59.45,59.45,900,53.88
20100331,60.13,60.16,59.49,59.54,5000,53.96
20100330,59.48,59.50,59.48,59.50,1400,53.86
20100329,59.42,59.47,59.42,59.46,800,53.82
20100326,59.34,59.49,59.20,59.48,9800,53.84
20100325,59.43,59.43,59.32,59.34,3100,53.71
20100324,59.71,59.76,59.65,59.65,1300,53.99
20100323,60.04,60.06,59.97,60.00,31400,54.31
20100322,59.95,59.97,59.77,59.84,3500,54.16
20100319,59.88,59.88,59.88,59.88,400,54.20
20100318,60.00,60.00,59.90,59.90,8000,54.22
20100317,59.86,59.86,59.86,59.86,200,54.18
20100316,59.93,59.93,59.92,59.92,300,54.24
20100315,59.66,59.66,59.60,59.60,2300,53.95
20100312,59.66,60.00,59.66,59.87,6900,54.19
20100311,59.74,59.74,59.60,59.64,1400,53.98
20100310,59.90,59.90,59.85,59.89,1000,54.21
20100309,59.94,59.97,59.94,59.94,1200,54.26
20100308,59.83,59.93,59.73,59.73,4200,54.07
20100305,59.93,59.95,59.83,59.95,500,54.26
20100304,60.11,60.15,59.89,60.15,7700,54.45
20100303,60.10,60.16,59.90,60.16,4600,54.45
20100302,60.03,60.05,60.03,60.05,400,54.35
20100301,59.97,60.22,59.97,60.19,3500,54.48
20100226,60.44,60.44,59.94,60.03,2900,54.34
20100225,60.00,60.74,59.95,60.01,7700,54.24
20100224,59.80,60.18,59.79,59.81,27200,54.06
20100223,59.60,59.87,59.60,59.84,3700,54.08
20100222,59.50,59.50,59.50,59.50,000,53.78
20100219,59.43,59.50,59.43,59.50,700,53.78
20100218,59.65,59.65,59.50,59.51,24700,53.79
20100217,59.81,59.81,59.66,59.66,80200,53.92
20100216,59.73,59.91,59.73,59.91,8400,54.15
20100212,59.85,59.85,59.79,59.83,1100,54.08
20100211,59.61,59.67,59.61,59.67,4700,53.93
20100210,59.89,59.89,59.68,59.68,900,53.94
20100209,60.03,60.03,59.85,59.87,7600,54.11
20100208,60.03,60.03,59.99,59.99,1400,54.22
20100205,59.95,60.14,59.95,60.08,2700,54.30
20100204,59.78,59.91,59.78,59.82,600,54.07
20100203,59.67,59.67,59.60,59.61,7600,53.88
20100202,59.74,59.74,59.73,59.73,800,53.98
20100201,59.76,59.76,59.71,59.71,1100,53.97
20100129,59.52,59.83,59.52,59.83,1600,54.08
20100128,59.75,59.75,59.70,59.75,5400,53.93
20100127,59.91,59.93,59.85,59.85,10000,54.02
20100126,59.88,59.88,59.80,59.80,400,53.98
20100125,59.75,59.82,59.75,59.78,5500,53.96
20100122,59.79,59.83,59.79,59.83,4100,54.01
20100121,59.55,59.82,59.55,59.82,30800,54.00
20100120,59.62,59.62,59.60,59.60,800,53.80
20100119,59.53,59.53,59.47,59.51,3200,53.72
20100115,59.60,59.61,59.60,59.60,3100,53.80
20100114,59.39,59.44,59.34,59.42,54800,53.64
20100113,59.35,59.37,59.26,59.26,10500,53.49
20100112,59.41,59.44,59.40,59.40,1800,53.62
20100111,59.17,59.18,59.17,59.17,3300,53.41
20100108,59.13,59.15,59.10,59.15,2900,53.39
20100107,59.11,59.11,59.08,59.08,52600,53.33
20100106,59.07,59.07,59.07,59.07,200,53.32
20100105,59.19,59.20,59.17,59.20,1100,53.44
20100104,58.89,58.99,58.89,58.90,3000,53.17
20091231,58.80,58.80,58.69,58.69,1500,52.98
20091230,58.99,59.01,58.99,59.01,3700,53.27
20091229,58.93,58.94,58.93,58.94,400,53.20
20091228,58.97,58.97,58.88,58.90,1400,53.17
20091224,59.10,59.10,59.04,59.04,400,53.29
20091223,59.35,59.36,59.35,59.36,1000,53.44
20091222,59.36,59.37,59.34,59.34,4300,53.42
20091221,59.51,59.53,59.51,59.53,700,53.59
20091218,59.96,59.96,59.90,59.90,4200,53.92
20091217,59.70,59.70,59.70,59.70,000,53.74
20091216,59.83,59.83,59.70,59.70,1400,53.74
20091215,59.62,59.71,59.62,59.71,1200,53.75
20091214,59.89,59.91,59.88,59.91,2200,53.93
20091211,59.83,59.94,59.83,59.94,1800,53.96
20091210,60.04,60.04,60.04,60.04,200,54.05
20091209,60.31,60.31,60.21,60.21,800,54.20
20091208,60.31,60.31,60.27,60.27,1100,54.26
20091207,60.03,60.11,60.03,60.11,3800,54.11
20091204,59.86,59.91,59.86,59.91,2700,53.93
20091203,60.24,60.24,60.24,60.24,1000,54.23
20091202,60.42,60.42,60.39,60.39,3800,54.36
20091201,60.55,60.55,60.51,60.51,800,54.47
20091130,60.53,60.58,60.53,60.57,15100,54.53
20091127,60.60,60.62,60.60,60.62,800,54.57
20091125,60.38,60.38,60.24,60.24,10200,54.23
20091124,60.10,60.10,60.10,60.10,300,54.10
20091123,60.00,60.04,60.00,60.03,1500,54.04
