20140814,72.19,72.67,72.07,72.67,19000,72.67
20140813,71.81,72.10,71.81,72.07,18700,72.07
20140812,71.95,72.03,71.70,71.72,126200,71.72
20140811,72.23,72.25,71.98,72.17,14200,72.17
20140808,72.37,72.60,72.09,72.16,20900,72.16
20140807,71.77,72.17,71.60,72.17,5300,72.17
20140806,71.99,72.03,71.58,71.66,11700,71.66
20140805,71.33,71.67,71.15,71.63,10800,71.63
20140804,71.59,71.70,71.42,71.42,20600,71.42
20140801,70.95,71.64,70.71,71.53,14400,71.53
20140731,70.89,71.35,70.86,71.12,6900,70.94
20140730,71.80,71.84,71.21,71.30,20700,71.12
20140729,72.20,72.34,71.99,72.28,12000,72.10
20140728,72.07,72.12,71.79,71.84,12900,71.66
20140725,71.83,72.07,71.80,72.07,7200,71.89
20140724,71.55,71.56,71.30,71.40,18100,71.22
20140723,71.95,72.02,71.82,71.82,8400,71.64
20140722,71.82,71.90,71.51,71.89,7700,71.71
20140721,71.70,72.05,71.70,71.84,7600,71.66
20140718,71.78,71.78,71.28,71.55,32800,71.37
20140717,71.30,71.74,71.16,71.69,20100,71.51
20140716,70.61,70.87,70.58,70.81,38400,70.63
20140715,70.50,70.73,70.33,70.58,5600,70.40
20140714,70.87,70.87,70.60,70.66,3900,70.48
20140711,70.75,71.00,70.75,70.95,10700,70.77
20140710,70.90,70.95,70.55,70.63,11700,70.45
20140709,70.34,70.69,70.28,70.54,11200,70.36
20140708,70.09,70.50,70.09,70.37,10400,70.19
20140707,69.53,69.86,69.53,69.83,19400,69.66
20140703,69.23,69.39,69.07,69.30,11100,69.13
20140702,69.95,69.95,69.47,69.49,7800,69.32
20140701,70.36,70.40,70.14,70.20,16400,70.03
20140630,70.79,71.06,70.79,70.94,7900,70.59
20140627,71.09,71.09,70.83,70.83,6900,70.48
20140626,70.65,71.03,70.65,70.93,8800,70.58
20140625,70.56,70.75,70.38,70.42,15300,70.07
20140624,70.02,70.35,69.89,70.35,15900,70.00
20140623,70.00,70.09,69.77,69.78,8800,69.43
20140620,69.51,69.86,69.51,69.77,6900,69.42
20140619,70.31,70.31,69.44,69.52,17200,69.17
20140618,69.91,70.47,69.91,70.16,14200,69.81
20140617,70.00,70.00,69.79,69.83,6300,69.48
20140616,70.19,70.26,70.10,70.26,5200,69.91
20140613,69.81,70.35,69.81,70.17,3000,69.82
20140612,69.66,70.26,69.58,70.11,15100,69.76
20140611,69.61,69.82,69.55,69.59,5000,69.24
20140610,69.60,69.65,69.39,69.39,9700,69.04
20140609,69.84,69.85,69.62,69.80,13600,69.45
20140606,70.05,70.23,69.85,69.86,11100,69.51
20140605,69.62,70.03,69.62,69.88,15400,69.53
20140604,69.88,69.95,69.68,69.72,20200,69.37
20140603,70.25,70.25,69.85,69.90,15800,69.55
20140602,70.72,71.17,70.34,70.59,17400,70.24
20140530,71.15,71.41,71.10,71.21,13400,70.68
20140529,71.66,71.84,71.28,71.28,12700,70.75
20140528,71.24,71.73,71.24,71.69,9600,71.16
20140527,70.65,70.86,70.34,70.85,14400,70.33
20140523,70.49,70.52,70.37,70.51,7300,69.99
20140522,70.23,70.49,69.96,70.12,13600,69.60
20140521,70.32,70.32,70.00,70.20,14100,69.68
20140520,70.37,70.75,70.37,70.60,11600,70.08
20140519,71.20,71.20,70.50,70.50,15900,69.98
20140516,71.00,71.17,70.94,70.94,13600,70.41
20140515,71.06,71.33,70.93,71.10,13600,70.57
20140514,70.34,70.76,70.34,70.69,13600,70.17
20140513,69.71,69.93,69.71,69.93,12000,69.41
20140512,69.48,69.50,69.25,69.36,8200,68.85
20140509,69.88,69.94,69.55,69.68,17000,69.16
20140508,70.17,70.24,69.75,69.86,11000,69.34
20140507,70.26,70.26,70.01,70.05,12700,69.53
20140506,70.03,70.33,70.00,70.30,4200,69.78
20140505,70.48,70.48,69.96,69.96,22900,69.44
20140502,69.77,70.61,69.62,70.47,13500,69.95
20140501,69.43,70.07,69.43,69.91,13300,69.39
20140430,69.35,69.53,69.26,69.53,29100,68.84
20140429,69.04,69.23,68.94,69.21,7300,68.52
20140428,69.50,69.53,69.22,69.33,7900,68.64
20140425,69.75,69.93,69.67,69.67,10900,68.97
20140424,69.14,69.54,69.14,69.54,8300,68.85
20140423,69.19,69.43,69.17,69.39,11500,68.70
20140422,68.70,69.15,68.70,69.15,8500,68.46
20140421,69.01,69.19,68.81,68.81,19800,68.12
20140417,69.66,69.66,68.65,68.90,9900,68.21
20140416,69.15,69.54,69.14,69.51,9300,68.82
20140415,69.30,69.77,69.20,69.56,19000,68.86
20140414,69.10,69.30,69.08,69.30,37700,68.61
20140411,69.27,69.38,69.06,69.29,22800,68.60
20140410,68.39,69.02,68.39,68.88,6300,68.19
20140409,68.32,68.54,68.23,68.25,5900,67.57
20140408,68.40,68.67,68.30,68.60,17200,67.91
20140407,68.19,68.53,68.14,68.38,27900,67.70
20140404,67.71,68.08,67.71,68.01,6400,67.33
20140403,67.51,67.72,67.48,67.57,6800,66.89
20140402,67.37,67.44,67.26,67.28,13000,66.61
20140401,67.90,67.92,67.66,67.72,50300,67.04
20140331,68.21,68.42,68.21,68.42,40800,67.57
20140328,68.78,68.78,68.38,68.53,16800,67.68
20140327,68.68,69.09,68.60,68.84,8400,67.98
20140326,68.19,68.48,68.17,68.48,3800,67.63
20140325,68.02,68.24,68.02,68.19,12500,67.34
20140324,67.82,68.30,67.82,68.26,8200,67.41
20140321,67.44,67.71,67.44,67.71,500,66.87
20140320,67.21,67.52,67.21,67.21,26300,66.37
20140319,67.73,67.93,67.20,67.30,9100,66.46
20140318,67.58,67.81,67.58,67.81,2300,66.97
20140317,67.95,67.97,67.63,67.63,15000,66.79
20140314,68.36,68.36,68.08,68.13,5200,67.28
20140313,67.07,68.11,67.03,68.11,23600,67.26
20140312,67.21,67.31,67.11,67.31,38100,66.47
20140311,66.60,66.80,66.54,66.80,2300,65.97
20140310,66.72,66.72,66.58,66.60,2200,65.77
20140307,66.44,66.74,66.41,66.61,41200,65.78
20140306,67.09,67.16,66.96,66.96,17200,66.13
20140305,67.36,67.51,67.30,67.48,3700,66.64
20140304,67.92,67.92,67.46,67.52,29400,66.68
20140303,68.29,68.45,68.17,68.37,36500,67.52
20140228,67.97,68.17,67.73,68.11,28500,67.08
20140227,67.94,68.11,67.91,68.06,6100,67.03
20140226,67.37,67.75,67.37,67.71,6100,66.69
20140225,67.18,67.40,67.18,67.40,5400,66.38
20140224,67.09,67.09,66.84,66.84,2800,65.83
20140221,66.64,67.02,66.64,67.02,5200,66.01
20140220,66.83,66.87,66.60,66.69,2300,65.68
20140219,67.37,67.37,66.83,66.84,9300,65.83
20140218,67.06,67.31,67.04,67.13,6000,66.12
20140214,67.03,67.03,66.83,66.90,134400,65.89
20140213,66.95,67.03,66.86,66.98,48700,65.97
20140212,66.72,66.72,66.49,66.56,5800,65.56
20140211,66.99,67.00,66.75,66.90,17200,65.89
20140210,66.91,67.25,66.91,67.20,25900,66.19
20140207,66.86,67.29,66.86,67.08,22300,66.07
20140206,67.14,67.23,67.01,67.05,11300,66.04
20140205,67.65,67.65,67.27,67.31,23900,66.30
20140204,68.05,68.13,67.82,67.91,17100,66.89
20140203,67.69,68.55,67.60,68.49,63100,67.46
20140131,67.94,68.01,67.80,67.97,41200,66.75
20140130,67.47,67.56,67.39,67.56,5900,66.35
20140129,67.41,67.84,67.30,67.74,252600,66.53
20140128,67.16,67.16,66.99,67.15,12600,65.95
20140127,67.34,67.54,67.10,67.13,20000,65.93
20140124,67.39,67.50,67.29,67.49,30000,66.28
20140123,66.58,67.12,66.58,67.07,5800,65.87
20140122,66.21,66.48,66.20,66.30,5200,65.11
20140121,66.49,66.49,66.30,66.44,4000,65.25
20140117,65.91,66.44,65.91,66.41,121100,65.22
20140116,65.94,66.10,65.94,66.03,6400,64.85
20140115,65.42,65.60,65.42,65.52,63600,64.35
20140114,65.83,65.99,65.71,65.71,22400,64.53
20140113,65.80,66.12,65.80,66.06,59200,64.88
20140110,65.37,65.77,65.30,65.77,3100,64.59
20140109,64.86,64.97,64.86,64.92,4900,63.76
20140108,64.58,64.71,64.53,64.71,8000,63.55
20140107,64.75,64.92,64.73,64.85,3600,63.69
20140106,64.51,64.81,64.51,64.81,3300,63.65
20140103,64.24,64.41,64.24,64.41,1500,63.26
20140102,64.12,64.54,64.12,64.41,10700,63.26
20131231,64.50,64.64,63.92,64.01,16400,62.86
20131230,64.43,64.67,64.43,64.65,44600,63.49
20131227,64.33,64.44,64.22,64.22,5500,63.07
20131226,64.55,64.55,64.38,64.45,1900,63.30
20131224,64.80,64.83,64.76,64.83,1900,63.67
20131223,65.42,65.62,65.21,65.22,15200,63.90
20131220,65.35,65.55,65.26,65.55,3800,64.22
20131219,64.79,65.49,64.65,64.79,245900,63.48
20131218,64.76,65.09,64.70,64.79,11600,63.48
20131217,65.07,65.12,65.07,65.12,1100,63.80
20131216,65.31,65.31,64.82,64.87,7600,63.55
20131213,65.00,65.07,64.99,65.07,1400,63.75
20131212,64.87,64.97,64.74,64.74,10600,63.43
20131211,65.31,65.31,64.96,64.96,26500,63.64
20131210,65.36,65.46,65.31,65.46,3200,64.13
20131209,64.81,65.00,64.81,64.97,2100,63.65
20131206,64.66,64.90,64.66,64.68,159800,63.37
20131205,64.65,64.80,64.57,64.57,10800,63.26
20131204,64.74,64.87,64.74,64.79,2400,63.48
20131203,65.33,65.40,65.33,65.39,1900,64.06
20131202,65.43,65.43,65.10,65.16,15700,63.84
20131129,65.37,65.49,65.37,65.48,1700,64.15
20131127,65.69,65.77,65.52,65.69,1800,64.18
20131126,65.78,66.00,65.78,66.00,1000,64.48
20131125,65.53,65.77,65.53,65.65,4500,64.14
20131122,65.26,65.60,65.26,65.46,3600,63.95
20131121,64.66,65.01,64.66,64.97,1700,63.47
20131120,65.78,65.91,64.83,64.88,2900,63.38
20131119,66.04,66.04,66.00,66.00,2400,64.48
20131118,66.01,66.27,66.01,66.17,2100,64.64
20131115,66.00,66.00,65.82,65.93,1700,64.41
20131114,65.75,65.90,65.75,65.90,1000,64.38
20131113,65.55,65.55,65.38,65.38,600,63.87
20131112,65.12,65.16,65.09,65.15,3800,63.65
20131111,64.67,65.20,64.66,65.17,2400,63.67
20131108,65.50,65.55,65.14,65.15,115900,63.65
20131107,66.08,66.58,66.08,66.58,6000,65.04
20131106,66.04,66.09,65.94,66.09,5700,64.57
20131105,66.31,66.32,66.18,66.18,2400,64.65
20131104,67.03,67.03,66.81,66.81,1100,65.27
20131101,67.07,67.07,66.74,66.74,1500,65.20
20131031,67.35,67.35,67.28,67.28,1500,65.73
20131030,67.91,67.99,67.61,67.61,5300,65.89
20131029,67.71,67.82,67.67,67.82,2600,66.09
20131028,67.83,67.97,67.82,67.91,4100,66.18
20131025,67.90,68.09,67.50,68.09,1500,66.36
20131024,68.07,68.07,67.85,67.85,1000,66.12
20131023,67.80,68.26,67.80,68.07,8200,66.34
20131022,67.53,67.70,67.00,67.70,1400,65.98
20131021,67.01,67.11,66.95,67.01,2300,65.30
20131018,67.41,67.52,67.22,67.22,25300,65.51
20131017,66.90,67.23,66.75,67.13,54800,65.42
20131016,65.82,66.55,65.72,66.54,2900,64.85
20131015,66.17,66.17,65.88,65.88,2800,64.20
20131014,66.42,66.42,65.77,65.83,8100,64.15
20131011,66.65,66.84,66.36,66.36,94400,64.67
20131010,65.91,66.25,65.83,66.25,3800,64.56
20131009,66.58,66.58,66.39,66.40,10200,64.71
20131008,66.57,66.89,66.57,66.69,8600,64.99
20131007,66.69,66.75,66.59,66.65,7900,64.95
20131004,66.49,66.49,66.36,66.36,700,64.67
20131003,66.43,66.66,66.43,66.61,5000,64.91
20131002,66.66,66.94,66.58,66.59,2000,64.89
20131001,66.75,66.75,66.75,66.75,000,65.05
20130930,66.75,66.90,66.68,66.75,15700,65.05
20130927,66.71,67.05,66.71,67.03,13000,65.16
20130926,66.84,66.85,66.67,66.78,1200,64.92
20130925,66.81,67.20,66.81,67.12,9500,65.25
20130924,66.49,66.99,66.49,66.99,7300,65.13
20130923,66.12,66.12,66.12,66.12,500,64.28
20130920,65.77,66.01,65.68,65.95,6800,64.11
20130919,66.00,66.00,65.55,65.65,31500,63.82
20130918,65.23,66.17,65.23,66.07,13100,64.23
20130917,65.04,65.28,65.00,65.28,4600,63.46
20130916,65.60,65.60,64.80,64.98,23200,63.17
20130913,65.08,65.10,64.98,65.10,95600,63.29
20130912,65.25,65.25,64.97,64.97,700,63.16
20130911,64.69,64.91,64.42,64.91,4800,63.10
20130910,64.70,65.03,64.53,64.53,3600,62.73
20130909,65.27,65.27,65.05,65.05,7300,63.24
20130906,64.60,65.12,64.60,64.99,3800,63.18
20130905,65.05,65.05,64.49,64.49,4300,62.69
20130904,65.54,65.60,65.31,65.31,1600,63.49
20130903,65.69,65.70,65.08,65.49,48900,63.67
20130830,66.38,66.70,66.21,66.70,109400,64.84
20130829,65.94,66.54,65.94,66.54,3300,64.50
20130828,66.26,66.26,66.09,66.10,2600,64.07
20130827,66.12,66.68,66.08,66.68,5900,64.63
20130826,65.78,65.91,65.70,65.91,43900,63.89
20130823,64.90,65.71,64.90,65.55,201300,63.54
20130822,64.57,65.12,63.72,64.77,93700,62.78
20130821,64.76,65.11,64.10,64.67,63100,62.68
20130820,64.79,65.04,64.79,65.04,83700,63.04
20130819,64.81,64.88,64.54,64.66,30800,62.67
20130816,65.54,65.54,64.88,65.09,10200,63.09
20130815,65.42,65.83,65.32,65.46,10000,63.45
20130814,65.95,66.28,65.95,66.16,4600,64.13
20130813,66.34,66.34,66.03,66.12,19200,64.09
20130812,67.43,67.48,66.93,66.93,4500,64.88
20130809,67.16,67.30,67.03,67.30,3500,65.23
20130808,67.11,67.36,67.11,67.36,1300,65.29
20130807,66.69,67.09,66.69,67.09,1800,65.03
20130806,66.45,66.45,66.35,66.39,3400,64.35
20130805,66.68,66.74,66.46,66.57,3600,64.53
20130802,66.26,66.99,66.25,66.99,15500,64.93
20130801,66.88,66.88,66.20,66.25,3500,64.22
20130731,66.41,67.37,66.40,67.37,7100,65.30
20130730,67.57,67.59,67.32,67.32,1700,65.09
20130729,67.52,67.54,67.50,67.50,500,65.26
20130726,67.79,67.81,67.67,67.81,3200,65.56
20130725,67.34,67.42,67.25,67.42,13000,65.18
20130724,67.48,67.63,67.34,67.50,32600,65.26
20130723,68.16,68.26,67.93,68.22,10200,65.96
20130722,68.50,68.58,68.41,68.42,7400,66.15
20130719,68.14,68.26,68.13,68.22,1600,65.96
20130718,68.00,68.02,67.56,67.56,23700,65.32
20130717,68.30,68.41,68.13,68.13,1900,65.87
20130716,67.97,68.09,67.86,68.06,4400,65.80
20130715,67.48,67.76,67.48,67.68,5700,65.43
20130712,68.02,68.02,67.30,67.49,7900,65.25
20130711,67.28,67.54,67.13,67.54,7000,65.30
20130710,67.26,67.26,66.70,66.75,4000,64.54
20130709,68.39,68.39,67.15,67.36,7800,65.13
20130708,67.05,67.37,67.05,67.37,3200,65.13
20130705,67.23,67.31,66.70,66.70,17500,64.49
20130703,68.92,68.97,68.73,68.81,3700,66.53
20130702,69.07,69.08,68.88,68.99,14600,66.70
20130701,69.79,69.79,68.02,68.89,7200,66.60
20130628,68.09,68.77,68.09,68.77,1100,66.49
20130627,68.49,68.65,68.30,68.60,88100,66.14
20130626,68.31,68.31,68.05,68.05,10900,65.61
20130625,68.31,69.83,67.64,67.64,15200,65.22
20130624,67.49,68.21,67.49,68.07,22200,65.63
20130621,69.10,69.12,68.18,68.18,28300,65.74
20130620,69.27,69.82,68.71,69.13,13300,66.66
20130619,70.98,71.00,70.00,70.03,12500,67.52
20130618,70.50,70.83,70.50,70.79,5500,68.26
20130617,71.23,71.23,70.78,70.80,4600,68.27
20130614,71.25,71.54,71.25,71.36,6500,68.81
20130613,70.56,71.23,70.53,71.18,52800,68.63
20130612,70.53,71.02,70.31,70.31,6800,67.79
20130611,70.18,71.00,70.18,71.00,36500,68.46
20130610,70.59,70.71,70.49,70.53,11700,68.01
20130607,71.46,71.65,70.89,70.89,15800,68.35
20130606,71.82,72.75,71.61,72.04,16000,69.46
20130605,71.42,72.01,71.42,71.93,42200,69.35
20130604,71.35,71.53,71.15,71.16,74800,68.61
20130603,71.12,71.96,71.12,71.78,13700,69.21
20130531,71.72,71.73,70.73,71.40,587300,68.84
20130530,71.95,71.97,71.67,71.75,510100,69.01
20130529,71.69,72.09,71.60,71.91,548000,69.16
20130528,72.59,72.59,71.31,71.31,15300,68.59
20130524,73.03,73.17,72.94,73.02,4300,70.23
20130523,73.06,73.08,72.62,72.82,5400,70.04
20130522,73.68,73.85,72.40,72.50,62900,69.73
20130521,73.05,73.50,72.78,73.50,5200,70.69
20130520,73.43,73.43,73.01,73.21,2000,70.41
20130517,73.59,73.75,73.12,73.18,16600,70.39
20130516,73.66,74.11,73.66,73.90,26400,71.08
20130515,73.40,73.43,72.79,73.21,15400,70.41
20130514,73.81,73.86,72.81,72.83,116600,70.05
20130513,73.52,73.68,73.46,73.52,119300,70.71
20130510,74.60,74.60,73.69,73.97,31700,71.15
20130509,75.01,75.43,74.77,74.78,13300,71.93
20130508,74.87,75.08,74.83,74.95,6600,72.09
20130507,74.80,74.93,74.75,74.78,30300,71.93
20130506,75.34,75.38,74.94,75.07,20000,72.20
20130503,75.94,75.94,75.19,75.22,30500,72.35
20130502,76.69,76.89,76.63,76.85,13800,73.92
20130501,76.64,77.04,76.64,76.91,18700,73.97
20130430,76.39,76.45,76.16,76.21,15000,73.30
20130429,76.71,76.78,76.57,76.60,7500,73.50
20130426,76.53,76.65,76.46,76.62,15300,73.52
20130425,76.00,76.04,75.90,76.03,30200,72.96
20130424,76.11,76.28,76.08,76.26,7400,73.18
20130423,76.58,76.58,76.04,76.08,29800,73.01
20130422,76.28,76.53,76.28,76.33,22900,73.25
20130419,76.38,76.38,76.21,76.32,26600,73.24
20130418,76.27,76.52,76.25,76.40,7400,73.31
20130417,76.14,76.69,76.13,76.28,62500,73.20
20130416,75.83,76.03,75.79,75.83,45400,72.77
20130415,75.90,76.40,75.84,76.38,315700,73.29
20130412,75.47,75.85,75.30,75.85,11300,72.78
20130411,74.97,75.08,74.82,74.85,41900,71.83
20130410,75.15,75.15,74.72,74.75,39200,71.73
20130409,75.91,75.97,75.52,75.60,15900,72.54
20130408,76.22,76.32,75.75,75.80,26100,72.74
20130405,76.27,76.52,76.23,76.25,37200,73.17
20130404,74.53,74.98,74.49,74.97,10700,71.94
20130403,74.16,74.31,74.07,74.27,3600,71.27
20130402,73.74,73.74,73.58,73.58,2600,70.61
20130401,73.45,73.95,73.45,73.84,6400,70.86
20130328,73.65,73.72,73.51,73.51,13600,70.54
20130327,73.91,74.11,73.86,73.86,7800,70.72
20130326,73.05,73.40,73.01,73.33,4200,70.21
20130325,72.98,73.51,72.98,73.28,6300,70.17
20130322,73.29,73.34,73.08,73.31,2600,70.20
20130321,73.12,73.25,72.93,73.20,7200,70.09
20130320,73.00,73.13,72.71,72.72,4300,69.63
20130319,73.22,73.52,73.22,73.38,4400,70.26
20130318,73.07,73.07,72.81,72.92,1200,69.82
20130315,72.14,72.40,72.14,72.38,2700,69.31
20130314,72.00,72.26,72.00,72.26,3300,69.19
20130313,72.14,72.36,72.07,72.32,36000,69.25
20130312,72.10,72.41,72.10,72.31,6000,69.24
20130311,72.02,72.06,71.84,71.84,34200,68.79
20130308,71.92,72.15,71.81,71.87,24500,68.82
20130307,72.80,72.80,72.48,72.49,7900,69.41
20130306,73.16,73.31,73.06,73.06,5600,69.96
20130305,73.68,73.68,73.47,73.61,21600,70.48
20130304,74.06,74.17,73.84,73.84,6600,70.70
20130301,74.08,74.30,73.99,74.09,210100,70.94
20130228,73.75,73.75,73.72,73.75,11400,70.62
20130227,74.45,74.45,73.70,73.82,1600,70.53
20130226,74.10,74.55,74.00,74.00,6600,70.70
20130225,72.69,74.38,72.69,74.37,55200,71.05
20130222,73.05,73.23,73.05,73.08,4100,69.82
20130221,73.05,73.27,73.00,73.06,19100,69.80
20130220,72.36,72.63,72.36,72.63,15900,69.39
20130219,72.96,72.96,72.47,72.51,26700,69.28
20130215,72.86,72.90,72.61,72.76,9300,69.52
20130214,72.61,72.98,72.57,72.94,7800,69.69
20130213,72.38,72.56,72.25,72.38,9500,69.15
20130212,72.89,73.01,72.78,72.89,7700,69.64
20130211,73.03,73.28,73.03,73.09,7300,69.83
20130208,72.75,73.12,72.69,73.10,9000,69.84
20130207,72.95,73.32,72.87,72.87,11900,69.62
20130206,72.79,73.02,72.57,73.02,11400,69.76
20130205,72.64,72.65,72.42,72.51,15500,69.28
20130204,72.81,73.21,72.79,73.10,36400,69.84
20130201,73.50,73.50,72.29,72.29,32500,69.07
20130131,72.94,73.06,72.67,73.02,129400,69.76
20130130,72.85,73.00,72.65,72.95,613100,69.57
20130129,73.36,73.58,73.00,73.09,542300,69.70
20130128,73.07,73.42,73.07,73.41,566300,70.00
20130125,73.87,73.93,73.50,73.61,412000,70.19
20130124,74.66,74.66,74.30,74.52,27800,71.06
20130123,74.84,74.95,74.71,74.78,9400,71.31
20130122,74.45,74.84,74.37,74.79,12400,71.32
20130118,74.42,74.73,74.42,74.67,5400,71.21
20130117,74.25,74.42,74.02,74.26,7200,70.81
20130116,74.99,74.99,74.75,74.88,2900,71.41
20130115,74.95,75.06,74.67,74.67,14100,71.21
20130114,74.72,74.80,74.37,74.40,10100,70.95
20130111,73.82,74.52,73.78,74.51,67600,71.05
20130110,73.91,74.30,73.83,74.01,11100,70.58
20130109,74.24,74.24,74.11,74.23,12100,70.79
20130108,74.13,74.27,74.10,74.27,20800,70.82
20130107,73.80,73.96,73.66,73.81,7900,70.39
20130104,73.56,73.80,73.29,73.80,59500,70.38
20130103,74.35,74.38,73.57,73.64,37700,70.22
20130102,74.58,74.62,74.36,74.49,72200,71.03
20121231,76.23,76.23,75.25,75.30,46700,71.81
20121228,76.40,76.48,76.20,76.46,59100,72.91
20121227,75.64,76.36,75.63,76.15,73400,72.62
20121226,75.68,75.76,75.68,75.76,3600,72.24
20121224,75.55,75.58,75.52,75.58,9600,72.07
20121221,76.06,76.11,75.97,75.98,6200,72.16
20121220,75.61,75.66,75.21,75.44,5900,71.64
20121219,75.33,75.66,75.20,75.25,12700,71.46
20121218,75.59,75.74,74.82,75.07,57800,71.29
20121217,76.51,76.60,75.77,75.77,26200,71.96
20121214,76.61,76.80,76.61,76.71,81200,72.85
20121213,76.01,76.46,76.00,76.27,8300,72.43
20121212,76.89,77.15,76.31,76.31,17200,72.47
20121211,77.11,77.15,76.98,77.03,5700,73.15
20121210,77.51,77.57,77.37,77.38,2600,73.48
20121207,77.42,77.50,77.33,77.43,4100,73.53
20121206,78.14,78.17,77.84,77.84,3400,73.92
20121205,77.75,77.97,77.68,77.72,14000,73.81
20121204,77.56,77.78,77.56,77.75,19000,73.84
20121203,76.90,77.59,76.85,77.51,202900,73.61
20121130,77.72,77.72,77.29,77.31,60800,73.42
20121129,77.53,77.74,77.44,77.63,90700,73.56
20121128,78.11,78.15,77.73,77.73,13800,73.65
20121127,77.55,77.78,77.55,77.73,5400,73.65
20121126,77.62,77.75,77.45,77.45,2600,73.39
20121123,77.14,77.17,77.13,77.17,3500,73.12
20121121,77.17,77.19,77.05,77.19,9100,73.14
20121120,77.77,77.86,77.27,77.28,3000,73.23
20121119,77.86,78.02,77.72,77.95,11200,73.86
20121116,78.26,78.75,78.26,78.33,11900,74.22
20121115,78.18,78.64,78.18,78.47,18600,74.36
20121114,77.98,78.54,77.92,78.52,22100,74.40
20121113,78.54,78.54,78.19,78.37,6200,74.26
20121112,78.09,78.27,78.04,78.16,22400,74.06
20121109,77.97,78.04,77.70,78.04,18000,73.95
20121108,76.95,77.95,76.82,77.95,15800,73.86
20121107,77.01,77.28,76.93,77.00,10600,72.96
20121106,76.18,76.34,75.91,75.92,4500,71.94
20121105,76.34,76.56,76.34,76.42,22900,72.41
20121102,75.57,76.06,75.48,76.02,4000,72.03
20121101,76.53,76.56,76.34,76.41,5300,72.25
20121031,76.25,76.85,76.25,76.76,316200,72.58
20121026,75.65,76.16,75.54,76.16,6000,72.01
20121025,75.21,75.60,75.02,75.27,16500,71.17
20121024,75.73,75.98,75.65,75.69,26600,71.57
20121023,75.95,76.24,75.90,76.17,24400,72.02
20121022,75.64,75.70,75.31,75.31,12100,71.21
20121019,75.05,75.77,75.02,75.70,26500,71.58
20121018,75.48,75.58,74.81,74.81,8000,70.73
20121017,75.49,75.49,75.17,75.21,19200,71.11
20121016,76.38,76.38,75.90,75.90,8700,71.76
20121015,76.94,77.05,76.70,76.86,30400,72.67
20121012,77.09,77.33,76.93,76.97,27800,72.78
20121011,75.97,76.74,75.91,76.74,7400,72.56
20121010,75.69,76.39,75.54,76.30,2500,72.14
20121009,75.71,75.98,75.70,75.92,3300,71.78
20121008,76.16,76.22,75.88,76.22,5800,72.07
20121005,75.75,75.78,75.40,75.54,19900,71.42
20121004,76.74,76.76,76.33,76.33,58100,72.17
20121003,77.02,77.13,76.86,77.13,5700,72.93
20121002,76.94,77.28,76.94,77.13,2200,72.93
20121001,76.96,77.23,76.79,77.17,40500,72.97
20120928,77.22,77.51,76.82,77.08,84500,72.88
20120927,77.35,77.42,77.03,77.14,9800,72.77
20120926,77.25,77.55,77.25,77.47,24200,73.08
20120925,76.37,76.81,76.18,76.76,17400,72.41
20120924,75.99,76.27,75.99,76.10,10600,71.79
20120921,75.21,75.63,75.21,75.63,5200,71.34
20120920,76.06,76.06,75.43,75.61,6900,71.32
20120919,75.62,75.62,75.23,75.44,23700,71.16
20120918,75.12,75.33,74.93,75.04,136200,70.79
20120917,74.20,74.77,74.20,74.64,12200,70.41
20120914,74.75,74.75,73.84,74.04,79100,69.84
20120913,76.05,76.49,75.07,75.69,60000,71.40
20120912,75.93,76.06,75.78,75.88,18700,71.58
20120911,76.99,76.99,76.58,76.74,9200,72.39
20120910,76.70,77.05,76.70,77.05,14000,72.68
20120907,78.02,78.04,76.95,76.99,12500,72.63
20120906,77.73,77.73,77.23,77.26,10500,72.88
20120905,78.45,78.46,78.31,78.37,4900,73.93
20120904,78.66,78.80,78.43,78.63,5600,74.17
20120831,77.92,78.75,77.77,78.75,35800,74.29
20120830,78.12,78.25,77.91,78.01,5700,73.42
20120829,77.83,77.83,77.47,77.62,61500,73.06
20120828,77.92,78.21,77.89,77.95,15500,73.37
20120827,77.62,77.86,77.62,77.76,6000,73.19
20120824,77.78,77.78,77.33,77.33,7700,72.78
20120823,77.41,77.55,77.34,77.43,4800,72.88
20120822,76.61,77.11,76.55,76.99,32600,72.46
20120821,75.58,76.08,75.20,75.96,23900,71.49
20120820,75.64,75.86,75.55,75.70,25000,71.25
20120817,75.63,75.81,75.60,75.61,2200,71.16
20120816,75.83,75.96,75.09,75.25,55700,70.83
20120815,76.39,76.39,75.78,75.86,7100,71.40
20120814,76.87,77.04,76.74,76.79,23200,72.27
20120813,77.89,78.07,77.75,77.75,4200,73.18
20120810,77.85,78.05,77.77,77.87,6100,73.29
20120809,77.24,77.40,76.90,77.37,19200,72.82
20120808,78.02,78.06,77.48,77.61,21400,73.05
20120807,77.91,77.91,77.59,77.84,31400,73.26
20120806,78.84,79.00,78.67,78.67,10400,74.04
20120803,78.85,78.88,78.32,78.63,65900,74.01
20120802,79.85,80.19,79.63,79.74,18800,75.05
20120801,79.19,79.66,79.11,79.39,23500,74.72
20120731,79.82,79.82,79.30,79.61,10200,74.93
20120730,79.26,79.75,79.26,79.75,6900,74.89
20120727,80.03,80.03,78.65,79.33,60300,74.49
20120726,80.87,80.96,80.60,80.60,12200,75.69
20120725,80.94,81.18,80.82,81.18,13800,76.23
20120724,80.26,81.16,80.26,81.05,10000,76.11
20120723,80.80,80.87,80.40,80.52,7400,75.61
20120720,79.93,80.22,79.88,80.12,5300,75.24
20120719,79.20,79.57,79.11,79.40,24000,74.56
20120718,79.64,79.66,79.48,79.53,25700,74.68
20120717,79.86,79.95,79.45,79.48,8900,74.63
20120716,80.31,80.40,79.92,79.95,32500,75.08
20120713,79.70,79.70,79.32,79.64,8900,74.78
20120712,79.59,79.84,79.55,79.77,23000,74.91
20120711,79.36,79.47,79.24,79.25,16100,74.42
20120710,78.35,79.36,78.35,79.26,112600,74.43
20120709,78.71,79.15,78.71,79.04,55200,74.22
20120706,78.33,78.58,78.31,78.48,8000,73.70
20120705,77.75,78.07,77.55,77.71,347100,72.97
20120703,77.98,77.98,77.64,77.70,10100,72.96
20120702,77.54,78.55,77.54,78.20,20700,73.43
20120629,77.14,77.57,77.08,77.36,11000,72.64
20120628,78.56,78.74,78.50,78.53,5700,73.57
20120627,78.32,78.32,78.10,78.12,15400,73.19
20120626,78.09,78.40,77.94,78.02,10300,73.09
20120625,78.17,78.50,78.17,78.35,8300,73.40
20120622,77.96,77.96,77.55,77.56,28000,72.66
20120621,77.94,78.56,77.94,78.31,20600,73.37
20120620,77.84,78.08,77.09,78.08,26400,73.15
20120619,82.00,82.00,77.72,77.85,11100,72.93
20120618,78.81,78.81,78.22,78.50,3800,73.54
20120615,78.50,78.50,78.15,78.31,3600,73.37
20120614,78.07,78.07,77.61,77.81,4100,72.90
20120613,77.57,78.11,76.98,78.07,19700,73.14
20120612,77.64,77.80,77.34,77.39,8800,72.50
20120611,77.41,78.17,77.33,77.97,19200,73.05
20120608,78.53,78.54,77.38,77.62,20300,72.72
20120607,77.25,77.69,77.13,77.52,61800,72.63
20120606,78.94,78.94,77.44,77.44,19000,72.55
20120605,79.46,79.46,78.88,79.04,35400,74.05
20120604,79.88,80.17,79.56,79.92,48200,74.87
20120601,80.37,80.37,79.36,80.24,40700,75.17
20120531,78.37,79.30,78.31,78.73,20600,73.76
20120530,77.67,78.16,77.67,78.15,6300,73.05
20120529,76.65,76.83,76.41,76.62,34400,71.62
20120525,76.79,76.79,76.61,76.66,5100,71.66
20120524,76.64,76.64,76.27,76.36,9200,71.38
20120523,76.89,77.23,76.73,76.73,7900,71.72
20120522,76.27,76.27,75.92,76.18,12600,71.21
20120521,77.04,77.19,76.74,76.91,26800,71.89
20120518,76.60,77.20,76.48,77.10,31000,72.07
20120517,75.99,77.14,75.99,77.11,43100,72.08
20120516,75.38,75.99,75.29,75.98,21000,71.02
20120515,75.49,75.64,75.25,75.58,16300,70.65
20120514,75.49,75.58,75.12,75.36,25000,70.44
20120511,74.65,74.65,74.33,74.61,3900,69.74
20120510,73.81,74.08,73.52,74.00,6100,69.17
20120509,74.60,74.60,74.13,74.15,15300,69.31
20120508,74.11,74.46,74.11,74.21,41700,69.37
20120507,73.96,73.97,73.76,73.86,309400,69.04
20120504,73.47,73.81,73.44,73.81,11700,68.99
20120503,72.98,73.29,72.93,73.27,3800,68.49
20120502,73.25,73.33,73.09,73.31,5200,68.53
20120501,73.44,73.44,72.47,72.75,4400,68.00
20120430,73.28,73.42,73.14,73.14,1500,68.37
20120427,73.23,73.39,73.16,73.37,2400,68.41
20120426,73.43,73.43,73.05,73.25,6100,68.30
20120425,72.86,73.10,72.77,72.93,9300,68.00
20120424,73.41,73.48,73.19,73.19,22000,68.24
20120423,73.77,73.86,73.61,73.66,7300,68.68
20120420,72.95,73.21,72.86,73.20,7200,68.25
20120419,73.33,73.37,73.22,73.25,1500,68.30
20120418,73.10,73.15,73.01,73.07,16300,68.13
20120417,72.88,72.96,72.76,72.76,6200,67.84
20120416,72.98,73.35,72.95,72.98,3900,68.04
20120413,72.70,72.99,72.70,72.80,4800,67.88
20120412,72.39,72.39,71.97,72.01,8600,67.14
20120411,72.43,72.43,72.33,72.40,6200,67.50
20120410,72.50,73.24,72.44,72.97,9000,68.03
20120409,72.38,72.41,72.20,72.21,10700,67.33
20120405,70.94,70.94,70.60,70.88,2600,66.09
20120404,70.19,70.19,70.06,70.06,4600,65.32
20120403,70.99,70.99,69.62,69.62,6400,64.91
20120402,70.89,70.89,70.51,70.58,5400,65.81
20120330,71.33,71.44,70.04,70.04,5200,65.30
20120329,71.43,71.50,71.32,71.42,6800,66.42
20120328,70.91,71.08,70.91,71.08,2600,66.10
20120327,70.82,71.17,70.82,71.17,8300,66.19
20120326,70.71,70.75,70.35,70.60,4800,65.66
20120323,70.78,71.06,70.72,70.91,9900,65.94
20120322,70.51,70.52,70.29,70.43,7800,65.50
20120321,69.66,70.23,69.66,70.23,7200,65.31
20120320,69.37,69.64,69.26,69.54,27300,64.67
20120319,69.90,69.97,69.11,69.29,12700,64.44
20120316,69.49,69.99,69.35,69.97,38800,65.07
20120315,69.74,70.10,69.74,69.93,23800,65.03
20120314,70.78,70.78,69.76,69.82,34800,64.93
20120313,72.21,72.21,71.49,71.49,6900,66.48
20120312,72.72,72.83,72.54,72.54,6800,67.46
20120309,72.29,72.34,72.00,72.30,14600,67.24
20120308,72.78,72.85,72.42,72.49,6200,67.41
20120307,73.40,73.40,73.03,73.27,4700,68.14
20120306,73.50,73.68,73.39,73.39,28900,68.25
20120305,73.02,73.31,72.77,72.77,10800,67.67
20120302,72.83,73.25,72.83,73.14,6000,68.02
20120301,72.72,72.89,72.35,72.70,4100,67.61
20120229,74.50,74.50,73.14,73.38,6200,68.24
20120228,74.25,74.33,73.69,73.69,3400,68.36
20120227,73.96,74.18,73.79,74.07,20800,68.71
20120224,73.38,73.38,73.19,73.37,5300,68.06
20120223,72.70,73.08,72.61,73.08,5300,67.79
20120222,72.67,72.95,72.66,72.95,4400,67.67
20120221,72.44,72.54,72.10,72.34,10600,67.10
20120217,72.51,72.87,72.50,72.84,5400,67.57
20120216,73.27,73.41,72.80,72.93,6400,67.65
20120215,73.60,73.77,73.57,73.57,15800,68.24
20120214,73.33,73.76,73.33,73.76,8600,68.42
20120213,72.91,73.31,72.90,73.19,18800,67.89
20120210,73.00,73.33,72.96,73.33,9600,68.02
20120209,72.61,72.61,72.03,72.38,16400,67.14
20120208,72.75,72.91,72.66,72.87,13600,67.59
20120207,73.07,73.13,72.57,72.81,7100,67.54
20120206,73.06,73.60,72.94,73.54,16600,68.22
20120203,73.03,73.11,72.76,72.81,84300,67.54
20120202,74.35,74.44,74.17,74.29,16000,68.91
20120201,74.74,74.74,74.20,74.43,15100,69.04
20120131,74.30,75.09,74.30,75.09,5400,69.65
20120130,74.64,74.95,74.46,74.46,13600,68.91
20120127,73.50,73.81,73.25,73.66,11600,68.17
20120126,73.01,73.41,72.95,73.34,6600,67.87
20120125,72.57,73.86,72.50,72.64,18800,67.23
20120124,72.93,72.93,72.37,72.66,9600,67.25
20120123,72.68,72.77,72.32,72.65,22100,67.24
20120120,73.48,73.49,73.08,73.08,10500,67.63
20120119,74.37,74.46,73.55,73.74,9000,68.24
20120118,75.59,75.59,74.62,74.62,8600,69.06
20120117,75.30,75.48,75.22,75.37,16100,69.75
20120113,75.27,75.59,75.25,75.25,20700,69.64
20120112,74.75,74.77,74.39,74.62,11700,69.06
20120111,74.33,74.72,74.18,74.71,11600,69.14
20120110,73.73,74.00,73.56,73.72,12600,68.23
20120109,73.81,74.43,73.81,73.98,10600,68.47
20120106,73.54,74.09,73.54,74.09,16300,68.57
20120105,73.77,74.19,73.40,73.43,13200,67.96
20120104,74.26,74.26,73.50,73.72,7000,68.23
20120103,74.69,74.69,74.07,74.21,22700,68.68
20111230,75.20,75.43,75.11,75.11,21600,69.51
20111229,74.94,75.15,74.68,75.03,6600,69.44
20111228,74.00,75.06,74.00,74.94,7000,69.36
20111227,73.49,73.53,73.30,73.42,7100,67.95
20111223,73.67,73.67,73.16,73.39,20300,67.92
20111222,74.62,74.82,74.30,74.30,9600,68.59
20111221,74.92,75.00,74.27,74.27,115500,68.56
20111220,76.09,76.09,74.92,75.09,22800,69.32
20111219,75.95,76.64,75.91,76.62,47200,70.73
20111216,75.49,76.01,75.39,75.87,19800,70.04
20111215,75.01,75.31,74.86,75.23,12500,69.44
20111214,74.63,75.35,74.44,75.20,28700,69.42
20111213,73.24,74.33,73.08,74.04,9100,68.35
20111212,73.57,73.76,73.38,73.39,11200,67.75
20111209,74.00,74.05,72.98,72.98,6700,67.37
20111208,73.28,74.14,73.28,73.89,5800,68.21
20111207,73.21,73.50,72.86,73.47,9700,67.82
20111206,73.24,73.48,73.05,73.05,4400,67.43
20111205,73.00,73.81,73.00,73.57,25800,67.91
20111202,72.91,73.74,72.70,73.74,24800,68.07
20111201,72.71,72.95,72.38,72.95,5000,67.34
20111130,73.52,73.61,73.00,73.21,14600,67.58
20111129,74.62,75.07,74.19,74.69,17600,68.78
20111128,73.92,74.97,73.67,74.95,21100,69.01
20111125,75.57,75.57,75.11,75.11,9000,69.16
20111123,75.25,76.13,75.17,76.03,17100,70.01
20111122,74.81,75.29,74.70,75.28,19200,69.32
20111121,74.87,74.96,74.62,74.70,38000,68.78
20111118,74.02,74.27,73.73,74.25,7700,68.37
20111117,73.66,74.53,73.61,74.34,21300,68.45
20111116,73.62,73.83,73.33,73.83,17700,67.98
20111115,73.37,73.80,72.93,73.09,8700,67.30
20111114,72.88,73.22,72.75,73.22,35000,67.42
20111111,72.35,72.47,72.19,72.47,10300,66.73
20111110,73.00,73.23,72.22,72.72,23000,66.96
20111109,73.72,74.14,73.54,73.75,12200,67.91
20111108,73.03,73.33,72.27,72.32,14000,66.59
20111107,72.88,73.60,72.66,73.22,10500,67.42
20111104,72.45,72.90,72.42,72.66,40300,66.91
20111103,72.74,73.10,72.46,72.80,89400,67.04
20111102,72.89,73.62,72.70,73.54,17400,67.72
20111101,73.90,74.15,73.11,74.15,46600,68.28
20111031,70.90,71.86,70.90,71.84,7000,66.15
20111028,69.88,70.16,69.73,70.04,16300,64.32
20111027,70.48,70.64,69.19,69.48,26600,63.80
20111026,72.16,72.30,71.41,71.48,9200,65.64
20111025,70.95,72.56,70.95,72.56,10600,66.63
20111024,71.28,71.37,70.90,70.90,22700,65.11
20111021,71.18,71.31,71.00,71.00,16700,65.20
20111020,71.71,72.15,71.41,71.47,5600,65.63
20111019,71.55,72.13,71.41,71.90,14000,66.03
20111018,72.58,72.78,71.55,71.95,32700,66.07
20111017,71.40,72.39,71.40,72.39,10000,66.48
20111014,71.31,71.61,71.12,71.27,4700,65.45
20111013,71.81,72.50,71.81,72.00,9600,66.12
20111012,71.59,71.86,71.06,71.52,19800,65.68
20111011,72.85,72.95,72.25,72.54,52600,66.61
20111010,72.87,72.87,71.00,72.76,22300,66.82
20111007,73.23,73.94,72.94,73.60,23600,67.59
20111006,74.92,74.92,74.11,74.15,58900,68.09
20111005,75.61,75.61,74.95,75.22,14300,69.07
20111004,76.86,77.16,75.69,75.69,41400,69.51
20111003,75.65,76.47,71.59,76.41,71700,70.17
20110930,74.61,74.86,73.99,74.83,16000,68.72
20110929,73.34,73.96,73.23,73.73,3400,67.53
20110928,72.98,73.12,72.50,72.96,3200,66.82
20110927,73.09,73.25,72.76,73.24,21900,67.08
20110926,74.95,74.95,74.00,74.11,29800,67.88
20110923,76.47,76.47,75.14,75.14,50100,68.82
20110922,75.77,76.81,75.38,76.25,45800,69.84
20110921,72.26,74.20,72.00,74.16,29300,67.92
20110920,72.16,72.37,72.02,72.37,4900,66.28
20110919,72.05,72.49,71.92,72.10,21800,66.04
20110916,70.34,70.92,70.34,70.84,10400,64.88
20110915,70.69,70.93,70.57,70.57,29700,64.64
20110914,70.88,71.48,70.86,71.44,11000,65.43
20110913,71.82,71.82,70.75,71.15,39100,65.17
20110912,71.88,72.18,71.60,71.94,44500,65.89
20110909,71.40,71.91,71.24,71.91,25900,65.86
20110908,71.05,71.29,70.79,71.26,36300,65.27
20110907,71.16,71.16,70.56,70.68,36500,64.74
20110906,72.27,72.38,71.67,71.74,81300,65.71
20110902,70.59,71.21,70.25,71.11,64900,65.13
20110901,68.55,69.33,67.75,69.33,8500,63.50
20110831,69.11,69.11,68.18,68.23,5600,62.49
20110830,69.11,69.34,69.03,69.04,4000,63.05
20110829,68.02,68.45,68.02,68.24,6900,62.32
20110826,69.21,69.42,67.37,69.14,26000,63.14
20110825,68.00,68.52,68.00,68.39,14000,62.46
20110824,69.41,69.41,67.83,67.86,17400,61.97
20110823,69.58,70.24,69.41,69.51,22500,63.48
20110822,70.09,70.38,69.97,70.20,12600,64.11
20110819,70.23,70.56,70.00,70.38,20300,64.28
20110818,69.96,70.83,69.65,69.89,40100,63.83
20110817,68.03,68.88,67.90,68.88,13000,62.91
20110816,67.29,68.05,67.28,67.87,6200,61.98
20110815,67.40,67.45,67.01,67.10,9700,61.28
20110812,66.88,67.67,66.83,67.63,23500,61.76
20110811,68.56,68.61,66.37,66.50,23800,60.73
20110810,68.64,69.39,68.35,69.39,16200,63.37
20110809,67.13,69.00,66.86,67.53,8400,61.67
20110808,65.98,67.36,65.95,67.32,33200,61.48
20110805,66.09,67.05,65.47,65.47,32700,59.79
20110804,65.50,67.10,65.50,67.10,18600,61.28
20110803,65.00,65.79,65.00,65.31,41200,59.64
20110802,63.80,65.00,63.70,65.00,12900,59.36
20110801,62.89,63.61,62.85,63.58,5200,58.06
20110729,62.38,62.92,62.38,62.92,2800,57.46
20110728,62.05,62.09,61.92,62.07,1700,56.50
20110727,61.73,61.88,61.73,61.81,3000,56.27
20110726,61.75,61.93,61.72,61.93,800,56.38
20110725,61.42,61.70,61.42,61.55,1800,56.03
20110722,61.93,62.02,61.90,62.02,3500,56.46
20110721,61.50,61.79,61.49,61.67,5800,56.14
20110720,62.30,62.31,62.01,62.14,3400,56.57
20110719,61.75,62.63,61.68,62.63,10000,57.01
20110718,62.08,62.15,61.59,61.84,39200,56.29
20110715,61.68,62.05,61.68,62.05,1800,56.48
20110714,62.36,62.36,61.99,62.02,2600,56.46
20110713,62.44,62.72,62.19,62.72,7600,57.09
20110712,62.60,62.60,62.30,62.50,5900,56.89
20110711,62.01,62.40,61.85,62.37,24500,56.78
20110708,61.24,61.50,61.24,61.50,4300,55.98
20110707,60.63,60.81,60.50,60.69,6100,55.25
20110706,60.99,60.99,60.82,60.98,5100,55.51
20110705,60.75,60.80,60.64,60.71,6800,55.27
20110701,60.63,60.63,60.37,60.48,2500,55.06
20110630,60.73,60.73,60.19,60.70,17200,55.26
20110629,61.34,61.38,60.83,60.93,11100,55.29
20110628,61.82,61.84,61.28,61.35,7800,55.67
20110627,62.50,62.50,61.97,61.98,9400,56.24
20110624,62.63,62.93,62.60,62.60,2300,56.80
20110623,62.72,62.80,62.64,62.70,16700,56.89
20110622,62.45,62.47,62.24,62.31,4000,56.54
20110621,62.39,62.39,62.21,62.24,4100,56.47
20110620,62.54,62.54,62.38,62.48,1000,56.69
20110617,62.49,62.54,62.34,62.54,3300,56.75
20110616,62.60,62.75,62.54,62.69,14200,56.88
20110615,61.65,62.39,61.60,62.39,12400,56.61
20110614,61.65,61.73,61.43,61.46,16100,55.77
20110613,62.33,62.51,62.24,62.31,6600,56.54
20110610,62.52,62.66,62.42,62.45,1200,56.66
20110609,62.54,62.54,62.11,62.16,2500,56.40
20110608,62.20,62.37,62.10,62.31,27700,56.54
20110607,61.53,61.73,61.48,61.70,6800,55.98
20110606,61.76,62.03,61.61,61.91,24500,56.17
20110603,62.19,62.19,61.92,61.92,7000,56.18
20110602,62.25,62.37,61.80,61.91,19600,56.17
20110601,62.35,62.82,62.35,62.82,3500,57.00
20110531,61.70,62.09,61.66,62.09,4100,56.34
20110527,62.04,62.16,61.93,62.15,3700,56.22
20110526,61.81,62.11,61.81,62.09,3400,56.16
20110525,61.92,61.94,61.66,61.67,2800,55.78
20110524,61.70,61.85,61.63,61.85,2600,55.95
20110523,61.79,61.94,61.63,61.63,3400,55.75
20110520,61.31,61.43,61.31,61.42,500,55.56
20110519,60.89,61.48,60.89,61.48,4400,55.61
20110518,61.99,61.99,61.50,61.50,500,55.63
20110517,61.83,62.04,61.83,61.99,17900,56.07
20110516,61.31,61.64,61.27,61.64,900,55.76
20110513,61.23,61.23,61.19,61.20,8100,55.36
20110512,61.27,61.27,60.85,60.85,4800,55.04
20110511,60.95,61.16,60.89,61.16,14100,55.32
20110510,61.14,61.16,60.95,60.95,1700,55.13
20110509,61.11,61.34,61.11,61.16,7400,55.32
20110506,60.89,61.27,60.89,61.27,700,55.42
20110505,61.07,61.54,61.05,61.40,2800,55.54
20110504,60.89,61.03,60.84,60.97,5500,55.15
20110503,60.53,60.68,60.53,60.68,3500,54.89
20110502,60.32,60.44,60.32,60.39,900,54.63
20110429,60.10,60.27,60.10,60.27,1000,54.52
20110428,60.06,60.36,60.06,60.25,900,54.33
20110427,60.33,60.37,59.85,59.85,5000,53.97
20110426,60.07,60.45,60.07,60.45,21800,54.51
20110425,59.96,60.00,59.96,60.00,300,54.10
20110421,59.98,60.04,59.67,59.67,6300,53.80
20110420,59.92,60.01,59.86,59.94,2800,54.05
20110419,59.97,60.11,59.97,60.10,2800,54.19
20110418,59.57,59.90,59.55,59.86,2400,53.98
20110415,59.58,59.74,59.52,59.69,2400,53.82
20110414,59.15,59.34,59.00,59.34,1000,53.51
20110413,58.59,59.22,58.59,59.22,1400,53.40
20110412,58.82,58.84,58.65,58.84,900,53.06
20110411,58.15,58.26,58.14,58.26,6300,52.53
20110408,58.32,58.39,58.24,58.25,1400,52.52
20110407,58.52,58.61,58.42,58.44,3000,52.70
20110406,58.93,58.98,58.87,58.87,600,53.08
20110405,59.45,59.53,59.20,59.28,7000,53.45
20110404,59.65,59.65,59.48,59.55,900,53.70
20110401,59.15,59.45,59.12,59.45,10300,53.61
20110331,59.27,59.42,59.18,59.18,4200,53.36
20110330,59.38,59.56,59.25,59.50,12000,53.47
20110329,59.50,59.63,59.25,59.25,1300,53.25
20110328,59.51,59.64,59.51,59.64,600,53.60
20110325,59.81,59.97,59.47,59.47,5100,53.44
20110324,59.79,59.82,59.76,59.80,3400,53.74
20110323,60.61,60.61,60.02,60.07,1400,53.98
20110322,59.90,60.21,59.90,60.21,1100,54.11
20110321,60.03,60.13,59.87,60.07,4600,53.98
20110318,59.99,60.32,59.99,60.17,14900,54.07
20110317,60.33,60.38,60.15,60.38,1500,54.26
20110316,60.15,60.94,60.14,60.63,4700,54.49
20110315,60.14,60.14,59.86,59.91,3200,53.84
20110314,59.16,59.44,59.16,59.20,2400,53.20
20110311,59.59,59.59,59.20,59.28,1500,53.27
20110310,58.79,59.55,58.51,59.55,11600,53.52
20110309,58.35,58.79,58.27,58.79,3300,52.83
20110308,58.51,58.51,58.17,58.17,5700,52.28
20110307,58.40,58.60,58.21,58.46,1800,52.54
20110304,58.30,58.67,58.30,58.67,600,52.73
20110303,58.58,58.58,58.29,58.29,1200,52.38
20110302,59.26,59.32,58.92,58.92,2900,52.95
20110301,59.14,59.43,59.14,59.43,1200,53.41
20110228,59.45,59.45,59.31,59.44,10400,53.42
20110225,59.42,59.59,59.40,59.59,2300,53.38
20110224,59.22,59.40,59.22,59.24,1400,53.06
20110223,58.90,59.25,58.90,59.03,7000,52.88
20110222,58.29,58.86,58.29,58.83,4100,52.70
20110218,57.95,57.95,57.89,57.89,800,51.86
20110217,58.31,58.43,58.21,58.24,5400,52.17
20110216,58.15,58.36,58.00,58.30,900,52.22
20110215,58.06,58.20,58.00,58.20,6600,52.13
20110214,57.98,58.15,57.98,58.06,7300,52.01
20110211,57.65,57.90,57.65,57.90,6000,51.86
20110210,57.52,57.66,57.29,57.40,6300,51.42
20110209,57.41,57.96,57.20,57.68,10700,51.67
20110208,57.72,57.82,57.27,57.29,5800,51.32
20110207,57.51,57.72,57.40,57.65,410500,51.64
20110204,57.88,57.96,57.51,57.55,350600,51.55
20110203,58.30,58.49,58.06,58.13,75900,52.07
20110202,58.73,58.76,58.27,58.44,16600,52.35
20110201,58.54,58.73,58.42,58.64,11100,52.53
20110131,59.14,59.22,58.80,58.81,11400,52.68
20110128,58.83,59.59,58.70,59.55,6900,53.17
20110127,58.91,59.14,58.73,59.14,10400,52.80
20110126,59.53,59.53,58.84,58.94,4100,52.62
20110125,59.19,59.85,59.10,59.53,81900,53.15
20110124,59.14,59.27,58.96,59.15,4200,52.81
20110121,58.50,58.99,58.50,58.99,6100,52.67
20110120,59.19,59.19,58.52,58.81,8000,52.51
20110119,59.25,59.50,59.19,59.50,117600,53.12
20110118,58.92,59.28,58.80,59.28,10000,52.93
20110114,59.93,59.93,59.31,59.50,8500,53.12
20110113,59.07,59.88,59.07,59.80,9600,53.39
20110112,59.35,59.51,59.18,59.35,60700,52.99
20110111,59.81,59.81,59.36,59.71,22400,53.31
20110110,59.77,59.90,59.44,59.90,8300,53.48
20110107,59.15,59.65,58.89,59.41,12900,53.04
20110106,59.19,59.27,58.91,59.07,7000,52.74
20110105,59.57,59.57,58.84,59.10,33500,52.77
20110104,59.88,60.33,59.83,59.83,24300,53.42
20110103,59.97,60.44,59.97,60.19,6100,53.74
20101231,60.19,60.51,59.02,60.27,2500,53.81
20101230,59.80,59.96,59.49,59.83,5900,53.42
20101229,58.98,59.90,58.95,59.90,8200,53.48
20101228,59.64,59.70,59.05,59.05,4000,52.72
20101227,59.66,59.81,59.17,59.81,1100,53.40
20101223,59.87,59.87,59.72,59.72,1200,53.09
20101222,60.06,60.19,59.81,59.91,6800,53.26
20101221,59.88,60.12,59.60,60.09,3100,53.42
20101220,60.13,60.48,59.64,59.90,5200,53.25
20101217,59.52,60.10,59.52,60.10,5300,53.43
20101216,59.01,59.09,58.49,59.09,18400,52.53
20101215,59.54,59.54,58.56,58.81,15200,52.28
20101214,59.49,59.71,58.96,59.17,15400,52.60
20101213,59.80,60.30,59.76,60.26,3400,53.57
20101210,60.29,60.39,59.91,59.91,9000,53.26
20101209,60.22,60.51,59.93,60.26,4900,53.57
20101208,60.47,60.47,59.75,60.17,24200,53.49
20101207,61.26,61.26,60.27,60.77,31100,54.03
20101206,61.78,61.97,61.59,61.97,2600,55.09
20101203,62.15,62.15,61.21,61.30,2900,54.50
20101202,61.91,62.00,61.67,61.68,10600,54.84
20101201,62.31,62.31,61.69,61.86,48700,55.00
20101130,63.13,63.34,62.81,62.81,20300,55.84
20101129,62.68,62.90,62.60,62.87,4000,55.73
20101126,62.16,62.31,62.16,62.31,2500,55.23
20101124,62.41,62.41,61.86,61.86,5900,54.83
20101123,62.80,62.94,62.74,62.79,7700,55.66
20101122,62.59,62.67,62.45,62.45,3500,55.35
20101119,62.00,62.15,61.87,62.15,5600,55.09
20101118,61.70,61.87,61.44,61.77,5800,54.75
20101117,61.89,62.44,61.89,62.00,7300,54.95
20101116,61.47,62.10,61.18,62.04,13900,54.99
20101115,61.92,61.92,60.95,60.95,8700,54.02
20101112,62.49,62.70,62.05,62.05,9800,55.00
20101111,62.56,62.71,62.40,62.54,2600,55.43
20101110,62.42,62.65,62.04,62.39,28100,55.30
20101109,63.64,63.64,62.39,62.52,10700,55.42
20101108,63.62,63.89,63.36,63.63,7900,56.40
20101105,63.52,63.68,63.43,63.56,8600,56.34
20101104,64.04,64.34,63.87,64.06,6300,56.78
20101103,64.83,65.88,63.18,63.58,15200,56.36
20101102,64.37,64.67,64.37,64.67,3300,57.32
20101101,64.47,64.47,63.78,63.98,16300,56.71
20101029,63.80,64.17,63.80,64.12,5900,56.83
20101028,63.91,63.99,63.74,63.78,10600,56.36
20101027,63.93,64.11,63.66,63.70,3700,56.29
20101026,64.61,64.61,64.11,64.13,2200,56.67
20101025,65.26,65.27,64.91,65.04,11100,57.47
20101022,64.28,64.84,64.28,64.63,6300,57.11
20101021,64.88,64.88,64.59,64.65,16200,57.13
20101020,64.90,65.22,64.89,65.09,1100,57.52
20101019,64.77,65.03,64.75,64.93,3100,57.38
20101018,64.82,64.84,64.57,64.68,4900,57.16
20101015,64.40,64.59,64.00,64.40,21600,56.91
20101014,65.70,65.95,64.98,65.07,6300,57.50
20101013,65.37,65.55,65.14,65.55,6000,57.92
20101012,66.20,66.38,65.88,65.89,13900,58.23
20101011,66.79,66.79,66.04,66.05,13400,58.37
20101008,66.48,66.79,66.21,66.21,2500,58.51
20101007,66.62,66.62,66.34,66.44,3300,58.71
20101006,66.42,66.92,66.42,66.70,10600,58.94
20101005,66.37,66.37,65.99,66.19,6100,58.49
20101004,66.09,66.31,66.05,66.25,4800,58.54
20101001,65.99,66.30,65.88,66.17,2700,58.47
20100930,66.37,66.38,65.93,66.34,16200,58.62
20100929,66.96,66.96,66.46,66.46,3900,58.57
20100928,66.71,67.01,66.71,66.87,4500,58.93
20100927,65.93,66.36,65.93,66.32,2500,58.44
20100924,65.78,65.82,65.48,65.48,7900,57.70
20100923,66.40,66.56,66.08,66.08,3600,58.23
20100922,66.12,66.26,65.85,65.92,6200,58.09
20100921,65.10,65.39,65.07,65.39,2700,57.62
20100920,64.67,64.94,64.60,64.73,7100,57.04
20100917,64.53,64.72,64.31,64.59,5900,56.92
20100916,64.39,64.46,64.05,64.28,4300,56.65
20100915,65.10,65.34,64.72,64.72,3800,57.03
20100914,65.09,65.58,65.09,65.45,11000,57.68
20100913,64.39,65.20,64.39,65.03,25100,57.31
20100910,64.62,64.81,64.52,64.65,6600,56.97
20100909,65.33,65.43,64.84,64.91,6100,57.20
20100908,66.19,66.19,65.82,66.08,3900,58.23
20100907,66.10,66.38,65.93,66.34,11500,58.46
20100903,64.86,65.44,64.85,65.40,24800,57.63
20100902,66.27,66.27,65.79,65.95,64800,58.12
20100901,67.12,67.12,66.25,66.49,24400,58.59
20100831,67.58,67.71,67.24,67.70,10400,59.66
20100830,66.77,67.19,66.42,67.16,7700,59.05
20100827,67.38,67.44,66.20,66.20,28200,58.20
20100826,67.32,67.77,67.16,67.77,20000,59.58
20100825,67.97,68.11,67.18,67.24,17300,59.12
20100824,67.01,67.65,66.95,67.55,38100,59.39
20100823,66.30,66.66,66.25,66.57,27300,58.53
20100820,66.86,66.98,66.48,66.48,23400,58.45
20100819,66.08,66.84,64.29,66.74,21500,58.68
20100818,66.21,66.50,65.91,65.92,29900,57.96
20100817,65.98,66.14,65.70,65.85,371700,57.89
20100816,65.91,66.19,65.75,66.17,8000,58.18
20100813,64.43,64.93,64.43,64.87,10100,57.03
20100812,64.49,64.71,64.30,64.32,26200,56.55
20100811,64.03,64.51,64.00,64.49,24500,56.70
20100810,63.65,64.10,63.62,63.82,8300,56.11
20100809,63.59,63.65,63.50,63.50,4600,55.83
20100806,63.62,63.69,63.37,63.69,11600,56.00
20100805,63.29,63.40,63.15,63.20,13900,55.56
20100804,63.00,63.06,62.82,62.82,6400,55.23
20100803,63.14,63.38,63.09,63.27,23700,55.63
20100802,63.07,63.17,62.84,62.85,7800,55.26
20100730,63.42,63.58,63.08,63.56,7700,55.88
20100729,62.41,62.81,62.41,62.81,6300,55.13
20100728,62.51,62.86,62.45,62.86,13700,55.17
20100727,62.70,62.87,62.61,62.64,3300,54.98
20100726,63.09,63.09,62.69,63.08,4500,55.36
20100723,63.67,63.67,63.10,63.16,22500,55.43
20100722,63.96,63.96,63.64,63.64,183500,55.85
20100721,63.45,64.23,63.45,64.23,7500,56.37
20100720,63.40,63.53,63.32,63.37,3900,55.62
20100719,63.50,63.55,63.22,63.27,74400,55.53
20100716,63.29,63.71,63.27,63.50,6100,55.73
20100715,62.77,63.40,62.77,63.40,17600,55.64
20100714,62.22,62.81,62.19,62.64,244500,54.98
20100713,62.50,62.50,62.14,62.19,90000,54.58
20100712,62.75,62.89,62.52,62.67,7500,55.00
20100709,62.69,62.70,62.54,62.70,2800,55.03
20100708,62.94,63.11,62.70,63.00,10700,55.29
20100707,63.60,63.60,63.25,63.25,31800,55.51
20100706,63.40,63.75,63.25,63.75,18500,55.95
20100702,63.49,63.62,63.08,63.31,17400,55.56
20100701,63.73,64.25,63.73,63.77,7600,55.97
20100630,63.26,63.68,63.23,63.68,9000,55.89
20100629,63.21,63.59,63.16,63.56,16200,55.61
20100628,62.84,62.93,62.61,62.93,3800,55.06
20100625,62.16,62.42,62.15,62.15,5000,54.38
20100624,62.69,62.69,62.18,62.31,2100,54.52
20100623,62.30,62.59,62.30,62.59,2600,54.76
20100622,61.79,62.16,61.79,62.16,2100,54.39
20100621,61.16,61.68,61.01,61.63,7400,53.92
20100618,61.91,61.91,61.44,61.51,4700,53.82
20100617,61.50,61.99,61.50,61.89,11100,54.15
20100616,61.43,61.43,61.23,61.23,1500,53.57
20100615,61.49,61.50,60.70,60.88,5500,53.27
20100614,61.07,61.34,61.02,61.30,3000,53.64
20100611,61.22,61.62,61.22,61.62,2100,53.92
20100610,61.50,61.51,61.20,61.20,2300,53.55
20100609,61.72,61.91,61.50,61.91,1600,54.17
20100608,61.90,62.02,61.46,61.95,23100,54.20
20100607,61.70,61.85,61.50,61.85,2000,54.12
20100604,61.50,61.77,61.50,61.69,1800,53.98
20100603,60.47,60.72,60.35,60.72,6300,53.13
20100602,61.34,61.34,60.85,60.85,4700,53.24
20100601,61.46,61.46,60.86,61.20,4200,53.55
20100528,60.90,60.90,60.90,60.90,000,53.29
20100527,61.08,61.29,60.79,60.90,11200,53.11
20100526,61.96,62.12,61.65,61.81,13500,53.90
20100525,62.77,62.86,62.19,62.32,26800,54.35
20100524,62.05,62.12,61.62,61.62,11700,53.74
20100521,62.74,62.74,61.81,62.11,58500,54.16
20100520,61.62,62.08,61.62,62.06,24000,54.12
20100519,60.89,61.13,60.89,61.08,3900,53.27
20100518,60.32,60.90,60.31,60.90,1900,53.11
20100517,60.28,60.63,60.09,60.11,4900,52.42
20100514,59.83,60.45,59.83,60.45,1800,52.72
20100513,59.51,59.51,59.23,59.23,900,51.65
20100512,59.47,59.47,59.25,59.25,1400,51.67
20100511,59.84,59.84,59.58,59.58,2000,51.96
20100510,59.21,59.62,59.20,59.62,9600,51.99
20100507,61.57,61.65,60.64,60.74,7000,52.97
20100506,59.76,60.35,59.76,60.35,1800,52.63
20100505,60.12,60.12,59.60,59.60,900,51.97
20100504,59.12,59.42,59.01,59.42,1500,51.82
20100503,58.64,58.64,58.64,58.64,000,51.14
20100430,58.54,58.64,58.40,58.64,1700,51.14
20100429,58.01,58.01,58.01,58.01,000,50.41
20100428,58.01,58.01,58.01,58.01,100,50.41
20100427,58.74,58.75,58.52,58.52,3500,50.86
20100426,58.11,58.11,57.83,57.83,5200,50.26
20100423,58.03,58.03,58.03,58.03,000,50.43
20100422,58.14,58.36,58.03,58.03,7800,50.43
20100421,57.84,58.08,57.84,58.08,4100,50.48
20100420,57.68,57.68,57.68,57.68,200,50.13
20100419,57.64,57.64,57.63,57.63,600,50.08
20100416,57.63,57.77,57.59,57.77,1700,50.21
20100415,57.20,57.33,57.20,57.33,300,49.82
20100414,57.45,57.45,57.45,57.45,200,49.93
20100413,57.61,57.62,57.50,57.50,2400,49.97
20100412,57.24,57.46,57.20,57.41,11000,49.89
20100409,56.86,57.16,56.86,57.13,4700,49.65
20100408,57.18,57.22,57.01,57.01,4300,49.55
20100407,56.37,57.21,56.37,57.21,4700,49.72
20100406,56.70,56.70,56.39,56.61,4500,49.20
20100405,56.76,56.76,56.42,56.51,11900,49.11
20100401,57.23,57.31,57.04,57.28,7600,49.78
20100331,57.29,57.29,57.19,57.23,4100,49.74
20100330,57.18,57.18,57.18,57.18,200,49.52
20100329,57.14,57.14,57.01,57.09,5600,49.44
20100326,57.03,57.25,57.03,57.24,3000,49.57
20100325,57.17,57.44,57.00,57.07,14400,49.42
20100324,57.78,57.97,57.52,57.57,7300,49.85
20100323,58.40,58.44,58.25,58.37,4800,50.55
20100322,58.58,58.60,58.40,58.41,10700,50.58
20100319,58.60,58.60,58.60,58.60,400,50.75
20100318,58.62,58.62,58.62,58.62,000,50.76
20100317,58.54,58.62,58.38,58.62,1700,50.76
20100316,58.12,58.24,58.07,58.22,2200,50.42
20100315,57.75,57.75,57.75,57.75,100,50.01
20100312,57.47,57.98,57.47,57.92,6300,50.16
20100311,57.55,57.86,57.46,57.86,17000,50.10
20100310,57.41,57.63,57.33,57.62,4500,49.90
20100309,57.65,57.65,57.65,57.65,000,49.92
20100308,57.59,57.73,57.59,57.65,4500,49.92
20100305,57.95,57.95,57.69,57.85,16200,50.10
20100304,58.49,58.49,58.40,58.40,2200,50.57
20100303,58.25,58.41,58.19,58.41,2700,50.58
20100302,58.15,58.36,58.07,58.30,4500,50.49
20100301,58.47,58.47,58.47,58.47,700,50.63
20100226,58.33,58.56,58.29,58.42,7600,50.59
20100225,58.41,58.41,58.24,58.32,5100,50.36
20100224,57.94,58.16,57.94,58.10,6100,50.17
20100223,57.45,58.05,57.45,58.05,4900,50.13
20100222,57.37,57.37,57.32,57.32,1200,49.50
20100219,57.35,57.44,57.20,57.44,15200,49.60
20100218,57.60,57.60,57.08,57.26,13600,49.45
20100217,57.80,57.80,57.41,57.41,2000,49.58
20100216,57.66,58.03,57.66,58.03,2900,50.11
20100212,57.92,57.92,57.84,57.84,5700,49.95
20100211,57.78,57.84,57.60,57.65,3000,49.79
20100210,58.35,58.55,57.80,57.90,15100,50.00
20100209,58.64,58.72,58.35,58.35,900,50.39
20100208,58.74,58.86,58.71,58.86,4100,50.83
20100205,58.53,58.89,58.53,58.77,3100,50.75
20100204,57.93,58.54,57.93,58.53,106000,50.55
20100203,58.18,58.18,57.90,57.93,5700,50.03
20100202,58.29,58.40,58.29,58.40,1600,50.43
20100201,58.55,58.55,58.42,58.42,1600,50.45
20100129,58.26,58.71,58.23,58.71,9700,50.70
20100128,58.21,58.45,58.21,58.39,3700,50.25
20100127,58.76,58.76,58.63,58.63,25200,50.46
20100126,58.84,58.84,58.55,58.57,4800,50.41
20100125,58.54,58.67,58.54,58.57,1400,50.41
20100122,58.76,58.91,58.76,58.84,3100,50.64
20100121,58.48,58.81,58.48,58.79,1100,50.60
20100120,58.41,58.54,58.41,58.54,2100,50.38
20100119,58.19,58.24,58.17,58.17,6000,50.07
20100115,58.39,58.39,58.29,58.29,2400,50.17
20100114,57.56,57.56,57.56,57.56,200,49.54
20100113,57.69,57.69,57.37,57.37,1500,49.38
20100112,57.73,57.73,57.71,57.71,800,49.67
20100111,57.27,57.27,57.12,57.14,700,49.18
20100108,57.15,57.15,57.15,57.15,200,49.19
20100107,57.25,57.25,57.25,57.25,400,49.27
20100106,57.39,57.39,57.39,57.39,600,49.39
20100105,57.79,57.84,57.79,57.84,900,49.78
20100104,57.36,57.36,57.36,57.36,000,49.37
