20140814,61.00,61.06,60.98,61.00,62600,61.00
20140813,60.97,61.02,60.96,61.01,174600,61.01
20140812,61.00,61.03,60.95,60.98,79400,60.98
20140811,60.95,61.00,60.95,60.99,16200,60.99
20140808,61.00,61.04,60.94,60.97,34900,60.97
20140807,60.94,60.99,60.94,60.96,59200,60.96
20140806,61.00,61.02,60.94,60.94,199500,60.94
20140805,60.97,61.01,60.95,61.00,110300,61.00
20140804,60.99,61.00,60.94,60.94,138300,60.94
20140801,60.93,60.99,60.89,60.99,244100,60.99
20140731,60.87,60.92,60.86,60.92,175300,60.90
20140730,60.87,60.90,60.83,60.89,71200,60.87
20140729,60.91,60.91,60.88,60.90,27500,60.88
20140728,60.90,60.94,60.90,60.91,40400,60.89
20140725,60.91,60.93,60.90,60.91,16900,60.89
20140724,60.91,60.93,60.89,60.90,14900,60.88
20140723,60.92,60.93,60.91,60.93,46400,60.91
20140722,60.91,60.93,60.90,60.93,57600,60.91
20140721,60.90,60.92,60.89,60.92,141100,60.90
20140718,60.91,60.94,60.88,60.92,18600,60.90
20140717,60.93,60.94,60.88,60.94,14400,60.92
20140716,60.90,60.91,60.87,60.90,22400,60.88
20140715,60.89,60.92,60.87,60.88,131500,60.86
20140714,60.94,60.95,60.90,60.90,18900,60.88
20140711,60.95,60.95,60.92,60.92,18200,60.90
20140710,60.89,60.95,60.89,60.94,53600,60.92
20140709,60.86,60.89,60.82,60.87,49700,60.85
20140708,60.87,60.89,60.86,60.87,28200,60.85
20140707,60.86,60.87,60.83,60.84,38000,60.82
20140703,60.87,60.88,60.85,60.88,15100,60.86
20140702,60.91,60.92,60.87,60.87,95400,60.85
20140701,60.93,60.95,60.91,60.92,113100,60.90
20140630,60.96,60.96,60.94,60.94,171400,60.90
20140627,60.91,60.96,60.91,60.94,89300,60.90
20140626,60.92,60.96,60.92,60.93,14600,60.89
20140625,60.94,60.94,60.92,60.92,14700,60.88
20140624,60.92,60.92,60.88,60.89,73500,60.85
20140623,60.93,60.93,60.88,60.90,17700,60.86
20140620,60.94,60.94,60.87,60.89,87600,60.85
20140619,60.91,60.92,60.88,60.91,121900,60.87
20140618,60.91,60.92,60.87,60.91,13500,60.87
20140617,60.88,60.89,60.85,60.87,74400,60.83
20140616,60.92,60.92,60.87,60.90,183100,60.86
20140613,60.89,60.92,60.89,60.92,17000,60.88
20140612,60.94,60.96,60.91,60.95,32800,60.91
20140611,60.90,60.93,60.90,60.90,22600,60.86
20140610,60.89,60.93,60.87,60.89,61000,60.85
20140609,60.93,60.95,60.91,60.94,9900,60.90
20140606,60.96,60.98,60.93,60.93,73000,60.89
20140605,60.97,60.99,60.94,60.98,75000,60.94
20140604,60.94,60.98,60.94,60.97,36500,60.93
20140603,60.95,60.98,60.94,60.96,17900,60.92
20140602,61.01,61.01,60.95,60.96,177100,60.92
20140530,61.04,61.04,61.00,61.00,134400,60.94
20140529,61.07,61.07,61.03,61.05,30800,60.99
20140528,60.99,61.06,60.99,61.05,59200,60.99
20140527,61.04,61.04,61.01,61.03,135700,60.97
20140523,61.04,61.05,61.01,61.05,14000,60.99
20140522,61.03,61.03,61.00,61.03,23700,60.97
20140521,61.03,61.04,61.02,61.04,11900,60.98
20140520,61.03,61.05,60.97,61.05,77900,60.99
20140519,61.01,61.03,60.99,61.02,67900,60.96
20140516,60.97,61.01,60.97,61.01,12600,60.95
20140515,60.99,61.02,60.96,61.02,111400,60.96
20140514,60.98,60.98,60.95,60.98,24800,60.92
20140513,60.96,60.97,60.94,60.96,60500,60.90
20140512,60.95,60.96,60.92,60.96,23000,60.90
20140509,60.97,60.97,60.93,60.96,32400,60.90
20140508,60.91,60.97,60.91,60.97,40300,60.91
20140507,60.92,60.95,60.91,60.91,186000,60.85
20140506,60.93,60.93,60.90,60.92,25200,60.86
20140505,60.91,60.95,60.91,60.94,78100,60.88
20140502,60.92,60.95,60.88,60.93,80700,60.87
20140501,60.92,60.95,60.91,60.92,53300,60.86
20140430,60.93,60.95,60.91,60.93,11900,60.85
20140429,60.89,60.93,60.89,60.92,43500,60.84
20140428,60.92,60.93,60.89,60.91,23000,60.83
20140425,60.89,60.93,60.89,60.91,29800,60.83
20140424,60.90,60.91,60.89,60.90,25200,60.82
20140423,60.92,60.93,60.89,60.89,226200,60.81
20140422,60.87,60.91,60.87,60.88,54100,60.80
20140421,60.88,60.93,60.88,60.91,84600,60.83
20140417,60.91,60.94,60.89,60.93,21500,60.85
20140416,60.93,60.94,60.91,60.91,40000,60.83
20140415,60.93,60.96,60.93,60.95,72300,60.87
20140414,60.97,60.98,60.93,60.94,63900,60.86
20140411,60.95,60.98,60.93,60.94,19700,60.86
20140410,60.96,60.98,60.95,60.95,15300,60.87
20140409,60.86,60.95,60.85,60.93,175200,60.85
20140408,60.91,60.91,60.86,60.90,25700,60.82
20140407,60.88,60.91,60.88,60.91,174000,60.83
20140404,60.83,60.88,60.83,60.88,41600,60.80
20140403,60.80,60.83,60.79,60.81,54900,60.73
20140402,60.83,60.83,60.79,60.79,70200,60.71
20140401,60.88,60.88,60.82,60.83,143600,60.75
20140331,60.86,60.89,60.86,60.86,18700,60.77
20140328,60.87,60.87,60.83,60.85,28800,60.76
20140327,60.87,60.88,60.83,60.84,83000,60.75
20140326,60.86,60.88,60.84,60.88,53700,60.79
20140325,60.85,60.86,60.82,60.85,28000,60.76
20140324,60.79,60.84,60.79,60.80,142800,60.71
20140321,60.82,60.85,60.81,60.84,21800,60.75
20140320,60.85,60.85,60.81,60.84,22800,60.75
20140319,60.92,60.95,60.78,60.84,85000,60.75
20140318,60.90,60.94,60.90,60.94,31700,60.85
20140317,60.94,60.94,60.90,60.93,176800,60.84
20140314,60.93,60.95,60.92,60.95,36300,60.86
20140313,60.86,60.95,60.86,60.93,55100,60.84
20140312,60.89,60.92,60.89,60.92,42500,60.83
20140311,60.89,60.90,60.86,60.90,93600,60.81
20140310,60.86,60.91,60.86,60.88,112300,60.79
20140307,60.87,60.90,60.86,60.87,93800,60.78
20140306,60.92,60.94,60.91,60.94,83700,60.85
20140305,60.93,60.95,60.89,60.94,108200,60.85
20140304,60.95,60.96,60.93,60.93,29800,60.84
20140303,60.97,60.99,60.95,60.98,104400,60.89
20140228,60.96,60.97,60.93,60.97,68900,60.86
20140227,60.98,61.00,60.96,61.00,19300,60.89
20140226,60.95,60.97,60.93,60.96,61100,60.85
20140225,60.94,60.95,60.91,60.94,30100,60.83
20140224,60.94,60.94,60.88,60.92,102200,60.81
20140221,60.94,60.97,60.92,60.93,23100,60.82
20140220,60.90,60.95,60.89,60.92,45000,60.81
20140219,60.96,60.96,60.91,60.94,121600,60.83
20140218,60.94,60.95,60.92,60.95,115700,60.84
20140214,60.93,60.93,60.88,60.93,138000,60.82
20140213,60.90,60.92,60.89,60.92,135000,60.81
20140212,60.92,60.92,60.88,60.89,67800,60.78
20140211,60.90,60.92,60.88,60.91,162300,60.80
20140210,60.92,60.97,60.92,60.93,114100,60.82
20140207,60.96,60.97,60.94,60.94,64600,60.83
20140206,60.93,60.94,60.92,60.94,55300,60.83
20140205,60.97,60.97,60.93,60.96,129500,60.85
20140204,60.92,60.96,60.91,60.95,412400,60.84
20140203,60.91,60.98,60.91,60.94,70400,60.83
20140131,60.92,60.96,60.92,60.95,87400,60.83
20140130,60.94,60.94,60.88,60.90,344600,60.78
20140129,60.91,60.94,60.90,60.94,307500,60.82
20140128,60.87,60.90,60.86,60.88,221400,60.76
20140127,60.89,60.92,60.86,60.87,87500,60.75
20140124,60.89,60.91,60.86,60.87,62300,60.75
20140123,60.86,60.90,60.85,60.89,57200,60.77
20140122,60.83,60.85,60.81,60.85,137000,60.73
20140121,60.90,60.90,60.85,60.87,98100,60.75
20140117,60.84,60.86,60.82,60.82,37600,60.70
20140116,60.84,60.85,60.82,60.83,78500,60.71
20140115,60.82,60.84,60.79,60.79,51800,60.67
20140114,60.88,60.88,60.83,60.86,51100,60.74
20140113,60.84,60.89,60.84,60.88,57200,60.76
20140110,60.84,60.86,60.82,60.84,30200,60.72
20140109,60.76,60.79,60.76,60.77,25100,60.65
20140108,60.78,60.81,60.76,60.77,134000,60.65
20140107,60.83,60.86,60.80,60.81,183800,60.69
20140106,60.85,60.85,60.83,60.83,36200,60.71
20140103,60.87,60.87,60.82,60.83,23400,60.71
20140102,60.87,60.87,60.85,60.85,38700,60.73
20131231,60.85,60.88,60.82,60.88,55000,60.76
20131230,60.84,60.86,60.82,60.86,82500,60.74
20131227,60.82,60.84,60.79,60.83,69300,60.71
20131226,60.82,60.83,60.77,60.81,90400,60.69
20131224,60.78,60.84,60.78,60.80,49400,60.68
20131223,60.91,60.91,60.87,60.88,140700,60.70
20131220,60.93,60.93,60.88,60.90,34900,60.72
20131219,60.95,60.95,60.90,60.93,28300,60.75
20131218,60.96,60.99,60.92,60.99,66500,60.81
20131217,60.80,60.96,60.80,60.96,61800,60.78
20131216,60.96,60.97,60.92,60.97,36900,60.79
20131213,60.95,60.95,60.91,60.94,31900,60.76
20131212,60.91,60.94,60.90,60.94,31600,60.76
20131211,60.93,60.97,60.93,60.93,44100,60.75
20131210,60.97,60.98,60.92,60.97,22100,60.79
20131209,60.96,60.98,60.93,60.96,28200,60.78
20131206,60.95,60.96,60.92,60.95,73000,60.77
20131205,60.97,60.98,60.94,60.96,41700,60.78
20131204,60.96,60.97,60.95,60.97,46400,60.79
20131203,60.95,60.99,60.93,60.99,34600,60.81
20131202,60.91,60.99,60.91,60.95,89700,60.77
20131129,61.00,61.00,60.93,60.94,111900,60.76
20131127,61.01,61.02,60.97,60.98,39100,60.78
20131126,60.98,61.01,60.97,60.98,28400,60.78
20131125,61.03,61.03,60.96,60.97,38500,60.77
20131122,60.99,61.01,60.99,61.01,154100,60.81
20131121,61.04,61.04,60.98,60.99,82300,60.79
20131120,61.00,61.01,60.97,61.00,46100,60.80
20131119,60.96,60.99,60.96,60.96,43800,60.76
20131118,60.96,61.00,60.96,60.98,72300,60.78
20131115,61.03,61.03,60.98,60.99,27500,60.79
20131114,60.97,61.00,60.95,61.00,86900,60.80
20131113,60.90,60.99,60.90,60.99,42600,60.79
20131112,60.91,60.94,60.90,60.93,56500,60.73
20131111,60.82,60.97,60.82,60.97,131500,60.77
20131108,60.99,60.99,60.92,60.94,31800,60.74
20131107,60.98,61.00,60.95,60.95,15500,60.75
20131106,60.94,60.98,60.94,60.96,35500,60.76
20131105,60.95,60.95,60.91,60.92,68100,60.72
20131104,60.93,60.96,60.93,60.93,10000,60.73
20131101,60.99,60.99,60.91,60.92,115700,60.72
20131031,60.96,60.96,60.91,60.93,15500,60.73
20131030,60.89,60.97,60.89,60.95,21200,60.74
20131029,60.98,60.98,60.92,60.92,35600,60.71
20131028,61.45,61.45,60.92,60.92,45800,60.71
20131025,60.95,60.95,60.92,60.93,19200,60.72
20131024,60.95,60.95,60.91,60.92,43600,60.71
20131023,60.96,60.96,60.92,60.92,47600,60.71
20131022,60.98,60.98,60.93,60.95,33400,60.74
20131021,60.96,60.96,60.90,60.91,40800,60.70
20131018,60.88,60.92,60.88,60.90,23900,60.69
20131017,60.97,60.97,60.90,60.93,54100,60.72
20131016,60.90,60.94,60.85,60.94,53800,60.73
20131015,60.86,60.89,60.85,60.85,57800,60.64
20131014,60.81,60.90,60.81,60.85,25400,60.64
20131011,60.88,60.89,60.86,60.87,60400,60.66
20131010,60.84,60.88,60.84,60.86,29300,60.65
20131009,60.87,60.88,60.85,60.88,43200,60.67
20131008,60.87,60.87,60.82,60.83,12400,60.62
20131007,60.85,60.90,60.85,60.89,42300,60.68
20131004,60.91,60.91,60.88,60.88,80800,60.67
20131003,60.92,60.92,60.90,60.92,62500,60.71
20131002,60.88,60.90,60.88,60.89,25800,60.68
20131001,60.88,60.90,60.88,60.88,31400,60.67
20130930,60.90,60.92,60.88,60.90,139900,60.69
20130927,60.89,60.93,60.89,60.93,21400,60.71
20130926,60.91,60.92,60.88,60.91,40300,60.69
20130925,60.91,60.92,60.87,60.92,111800,60.70
20130924,60.89,60.90,60.87,60.87,185700,60.65
20130923,60.89,60.91,60.86,60.86,440900,60.64
20130920,60.89,60.89,60.85,60.88,16900,60.66
20130919,60.91,60.91,60.87,60.89,67800,60.67
20130918,60.82,60.89,60.78,60.89,16900,60.67
20130917,60.82,60.83,60.78,60.83,102000,60.61
20130916,60.82,60.82,60.78,60.78,56100,60.56
20130913,60.71,60.75,60.71,60.75,17200,60.53
20130912,60.75,60.76,60.71,60.71,19000,60.49
20130911,60.74,60.74,60.69,60.74,19000,60.52
20130910,60.72,60.72,60.69,60.70,17800,60.48
20130909,60.72,60.74,60.70,60.71,51900,60.49
20130906,60.72,60.73,60.68,60.71,27400,60.49
20130905,60.63,60.66,60.61,60.65,53300,60.43
20130904,60.74,60.75,60.68,60.70,23900,60.48
20130903,60.72,60.76,60.69,60.73,19600,60.51
20130830,60.80,60.80,60.73,60.77,216200,60.55
20130829,60.83,60.83,60.76,60.79,55400,60.55
20130828,60.81,60.81,60.78,60.79,17600,60.55
20130827,60.81,60.81,60.78,60.80,27000,60.56
20130826,60.75,60.80,60.75,60.80,31800,60.56
20130823,60.74,60.81,60.72,60.77,35100,60.53
20130822,60.79,60.82,60.69,60.77,49700,60.53
20130821,60.82,60.84,60.79,60.79,24300,60.55
20130820,60.80,60.83,60.80,60.80,52400,60.56
20130819,60.78,60.80,60.77,60.79,19300,60.55
20130816,60.84,60.86,60.79,60.83,128400,60.59
20130815,60.83,60.83,60.80,60.81,16000,60.57
20130814,60.82,60.85,60.82,60.85,44300,60.61
20130813,60.83,60.84,60.82,60.84,37500,60.60
20130812,60.84,60.87,60.84,60.86,39100,60.62
20130809,60.85,60.88,60.85,60.87,22000,60.63
20130808,60.88,60.89,60.85,60.89,28500,60.65
20130807,60.88,60.91,60.86,60.88,29400,60.64
20130806,60.88,60.88,60.84,60.87,49500,60.63
20130805,60.86,60.86,60.83,60.86,32500,60.62
20130802,60.81,60.87,60.81,60.84,109200,60.60
20130801,60.80,60.84,60.80,60.80,39000,60.56
20130731,60.76,60.88,60.76,60.86,44100,60.62
20130730,60.84,60.87,60.84,60.87,32900,60.62
20130729,60.85,60.88,60.84,60.86,18500,60.61
20130726,60.84,60.86,60.83,60.83,231600,60.58
20130725,60.81,60.85,60.81,60.85,24300,60.60
20130724,60.82,60.85,60.82,60.83,33600,60.58
20130723,60.85,60.85,60.83,60.85,42100,60.60
20130722,60.87,60.87,60.84,60.86,45600,60.61
20130719,60.86,60.86,60.84,60.85,30900,60.60
20130718,60.87,60.87,60.83,60.86,21900,60.61
20130717,60.85,60.86,60.83,60.85,13800,60.60
20130716,60.83,60.83,60.81,60.82,31300,60.57
20130715,60.82,60.83,60.79,60.83,156800,60.58
20130712,60.85,60.86,60.79,60.79,55900,60.54
20130711,60.84,60.84,60.80,60.82,43700,60.57
20130710,60.78,60.81,60.76,60.76,114100,60.51
20130709,60.79,60.79,60.75,60.77,37800,60.52
20130708,60.72,60.77,60.72,60.75,30100,60.50
20130705,60.74,60.75,60.72,60.74,109700,60.49
20130703,60.81,60.81,60.78,60.79,12200,60.54
20130702,60.76,60.80,60.76,60.79,14700,60.54
20130701,60.74,60.79,60.74,60.79,205200,60.54
20130628,60.77,60.82,60.75,60.82,41500,60.57
20130627,60.78,60.80,60.76,60.79,26200,60.53
20130626,60.73,60.75,60.73,60.75,14200,60.49
20130625,60.72,60.75,60.70,60.72,87200,60.46
20130624,60.63,60.73,60.63,60.72,41500,60.46
20130621,60.80,60.80,60.74,60.76,68100,60.50
20130620,60.82,60.83,60.79,60.81,46700,60.55
20130619,60.90,62.43,60.84,60.85,91400,60.59
20130618,60.88,60.89,60.86,60.86,47800,60.60
20130617,60.90,60.90,60.86,60.87,77700,60.61
20130614,60.88,60.93,60.85,60.85,317800,60.59
20130613,60.82,60.86,60.79,60.86,95700,60.60
20130612,60.80,60.82,60.79,60.81,25800,60.55
20130611,60.83,60.83,60.79,60.80,23300,60.54
20130610,60.82,60.83,60.80,60.82,25500,60.56
20130607,60.86,60.86,60.82,60.84,39500,60.58
20130606,60.86,60.87,60.83,60.87,67000,60.61
20130605,60.84,60.86,60.84,60.86,21000,60.60
20130604,60.86,60.86,60.84,60.85,47900,60.59
20130603,60.84,60.86,60.83,60.85,36500,60.59
20130531,60.83,60.85,60.81,60.84,43800,60.58
20130530,60.86,60.90,60.84,60.90,81200,60.63
20130529,60.83,60.85,60.83,60.84,13400,60.57
20130528,60.89,60.89,60.84,60.85,58300,60.58
20130524,60.89,60.90,60.87,60.90,8600,60.63
20130523,60.87,60.90,60.87,60.90,45500,60.63
20130522,60.89,60.92,60.89,60.90,33000,60.63
20130521,60.88,60.91,60.88,60.91,15900,60.64
20130520,60.91,60.91,60.89,60.91,19400,60.64
20130517,60.91,60.91,60.88,60.90,39000,60.63
20130516,60.89,60.92,60.89,60.91,58200,60.64
20130515,60.89,60.91,60.88,60.90,20000,60.63
20130514,60.89,60.91,60.88,60.90,28300,60.63
20130513,60.89,60.89,60.86,60.86,61800,60.59
20130510,60.92,60.92,60.88,60.88,41600,60.61
20130509,60.92,60.92,60.89,60.90,9800,60.63
20130508,60.92,60.92,60.89,60.89,88300,60.62
20130507,60.93,60.93,60.89,60.91,10300,60.64
20130506,60.93,60.93,60.89,60.91,15900,60.64
20130503,60.93,60.93,60.90,60.92,24600,60.65
20130502,60.95,60.95,60.92,60.92,17900,60.65
20130501,60.91,60.94,60.91,60.94,23500,60.67
20130430,60.91,60.94,60.91,60.91,29000,60.64
20130429,60.94,60.94,60.91,60.93,18000,60.64
20130426,60.92,60.93,60.91,60.93,13900,60.64
20130425,60.89,60.92,60.89,60.90,32700,60.61
20130424,60.90,60.92,60.90,60.90,65500,60.61
20130423,60.91,60.92,60.90,60.90,27300,60.61
20130422,60.90,60.93,60.90,60.90,297300,60.61
20130419,60.90,60.92,60.89,60.91,11900,60.62
20130418,60.92,60.93,60.90,60.90,19700,60.61
20130417,60.92,60.92,60.90,60.90,11800,60.61
20130416,60.90,60.92,60.90,60.92,54400,60.63
20130415,60.92,60.93,60.90,60.93,59300,60.64
20130412,60.90,60.93,60.90,60.91,29800,60.62
20130411,60.91,60.91,60.88,60.88,207100,60.59
20130410,60.92,60.92,60.89,60.90,26600,60.61
20130409,60.89,60.91,60.89,60.91,35300,60.62
20130408,60.92,60.92,60.89,60.90,65400,60.61
20130405,60.91,60.92,60.90,60.92,24900,60.63
20130404,60.89,60.92,60.89,60.92,57800,60.63
20130403,60.88,60.91,60.88,60.91,24400,60.62
20130402,60.87,60.89,60.87,60.89,9300,60.60
20130401,60.86,60.90,60.86,60.89,44200,60.60
20130328,60.93,60.93,60.88,60.88,50200,60.59
20130327,60.91,60.91,60.88,60.90,25400,60.60
20130326,60.92,60.92,60.87,60.89,17700,60.59
20130325,60.87,60.89,60.86,60.89,20800,60.59
20130322,60.90,60.90,60.87,60.89,9900,60.59
20130321,60.90,60.90,60.87,60.87,16500,60.57
20130320,60.87,60.90,60.87,60.90,18500,60.60
20130319,60.92,60.92,60.88,60.90,9500,60.60
20130318,60.90,60.90,60.87,60.88,12500,60.58
20130315,60.87,60.88,60.84,60.88,32100,60.58
20130314,60.87,60.88,60.85,60.88,5400,60.58
20130313,60.85,60.87,60.85,60.87,17300,60.57
20130312,60.88,60.88,60.86,60.88,46100,60.58
20130311,60.85,60.88,60.85,60.85,39100,60.55
20130308,60.84,60.87,60.84,60.86,13800,60.56
20130307,60.88,60.88,60.86,60.86,12900,60.56
20130306,60.89,60.89,60.87,60.88,15100,60.58
20130305,60.87,60.89,60.86,60.88,11800,60.58
20130304,60.90,60.90,60.87,60.90,18100,60.60
20130301,60.91,60.91,60.87,60.87,10700,60.57
20130228,60.88,60.90,60.88,60.88,23400,60.58
20130227,60.89,60.91,60.89,60.91,14100,60.60
20130226,60.88,60.91,60.88,60.88,53100,60.57
20130225,60.89,60.90,60.85,60.90,52500,60.59
20130222,60.85,60.89,60.85,60.89,38300,60.58
20130221,60.88,60.90,60.86,60.89,17000,60.58
20130220,60.85,60.88,60.84,60.86,34500,60.55
20130219,60.86,60.87,60.84,60.86,55700,60.55
20130215,60.85,60.86,60.84,60.84,112900,60.53
20130214,60.86,60.86,60.83,60.86,36100,60.55
20130213,60.83,60.86,60.83,60.84,9500,60.53
20130212,60.86,60.86,60.84,60.86,140900,60.55
20130211,60.89,60.89,60.85,60.85,34900,60.54
20130208,60.89,60.89,60.86,60.89,13400,60.58
20130207,60.86,60.88,60.86,60.86,12000,60.55
20130206,60.88,60.89,60.86,60.86,21800,60.55
20130205,60.87,60.87,60.84,60.86,14800,60.55
20130204,60.88,60.89,60.86,60.88,40100,60.57
20130201,60.86,60.88,60.85,60.87,39300,60.56
20130131,60.86,60.86,60.84,60.86,6400,60.55
20130130,60.84,60.86,60.84,60.86,11700,60.54
20130129,60.84,60.86,60.83,60.84,45300,60.52
20130128,60.84,60.85,60.82,60.85,137700,60.53
20130125,60.86,60.87,60.84,60.84,14700,60.52
20130124,60.87,60.89,60.87,60.87,9800,60.55
20130123,60.88,60.90,60.88,60.88,91000,60.55
20130122,60.85,60.89,60.85,60.87,24300,60.55
20130118,60.88,60.88,60.86,60.86,18800,60.54
20130117,60.84,60.88,60.84,60.85,21600,60.53
20130116,60.87,60.89,60.87,60.87,16600,60.55
20130115,60.87,60.90,60.87,60.89,42800,60.56
20130114,60.89,60.89,60.87,60.88,28400,60.55
20130111,60.86,60.89,60.86,60.89,9500,60.56
20130110,60.89,60.89,60.87,60.88,15400,60.55
20130109,60.86,60.89,60.86,60.87,27600,60.55
20130108,60.87,60.87,60.85,60.85,21100,60.53
20130107,60.87,60.87,60.85,60.85,126300,60.53
20130104,60.87,60.87,60.84,60.84,22600,60.52
20130103,60.85,60.87,60.85,60.86,35800,60.54
20130102,60.85,60.88,60.85,60.88,132200,60.55
20121231,60.89,60.90,60.85,60.89,41900,60.56
20121228,60.88,60.89,60.85,60.89,11400,60.56
20121227,60.87,60.87,60.84,60.87,18700,60.55
20121226,60.86,60.86,60.83,60.84,34800,60.52
20121224,60.86,60.86,60.83,60.85,10000,60.53
20121221,60.99,60.99,60.95,60.96,19400,60.53
20121220,60.96,60.96,60.93,60.93,10800,60.50
20121219,60.96,60.96,60.93,60.95,38300,60.52
20121218,60.95,60.97,60.92,60.95,114800,60.52
20121217,61.01,61.01,60.95,60.95,105300,60.52
20121214,60.99,61.00,60.97,60.97,133100,60.54
20121213,60.99,60.99,60.96,60.99,91700,60.56
20121212,60.97,61.00,60.96,60.96,53800,60.53
20121211,60.99,60.99,60.96,60.97,36200,60.54
20121210,60.97,61.00,60.97,60.98,12700,60.55
20121207,60.95,61.00,60.95,60.96,101400,60.53
20121206,60.99,60.99,60.96,60.99,234000,60.56
20121205,60.96,60.99,60.96,60.96,190900,60.53
20121204,60.99,60.99,60.96,60.98,117000,60.55
20121203,60.94,60.98,60.94,60.98,19100,60.55
20121130,60.97,60.98,60.95,60.98,11200,60.55
20121129,60.96,60.99,60.96,60.97,7800,60.52
20121128,60.98,60.99,60.96,60.96,9200,60.51
20121127,60.96,60.97,60.94,60.97,180100,60.52
20121126,60.96,60.96,60.94,60.96,25400,60.51
20121123,60.94,60.96,60.94,60.96,1100,60.51
20121121,60.95,60.95,60.94,60.94,13000,60.49
20121120,60.98,60.98,60.95,60.95,17300,60.50
20121119,60.97,60.99,60.97,60.97,50200,60.52
20121116,60.99,60.99,60.97,60.98,10500,60.53
20121115,60.98,60.99,60.97,60.98,39300,60.53
20121114,60.96,60.99,60.96,60.97,79200,60.52
20121113,60.97,60.99,60.97,60.99,2200,60.54
20121112,60.98,60.98,60.95,60.98,7200,60.53
20121109,60.94,60.97,60.94,60.97,14100,60.52
20121108,60.94,60.97,60.94,60.97,18600,60.52
20121107,60.95,60.97,60.95,60.97,13400,60.52
20121106,60.95,60.95,60.90,60.90,5100,60.45
20121105,60.96,60.96,60.93,60.94,47200,60.49
20121102,60.93,60.94,60.91,60.93,31700,60.48
20121101,60.96,60.96,60.94,60.96,28000,60.50
20121031,60.93,60.95,60.91,60.95,31400,60.49
20121026,60.93,60.93,60.90,60.91,5800,60.45
20121025,60.92,60.92,60.90,60.92,3600,60.46
20121024,60.91,60.94,60.91,60.94,18700,60.48
20121023,60.93,60.94,60.91,60.93,9000,60.47
20121022,60.92,60.93,60.91,60.93,41800,60.47
20121019,60.89,60.93,60.89,60.93,42600,60.47
20121018,60.93,60.93,60.90,60.91,20900,60.45
20121017,60.92,60.95,60.91,60.91,8000,60.45
20121016,60.97,60.97,60.93,60.93,19800,60.47
20121015,60.98,60.98,60.95,60.96,27900,60.50
20121012,60.96,60.98,60.96,60.97,93400,60.51
20121011,60.93,60.96,60.93,60.96,11100,60.50
20121010,60.93,60.96,60.93,60.96,20200,60.50
20121009,60.96,60.96,60.94,60.96,62200,60.50
20121008,60.88,61.01,60.88,60.99,26700,60.53
20121005,60.97,60.97,60.95,60.95,9700,60.49
20121004,60.99,60.99,60.97,60.97,28200,60.51
20121003,60.98,61.00,60.98,61.00,9400,60.54
20121002,60.99,61.00,60.96,60.99,11600,60.53
20121001,60.96,60.99,60.96,60.99,44300,60.53
20120928,60.97,60.99,60.97,60.99,14600,60.53
20120927,60.95,60.99,60.95,60.99,15700,60.51
20120926,60.97,60.98,60.97,60.98,21800,60.50
20120925,60.98,60.98,60.95,60.98,30000,60.50
20120924,61.00,61.00,60.96,60.96,295800,60.48
20120921,60.92,60.98,60.92,60.97,245400,60.49
20120920,60.95,60.96,60.95,60.96,20600,60.48
20120919,60.94,60.98,60.94,60.96,13400,60.48
20120918,61.00,61.00,60.96,60.98,14500,60.50
20120917,60.95,60.99,60.95,60.99,22600,60.51
20120914,61.00,61.00,60.96,60.96,12300,60.48
20120913,61.01,61.02,60.97,61.00,10400,60.52
20120912,60.99,61.00,60.97,60.97,19900,60.49
20120911,60.99,60.99,60.96,60.99,12300,60.51
20120910,60.99,60.99,60.95,60.96,19900,60.48
20120907,61.00,61.00,60.95,60.95,74800,60.47
20120906,60.99,60.99,60.95,60.98,32700,60.50
20120905,60.98,61.01,60.98,61.01,11600,60.53
20120904,61.03,61.03,60.98,61.02,23800,60.54
20120831,61.08,61.08,60.97,61.03,17700,60.55
20120830,61.00,61.01,60.97,61.01,9500,60.51
20120829,60.95,60.99,60.95,60.99,6500,60.49
20120828,60.98,60.99,60.94,60.99,13800,60.49
20120827,60.99,60.99,60.94,60.98,27400,60.48
20120824,60.96,60.99,60.96,60.97,14400,60.47
20120823,60.96,60.99,60.96,60.97,8500,60.47
20120822,60.95,60.99,60.94,60.99,4500,60.49
20120821,60.96,60.96,60.92,60.92,41300,60.42
20120820,60.93,60.95,60.93,60.95,11900,60.45
20120817,60.95,60.95,60.91,60.95,45300,60.45
20120816,60.95,60.95,60.92,60.92,10300,60.42
20120815,60.91,60.95,60.91,60.93,47600,60.43
20120814,60.95,60.96,60.93,60.96,12900,60.46
20120813,60.93,60.98,60.93,60.98,22600,60.48
20120810,60.95,60.98,60.93,60.97,10800,60.47
20120809,60.95,60.96,60.93,60.94,8900,60.44
20120808,60.96,60.96,60.93,60.95,35700,60.45
20120807,60.96,60.97,60.95,60.97,28200,60.47
20120806,60.97,61.00,60.96,60.97,6300,60.47
20120803,60.96,61.00,60.96,60.97,12400,60.47
20120802,60.97,61.00,60.97,60.97,38100,60.47
20120801,60.98,61.00,60.98,60.99,11000,60.49
20120731,60.98,61.00,60.98,60.98,18700,60.48
20120730,61.01,61.01,60.97,61.00,12800,60.48
20120727,60.98,61.01,60.96,60.98,8400,60.46
20120726,60.99,61.03,60.99,61.00,16300,60.48
20120725,61.04,61.04,60.98,61.00,29700,60.48
20120724,61.03,61.04,61.00,61.04,32200,60.52
20120723,61.04,61.04,61.02,61.04,18100,60.52
20120720,61.03,61.04,61.01,61.02,11100,60.50
20120719,61.03,61.03,60.99,61.02,11400,60.50
20120718,61.00,61.01,60.98,60.99,26800,60.47
20120717,60.99,61.01,60.97,60.97,17100,60.45
20120716,60.97,61.08,60.97,61.06,47400,60.54
20120713,60.94,60.96,60.94,60.96,10300,60.44
20120712,60.93,60.96,60.93,60.93,47600,60.41
20120711,60.93,60.98,60.93,60.95,4000,60.43
20120710,60.93,60.96,60.93,60.94,7700,60.42
20120709,60.98,60.98,60.93,60.97,19900,60.45
20120706,60.96,60.96,60.92,60.93,29100,60.41
20120705,60.93,60.93,60.90,60.92,27400,60.40
20120703,60.94,60.94,60.89,60.89,8000,60.37
20120702,60.84,60.92,60.84,60.90,32300,60.38
20120629,60.88,60.91,60.88,60.91,14200,60.39
20120628,60.91,60.94,60.91,60.93,4100,60.40
20120627,60.91,60.93,60.90,60.90,9900,60.37
20120626,60.94,60.94,60.90,60.91,17100,60.38
20120625,60.94,60.94,60.91,60.91,23500,60.38
20120622,60.90,60.94,60.90,60.93,8400,60.40
20120621,60.95,60.96,60.90,60.90,10100,60.37
20120620,60.93,60.97,60.90,60.94,23400,60.41
20120619,60.94,61.03,60.92,60.95,40100,60.42
20120618,60.91,60.95,60.91,60.93,18100,60.40
20120615,60.91,60.95,60.91,60.95,27800,60.42
20120614,60.93,60.93,60.89,60.90,5400,60.37
20120613,60.90,60.93,60.90,60.90,28300,60.37
20120612,60.96,60.96,60.92,60.93,37600,60.40
20120611,60.97,60.97,60.94,60.96,18100,60.42
20120608,60.96,61.08,60.91,60.97,80800,60.43
20120607,60.95,60.98,60.93,60.94,43900,60.41
20120606,61.46,61.46,60.94,60.95,36600,60.42
20120605,60.99,61.00,60.96,60.99,36500,60.45
20120604,60.98,60.99,60.96,60.99,18600,60.45
20120601,60.98,61.26,60.95,60.98,42900,60.44
20120531,60.96,60.97,60.94,60.96,28000,60.42
20120530,60.93,60.98,60.93,60.96,22600,60.40
20120529,60.92,60.95,60.92,60.94,3800,60.38
20120525,60.91,60.98,60.89,60.96,25600,60.40
20120524,60.91,60.94,60.91,60.94,18800,60.38
20120523,60.96,60.96,60.93,60.95,14800,60.39
20120522,60.95,60.95,60.91,60.94,36100,60.38
20120521,60.95,60.95,60.92,60.94,11400,60.38
20120518,60.93,60.96,60.91,60.92,35000,60.36
20120517,60.95,60.99,60.92,60.95,69100,60.39
20120516,60.94,60.96,60.91,60.94,26000,60.38
20120515,60.93,60.95,60.93,60.95,10900,60.39
20120514,60.96,60.96,60.93,60.96,8700,60.40
20120511,60.96,60.97,60.93,60.97,13700,60.41
20120510,60.94,60.97,60.94,60.97,8000,60.41
20120509,60.94,60.97,60.94,60.94,12000,60.38
20120508,60.94,60.97,60.94,60.95,11700,60.39
20120507,60.94,60.97,60.94,60.97,11900,60.41
20120504,60.97,60.97,60.94,60.95,11300,60.39
20120503,60.93,60.95,60.93,60.95,9800,60.39
20120502,60.96,60.96,60.92,60.95,19000,60.39
20120501,60.92,60.95,60.90,60.90,25000,60.34
20120430,60.92,60.96,60.92,60.96,8200,60.40
20120427,60.97,60.97,60.95,60.95,7000,60.37
20120426,60.98,60.98,60.94,60.95,36800,60.37
20120425,60.93,60.98,60.93,60.94,22000,60.36
20120424,60.97,60.97,60.95,60.97,12600,60.39
20120423,61.02,61.02,60.95,60.98,23200,60.40
20120420,60.96,60.96,60.93,60.94,12900,60.36
20120419,60.92,60.97,60.92,60.95,28800,60.37
20120418,60.94,60.94,60.91,60.92,7200,60.34
20120417,60.94,60.94,60.90,60.91,9800,60.33
20120416,60.95,60.95,60.91,60.95,8800,60.37
20120413,60.93,60.94,60.91,60.93,3100,60.35
20120412,60.91,60.94,60.89,60.90,19600,60.32
20120411,60.92,60.93,60.89,60.90,32300,60.32
20120410,60.90,60.92,60.88,60.90,8400,60.32
20120409,60.91,60.91,60.86,60.87,15900,60.29
20120405,60.90,60.90,60.83,60.87,7900,60.29
20120404,60.85,60.85,60.82,60.84,48100,60.26
20120403,60.84,60.87,60.80,60.80,10100,60.22
20120402,60.87,60.87,60.83,60.83,12100,60.25
20120330,60.82,60.87,60.82,60.86,9800,60.28
20120329,60.85,60.88,60.85,60.88,10000,60.28
20120328,60.84,60.88,60.83,60.87,10700,60.27
20120327,60.82,60.89,60.82,60.85,15300,60.25
20120326,60.82,60.85,60.81,60.82,14300,60.22
20120323,60.80,60.85,60.80,60.82,13400,60.22
20120322,60.80,60.82,60.79,60.82,9800,60.22
20120321,60.80,60.82,60.78,60.78,14100,60.18
20120320,60.79,60.81,60.75,60.78,7200,60.18
20120319,60.82,60.82,60.78,60.79,7100,60.19
20120316,60.76,60.83,60.76,60.82,46100,60.22
20120315,60.77,60.83,60.77,60.79,4600,60.19
20120314,60.79,60.79,60.77,60.79,13400,60.19
20120313,60.84,60.87,60.83,60.84,13800,60.24
20120312,60.89,60.89,60.86,60.88,8100,60.28
20120309,60.87,60.89,60.87,60.89,6200,60.29
20120308,60.90,60.91,60.87,60.88,15600,60.28
20120307,60.90,60.92,60.88,60.90,7600,60.30
20120306,60.93,60.93,60.89,60.91,15700,60.31
20120305,60.90,60.93,60.89,60.90,20900,60.30
20120302,60.92,60.94,60.90,60.90,10900,60.30
20120301,60.88,60.92,60.87,60.92,6300,60.32
20120229,60.92,60.97,60.86,60.92,47800,60.32
20120228,60.88,60.93,60.88,60.90,26900,60.28
20120227,60.86,60.95,60.86,60.88,38600,60.26
20120224,60.87,60.90,60.85,60.86,20800,60.24
20120223,60.90,60.92,60.86,60.90,28600,60.28
20120222,60.90,60.92,60.87,60.91,7200,60.29
20120221,60.83,60.91,60.83,60.87,9300,60.25
20120217,60.86,60.91,60.86,60.91,14200,60.29
20120216,60.87,60.93,60.86,60.87,12800,60.25
20120215,60.86,60.89,60.86,60.87,15900,60.25
20120214,60.91,60.92,60.87,60.88,14800,60.26
20120213,60.80,60.91,60.80,60.87,33900,60.25
20120210,60.96,60.96,60.87,60.95,68700,60.33
20120209,60.91,60.97,60.89,60.96,10600,60.34
20120208,60.96,60.98,60.90,60.94,35400,60.32
20120207,60.97,61.01,60.97,60.98,43600,60.36
20120206,61.01,61.02,60.94,60.97,18500,60.35
20120203,60.99,61.00,60.93,60.94,12400,60.32
20120202,61.02,61.03,60.95,61.00,13600,60.38
20120201,60.95,61.07,60.94,61.04,152500,60.42
20120131,60.97,61.05,60.94,60.97,32800,60.35
20120130,61.01,61.09,60.96,60.97,33900,60.33
20120127,61.10,61.11,61.00,61.03,17100,60.39
20120126,61.11,61.11,61.01,61.06,16000,60.42
20120125,60.93,61.04,60.93,60.98,10900,60.34
20120124,60.93,60.99,60.93,60.94,16100,60.30
20120123,60.92,61.02,60.92,61.01,14800,60.37
20120120,60.94,60.98,60.93,60.93,15400,60.29
20120119,61.04,61.04,60.93,60.95,15200,60.31
20120118,61.00,61.01,60.96,61.00,12700,60.36
20120117,61.00,61.03,60.94,61.03,19000,60.39
20120113,61.00,61.00,60.93,60.93,16000,60.29
20120112,60.97,61.04,60.94,60.94,68300,60.30
20120111,60.80,61.02,60.80,61.02,23000,60.38
20120110,60.91,60.99,60.91,60.98,17900,60.34
20120109,60.92,60.97,60.88,60.92,35400,60.28
20120106,60.91,60.95,60.89,60.91,12800,60.27
20120105,61.00,61.00,60.88,60.92,30500,60.28
20120104,60.95,60.95,60.90,60.95,8600,60.31
20120103,61.08,61.08,60.88,60.89,108400,60.25
20111230,60.94,61.01,60.89,60.98,28500,60.34
20111229,60.87,60.94,60.87,60.88,34300,60.24
20111228,60.86,60.94,60.86,60.92,22800,60.28
20111227,60.91,60.93,60.85,60.86,7400,60.22
20111223,60.86,60.94,60.85,60.92,19200,60.28
20111222,60.99,61.06,60.99,61.06,11800,60.29
20111221,61.00,61.09,61.00,61.08,8300,60.31
20111220,61.00,61.07,61.00,61.02,21500,60.25
20111219,61.05,61.10,61.05,61.09,5700,60.32
20111216,61.11,61.11,61.03,61.09,32400,60.32
20111215,61.08,61.09,61.02,61.05,22000,60.28
20111214,61.17,61.17,61.07,61.11,33300,60.34
20111213,61.08,61.14,61.01,61.12,48900,60.35
20111212,61.11,61.12,61.07,61.12,8300,60.35
20111209,61.13,61.13,61.06,61.06,8600,60.29
20111208,61.12,61.12,61.06,61.06,17900,60.29
20111207,61.00,61.10,61.00,61.09,23200,60.32
20111206,60.96,61.06,60.96,61.02,22100,60.25
20111205,61.04,61.07,61.02,61.07,13900,60.30
20111202,61.09,61.09,61.04,61.08,34500,60.31
20111201,61.11,61.11,61.04,61.08,94600,60.31
20111130,61.08,61.08,61.04,61.08,10500,60.31
20111129,61.04,61.08,61.04,61.08,18200,60.28
20111128,61.05,61.05,60.98,61.04,21200,60.24
20111125,61.03,61.07,61.03,61.06,3300,60.26
20111123,61.09,61.09,61.05,61.06,4600,60.26
20111122,61.03,61.08,61.03,61.03,19100,60.23
20111121,61.05,61.05,61.03,61.03,34300,60.23
20111118,61.00,61.05,60.99,61.02,11100,60.23
20111117,61.02,61.06,61.00,61.01,22100,60.22
20111116,61.10,61.10,61.05,61.09,20800,60.29
20111115,61.11,61.11,61.05,61.11,18400,60.31
20111114,61.12,61.12,61.04,61.06,12600,60.26
20111111,61.00,61.09,61.00,61.04,8100,60.24
20111110,61.10,61.12,61.07,61.08,2700,60.28
20111109,61.14,61.14,61.10,61.12,41700,60.32
20111108,61.09,61.11,61.09,61.11,11100,60.31
20111107,61.11,61.13,61.09,61.13,18800,60.33
20111104,61.06,61.11,61.06,61.11,7500,60.31
20111103,61.11,61.14,61.07,61.12,42200,60.32
20111102,61.10,61.11,61.04,61.04,25700,60.24
20111101,61.05,61.13,61.05,61.13,28800,60.33
20111031,60.89,61.07,60.89,61.07,34600,60.27
20111028,61.00,61.01,60.95,61.01,31200,60.19
20111027,61.04,61.06,60.99,61.02,28700,60.20
20111026,61.02,61.08,61.01,61.02,13400,60.20
20111025,61.02,61.07,61.02,61.07,22500,60.25
20111024,61.05,61.05,61.00,61.05,14700,60.23
20111021,61.09,61.09,61.02,61.04,42400,60.22
20111020,61.09,61.09,61.03,61.08,10400,60.26
20111019,61.09,61.09,61.06,61.08,5800,60.26
20111018,61.06,61.08,61.05,61.08,22300,60.26
20111017,61.07,61.07,60.97,61.06,21600,60.24
20111014,61.05,61.07,61.03,61.06,15900,60.24
20111013,61.04,61.06,61.00,61.04,9400,60.22
20111012,60.97,61.03,60.92,61.00,57200,60.18
20111011,61.00,61.00,60.90,60.93,34100,60.11
20111010,61.03,61.03,60.84,60.94,54400,60.12
20111007,60.99,61.03,60.95,60.96,13800,60.14
20111006,61.01,61.07,60.96,60.97,16700,60.15
20111005,60.99,61.07,60.98,61.06,33800,60.24
20111004,60.97,61.09,60.97,61.07,19700,60.25
20111003,61.09,61.12,60.99,61.12,198000,60.30
20110930,61.09,61.09,61.04,61.08,4000,60.26
20110929,61.08,61.11,60.99,61.11,36100,60.26
20110928,61.12,61.12,61.03,61.08,19500,60.23
20110927,61.07,61.07,61.00,61.02,12100,60.17
20110926,61.24,61.24,61.03,61.07,249200,60.22
20110923,61.25,61.25,61.15,61.18,80800,60.33
20110922,61.27,61.27,61.15,61.20,61100,60.35
20110921,61.23,61.35,61.17,61.22,8900,60.37
20110920,61.16,61.22,61.15,61.21,4600,60.36
20110919,61.21,61.23,61.16,61.23,23800,60.38
20110916,61.13,61.20,61.13,61.19,22100,60.34
20110915,61.13,61.19,61.13,61.19,29200,60.34
20110914,61.19,61.20,61.13,61.13,30200,60.28
20110913,61.20,61.20,61.14,61.19,37100,60.34
20110912,61.21,61.21,61.13,61.15,15700,60.30
20110909,61.15,61.21,61.15,61.21,9700,60.36
20110908,61.20,61.20,61.13,61.15,3600,60.30
20110907,61.19,61.21,61.09,61.20,53100,60.35
20110906,61.19,61.20,61.12,61.19,23400,60.34
20110902,61.21,61.21,61.12,61.20,19000,60.35
20110901,61.19,61.23,61.15,61.22,13100,60.37
20110831,61.18,61.21,61.11,61.20,7800,60.35
20110830,61.24,61.24,61.09,61.13,50500,60.25
20110829,61.07,61.20,61.07,61.15,22800,60.27
20110826,61.23,61.24,61.15,61.23,38800,60.35
20110825,61.14,61.23,61.12,61.23,23700,60.35
20110824,61.12,61.24,61.11,61.17,41700,60.29
20110823,61.20,61.21,61.13,61.13,43000,60.25
20110822,61.13,61.22,61.13,61.22,39000,60.34
20110819,61.22,61.22,61.13,61.22,9400,60.34
20110818,61.21,61.24,61.14,61.22,63100,60.34
20110817,61.18,61.18,61.13,61.14,10500,60.26
20110816,61.23,61.23,61.13,61.13,18400,60.25
20110815,61.20,61.22,61.08,61.21,18900,60.33
20110812,61.22,61.24,61.13,61.24,20300,60.36
20110811,61.15,61.24,61.15,61.15,18900,60.27
20110810,61.18,61.24,61.10,61.22,39400,60.34
20110809,61.12,61.13,61.01,61.12,32000,60.24
20110808,61.10,61.18,61.05,61.07,57700,60.19
20110805,61.02,61.11,60.99,61.11,48700,60.23
20110804,61.04,61.15,61.04,61.15,57200,60.27
20110803,61.05,61.06,60.99,61.04,32000,60.16
20110802,61.00,61.04,60.99,61.04,14400,60.16
20110801,61.02,61.02,60.95,60.98,17600,60.10
20110729,60.93,60.99,60.93,60.99,25800,60.11
20110728,60.90,60.94,60.90,60.94,5600,60.03
20110727,60.86,60.93,60.86,60.89,34300,59.98
20110726,60.90,60.96,60.90,60.93,16200,60.02
20110725,60.95,60.97,60.91,60.96,10400,60.05
20110722,60.95,60.97,60.94,60.97,8200,60.06
20110721,60.99,60.99,60.92,60.94,33000,60.03
20110720,61.00,61.55,60.94,60.95,27500,60.04
20110719,61.00,61.02,60.94,60.97,27400,60.06
20110718,60.99,60.99,60.95,60.97,7900,60.06
20110715,60.97,60.97,60.94,60.97,6200,60.06
20110714,60.96,60.98,60.93,60.98,10800,60.07
20110713,60.96,60.96,60.93,60.96,11100,60.05
20110712,60.96,60.97,60.93,60.95,18300,60.04
20110711,60.92,60.97,60.92,60.93,5400,60.02
20110708,60.87,60.94,60.87,60.92,4800,60.01
20110707,60.89,60.89,60.81,60.85,16100,59.94
20110706,60.98,60.98,60.85,60.93,19300,60.02
20110705,60.87,60.93,60.82,60.93,48500,60.02
20110701,60.86,60.88,60.78,60.88,15200,59.97
20110630,60.83,60.91,60.80,60.87,79700,59.96
20110629,60.93,60.93,60.84,60.89,40400,59.95
20110628,60.98,60.99,60.90,60.93,41100,59.99
20110627,61.03,61.04,60.98,61.00,59700,60.06
20110624,61.04,61.06,60.98,61.02,27700,60.08
20110623,61.03,61.06,61.03,61.05,84100,60.11
20110622,61.02,61.02,60.97,61.01,24400,60.07
20110621,60.99,61.00,60.97,61.00,7500,60.06
20110620,61.00,61.00,60.96,60.99,18100,60.05
20110617,60.99,60.99,60.94,60.95,8300,60.01
20110616,61.00,61.00,60.95,60.98,50600,60.04
20110615,60.92,60.99,60.92,60.99,6900,60.05
20110614,60.86,60.93,60.86,60.92,18900,59.98
20110613,60.92,60.95,60.91,60.94,32100,60.00
20110610,60.92,60.97,60.92,60.93,12800,59.99
20110609,60.98,60.98,60.91,60.95,10300,60.01
20110608,60.99,61.00,60.97,60.99,8400,60.05
20110607,60.94,60.96,60.92,60.95,16800,60.01
20110606,60.92,60.94,60.90,60.94,8200,60.00
20110603,60.95,60.95,60.91,60.93,15700,59.99
20110602,60.92,60.93,60.88,60.89,21400,59.95
20110601,60.90,60.94,60.87,60.90,5100,59.96
20110531,60.80,60.96,60.80,60.90,30500,59.96
20110527,60.91,60.97,60.91,60.93,7000,59.96
20110526,60.89,60.91,60.87,60.91,4200,59.94
20110525,60.81,60.86,60.81,60.83,21000,59.86
20110524,60.83,60.83,60.77,60.82,12000,59.85
20110523,60.86,60.86,60.82,60.85,9000,59.88
20110520,60.83,60.83,60.79,60.83,9400,59.86
20110519,60.77,60.79,60.77,60.79,8800,59.82
20110518,60.76,60.83,60.76,60.80,10800,59.83
20110517,60.90,60.90,60.79,60.82,10400,59.85
20110516,60.78,60.89,60.77,60.82,8900,59.85
20110513,60.76,60.78,60.76,60.78,4600,59.81
20110512,60.76,60.78,60.76,60.77,4200,59.80
20110511,60.81,60.81,60.72,60.76,26600,59.79
20110510,60.73,60.78,60.73,60.74,16100,59.77
20110509,60.78,60.80,60.77,60.78,2800,59.81
20110506,60.75,60.76,60.74,60.76,9400,59.79
20110505,60.72,60.76,60.71,60.75,89600,59.78
20110504,60.67,60.71,60.67,60.69,15000,59.72
20110503,60.76,60.76,60.68,60.68,13100,59.71
20110502,60.76,60.76,60.67,60.70,8700,59.73
20110429,60.64,60.70,60.64,60.66,8800,59.69
20110428,60.71,60.74,60.70,60.70,22100,59.70
20110427,60.70,60.71,60.62,60.68,11000,59.68
20110426,60.66,60.72,60.66,60.69,4200,59.69
20110425,60.73,60.73,60.62,60.67,39500,59.67
20110421,60.58,60.70,60.58,60.69,21300,59.69
20110420,60.66,60.66,60.61,60.65,10500,59.65
20110419,60.58,60.65,60.58,60.64,15600,59.64
20110418,60.66,60.66,60.61,60.64,18000,59.64
20110415,60.58,60.60,60.57,60.60,235600,59.60
20110414,60.66,60.66,60.56,60.59,20100,59.59
20110413,60.60,60.62,60.54,60.62,7200,59.62
20110412,60.47,60.60,60.47,60.60,22900,59.60
20110411,60.55,60.55,60.48,60.52,7700,59.52
20110408,60.45,60.51,60.45,60.51,3300,59.51
20110407,60.52,60.54,60.46,60.47,23200,59.47
20110406,60.50,60.50,60.47,60.47,8700,59.47
20110405,60.57,60.57,60.46,60.51,3500,59.51
20110404,60.58,60.58,60.46,60.55,13000,59.55
20110401,60.43,60.52,60.43,60.51,36900,59.51
20110331,60.51,60.52,60.45,60.50,26400,59.50
20110330,60.51,60.52,60.45,60.52,3700,59.49
20110329,60.53,60.53,60.50,60.53,4300,59.50
20110328,60.57,60.57,60.44,60.45,11200,59.42
20110325,60.63,60.63,60.53,60.57,66100,59.54
20110324,60.62,60.65,60.61,60.61,4100,59.58
20110323,60.55,60.62,60.55,60.62,13600,59.59
20110322,60.60,60.61,60.52,60.54,23700,59.51
20110321,60.65,60.65,60.58,60.64,3700,59.61
20110318,60.67,60.68,60.65,60.67,5000,59.64
20110317,60.70,60.71,60.59,60.70,9400,59.67
20110316,60.74,60.74,60.60,60.70,26400,59.67
20110315,60.77,60.77,60.68,60.68,19400,59.65
20110314,60.72,60.72,60.63,60.63,16100,59.60
20110311,60.68,60.68,60.60,60.61,10100,59.58
20110310,60.62,60.63,60.59,60.63,4700,59.60
20110309,60.61,60.62,60.58,60.60,5800,59.57
20110308,60.56,60.56,60.49,60.55,15400,59.52
20110307,60.49,60.59,60.49,60.58,8300,59.55
20110304,60.54,60.61,60.48,60.60,19800,59.57
20110303,60.52,60.52,60.44,60.46,4700,59.43
20110302,60.62,60.63,60.53,60.59,7100,59.56
20110301,60.50,60.62,60.50,60.57,7800,59.54
20110228,60.57,60.60,60.52,60.60,28600,59.57
20110225,60.55,60.57,60.51,60.57,11500,59.51
20110224,60.55,60.57,60.53,60.55,9800,59.49
20110223,60.55,60.58,60.49,60.53,5800,59.47
20110222,60.50,60.55,60.45,60.52,10000,59.46
20110218,60.45,60.48,60.39,60.45,20200,59.39
20110217,60.44,60.47,60.39,60.47,45800,59.41
20110216,60.39,60.43,60.36,60.43,22600,59.37
20110215,60.36,60.40,60.34,60.36,9200,59.30
20110214,60.37,60.39,60.34,60.35,4700,59.29
20110211,60.33,60.40,60.33,60.39,15200,59.33
20110210,60.37,60.41,60.32,60.32,6900,59.26
20110209,60.31,60.40,60.31,60.40,24500,59.34
20110208,60.43,60.43,60.30,60.32,64400,59.26
20110207,60.32,60.44,60.32,60.44,21000,59.38
20110204,60.48,60.48,60.39,60.40,4300,59.34
20110203,60.50,60.51,60.44,60.49,7300,59.43
20110202,60.61,60.61,60.52,60.55,12200,59.49
20110201,60.64,60.64,60.55,60.62,26900,59.56
20110131,60.71,60.71,60.64,60.66,6800,59.60
20110128,60.67,60.67,60.58,60.65,72500,59.55
20110127,60.67,60.67,60.58,60.61,8600,59.52
20110126,60.62,60.63,60.55,60.56,15100,59.47
20110125,60.62,60.65,60.55,60.64,4700,59.54
20110124,60.58,60.62,60.52,60.61,40600,59.52
20110121,60.60,60.61,60.57,60.61,11600,59.52
20110120,60.63,60.63,60.55,60.55,16300,59.46
20110119,60.58,60.66,60.57,60.65,12000,59.55
20110118,60.56,60.63,60.55,60.56,21500,59.47
20110114,60.59,60.65,60.56,60.63,8100,59.53
20110113,60.63,60.63,60.55,60.56,14100,59.47
20110112,60.51,60.61,60.51,60.55,24700,59.46
20110111,60.66,60.66,60.57,60.63,5500,59.53
20110110,60.63,60.65,60.56,60.64,23800,59.54
20110107,60.57,60.62,60.54,60.60,11400,59.51
20110106,60.52,60.54,60.44,60.52,4300,59.43
20110105,60.43,60.52,60.43,60.44,15300,59.35
20110104,60.57,60.61,60.56,60.58,6300,59.49
20110103,60.59,60.60,60.52,60.55,16200,59.46
20101231,60.57,60.59,60.53,60.56,15300,59.47
20101230,60.56,60.57,60.46,60.48,41900,59.39
20101229,60.45,60.51,60.43,60.50,18600,59.41
20101228,60.60,60.60,60.38,60.40,21500,59.31
20101227,60.48,60.49,60.35,60.49,20000,59.40
20101223,60.55,60.56,60.51,60.56,11000,59.41
20101222,60.61,60.61,60.53,60.57,9900,59.42
20101221,60.62,60.63,60.55,60.60,24900,59.45
20101220,60.63,60.63,60.55,60.55,52800,59.40
20101217,60.50,60.62,60.49,60.58,15400,59.43
20101216,60.45,60.54,60.44,60.54,5600,59.39
20101215,60.57,60.57,60.45,60.51,6600,59.36
20101214,60.52,60.58,60.50,60.53,13600,59.38
20101213,60.57,60.60,60.50,60.59,20500,59.44
20101210,60.58,60.59,60.51,60.51,12000,59.36
20101209,60.66,60.66,60.57,60.60,11500,59.45
20101208,60.54,60.62,60.54,60.59,31900,59.44
20101207,60.73,60.76,60.66,60.67,17700,59.52
20101206,60.79,60.81,60.72,60.80,19700,59.65
20101203,60.71,60.74,60.70,60.72,2100,59.57
20101202,60.63,60.70,60.63,60.67,170200,59.52
20101201,60.66,60.71,60.62,60.67,58000,59.52
20101130,60.71,60.79,60.71,60.76,234900,59.61
20101129,60.68,60.73,60.68,60.72,29700,59.53
20101126,60.69,60.71,60.69,60.71,2500,59.52
20101124,60.70,60.71,60.68,60.69,4300,59.50
20101123,60.78,60.80,60.76,60.78,16600,59.59
20101122,60.65,60.75,60.65,60.75,2500,59.56
20101119,60.66,60.75,60.65,60.70,20900,59.51
20101118,60.66,60.73,60.66,60.69,7900,59.50
20101117,60.76,60.76,60.71,60.71,3800,59.52
20101116,60.73,60.73,60.63,60.72,7900,59.53
20101115,60.64,60.73,60.64,60.73,11600,59.54
20101112,60.80,60.80,60.67,60.68,24300,59.49
20101111,60.81,60.81,60.70,60.78,8900,59.59
20101110,60.75,60.84,60.72,60.84,16600,59.65
20101109,60.84,60.87,60.77,60.81,4500,59.62
20101108,60.82,60.90,60.79,60.86,15300,59.67
20101105,60.86,60.93,60.84,60.90,8500,59.71
20101104,60.96,60.96,60.88,60.95,8700,59.76
20101103,60.90,60.95,60.90,60.95,8100,59.76
20101102,60.85,60.92,60.85,60.92,16100,59.73
20101101,60.94,60.94,60.85,60.90,12900,59.71
20101029,60.90,60.92,60.87,60.92,5500,59.73
20101028,60.92,60.92,60.88,60.92,900,59.69
20101027,60.89,60.89,60.87,60.87,5600,59.64
20101026,60.90,60.91,60.89,60.89,8200,59.66
20101025,60.87,60.95,60.87,60.93,11000,59.70
20101022,60.94,60.94,60.88,60.88,58100,59.65
20101021,60.92,60.95,60.88,60.94,3200,59.71
20101020,60.85,60.94,60.85,60.91,5200,59.68
20101019,60.91,60.92,60.85,60.86,12300,59.63
20101018,60.90,60.91,60.84,60.90,21500,59.67
20101015,60.90,60.90,60.83,60.88,4100,59.65
20101014,60.88,60.88,60.83,60.88,4300,59.65
20101013,60.87,60.90,60.84,60.90,5600,59.67
20101012,60.91,60.93,60.84,60.89,14400,59.66
20101011,60.94,60.94,60.85,60.86,11400,59.63
20101008,60.96,60.96,60.88,60.93,12000,59.70
20101007,60.92,60.92,60.84,60.86,18500,59.63
20101006,60.82,60.84,60.82,60.83,7000,59.60
20101005,60.81,60.85,60.77,60.78,9000,59.55
20101004,60.85,60.86,60.78,60.81,11200,59.58
20101001,60.75,60.84,60.73,60.76,103500,59.53
20100930,60.78,60.83,60.72,60.79,11800,59.56
20100929,60.86,60.86,60.77,60.84,20500,59.57
20100928,60.85,60.87,60.82,60.83,11800,59.56
20100927,60.76,60.87,60.76,60.86,29500,59.59
20100924,60.82,60.82,60.74,60.74,55900,59.48
20100923,60.86,60.86,60.82,60.83,5800,59.56
20100922,60.86,60.86,60.81,60.85,57200,59.58
20100921,60.77,60.81,60.76,60.78,23300,59.52
20100920,60.76,60.79,60.73,60.75,25600,59.49
20100917,60.76,60.76,60.74,60.76,3600,59.50
20100916,60.75,60.77,60.71,60.76,9500,59.50
20100915,60.75,60.78,60.69,60.72,14300,59.46
20100914,60.66,60.73,60.66,60.73,5600,59.47
20100913,60.67,60.70,60.65,60.69,6500,59.43
20100910,60.66,60.66,60.58,60.65,58600,59.39
20100909,60.69,60.69,60.65,60.65,13500,59.39
20100908,60.70,60.73,60.69,60.72,16500,59.46
20100907,60.75,60.75,60.69,60.70,6200,59.44
20100903,60.70,60.72,60.66,60.68,14200,59.42
20100902,60.68,60.74,60.68,60.74,3800,59.48
20100901,60.77,60.77,60.71,60.72,20400,59.46
20100831,60.74,60.78,60.73,60.78,70700,59.52
20100830,60.70,60.79,60.70,60.78,44200,59.48
20100827,60.75,60.76,60.70,60.72,29800,59.42
20100826,60.76,60.78,60.70,60.77,38800,59.47
20100825,60.81,60.81,60.69,60.77,8100,59.47
20100824,60.81,60.81,60.72,60.78,21100,59.48
20100823,60.78,60.79,60.71,60.78,13700,59.48
20100820,60.78,60.81,60.75,60.76,62800,59.46
20100819,60.79,60.81,60.75,60.80,7000,59.50
20100818,60.79,60.79,60.74,60.74,8800,59.44
20100817,60.77,60.77,60.73,60.75,10200,59.45
20100816,60.78,60.78,60.70,60.75,4000,59.45
20100813,60.72,60.72,60.66,60.66,2300,59.36
20100812,60.68,60.74,60.68,60.74,1400,59.44
20100811,60.74,60.78,60.68,60.76,12800,59.46
20100810,60.63,60.70,60.63,60.69,12100,59.39
20100809,60.66,60.72,60.66,60.71,5700,59.41
20100806,60.73,60.74,60.67,60.73,2300,59.43
20100805,60.61,60.73,60.61,60.73,10400,59.43
20100804,60.70,60.71,60.61,60.62,20900,59.32
20100803,60.74,60.74,60.65,60.73,77300,59.43
20100802,60.69,60.70,60.65,60.69,3900,59.39
20100730,60.69,60.70,60.63,60.64,41300,59.34
20100729,60.64,60.68,60.64,60.67,6300,59.33
20100728,60.60,60.66,60.58,60.66,4000,59.32
20100727,60.62,60.62,60.57,60.61,12400,59.27
20100726,60.64,60.65,60.59,60.65,3700,59.31
20100723,60.70,60.70,60.63,60.63,4400,59.29
20100722,60.69,60.69,60.67,60.67,2700,59.33
20100721,60.68,60.71,60.67,60.71,21700,59.37
20100720,60.66,60.68,60.64,60.66,21600,59.32
20100719,60.66,60.66,60.60,60.66,28400,59.32
20100716,60.61,60.65,60.61,60.63,1400,59.29
20100715,60.61,60.64,60.60,60.62,3800,59.28
20100714,60.59,60.59,60.54,60.58,13000,59.24
20100713,60.56,60.56,60.51,60.53,11300,59.19
20100712,60.55,60.57,60.54,60.54,3600,59.20
20100709,60.57,60.58,60.57,60.58,26800,59.24
20100708,60.58,60.60,60.56,60.56,18900,59.22
20100707,60.55,60.62,60.55,60.59,19800,59.25
20100706,60.60,60.60,60.53,60.59,5600,59.25
20100702,60.58,60.60,60.52,60.52,12400,59.18
20100701,60.62,60.63,60.58,60.58,68900,59.24
20100630,60.59,60.60,60.55,60.60,42300,59.26
20100629,60.56,60.69,60.56,60.62,32700,59.24
20100628,60.62,60.62,60.54,60.58,10700,59.20
20100625,60.58,60.58,60.52,60.57,3000,59.19
20100624,60.58,60.58,60.53,60.57,8500,59.19
20100623,60.52,60.56,60.49,60.54,6200,59.16
20100622,60.42,60.51,60.42,60.50,19600,59.12
20100621,60.39,60.46,60.39,60.46,7700,59.08
20100618,60.52,60.52,60.45,60.45,6300,59.07
20100617,60.49,60.51,60.39,60.44,14600,59.06
20100616,60.42,60.45,60.42,60.45,3800,59.07
20100615,60.40,60.43,60.38,60.38,2600,59.00
20100614,60.44,60.44,60.33,60.37,31900,58.99
20100611,60.44,60.44,60.36,60.43,6900,59.05
20100610,60.42,60.42,60.37,60.37,3000,58.99
20100609,60.37,60.44,60.36,60.44,6700,59.06
20100608,60.37,60.43,60.00,60.41,24400,59.03
20100607,60.42,60.42,60.40,60.41,6100,59.03
20100604,60.39,60.42,60.38,60.42,2900,59.04
20100603,60.31,60.31,60.31,60.31,6200,58.93
20100602,60.36,60.36,60.30,60.30,3200,58.92
20100601,60.44,60.44,60.34,60.37,22600,58.99
20100528,60.30,60.37,60.26,60.37,2900,58.99
20100527,60.31,60.31,60.25,60.28,6200,58.87
20100526,60.33,60.35,60.30,60.35,6900,58.94
20100525,60.48,60.48,60.32,60.40,57300,58.99
20100524,60.40,60.50,60.35,60.38,45800,58.97
20100521,60.45,60.47,60.39,60.39,47700,58.98
20100520,60.47,60.47,60.39,60.44,13400,59.02
20100519,60.40,60.42,60.37,60.37,6600,58.96
20100518,61.15,61.15,60.28,60.40,17500,58.99
20100517,60.35,60.38,60.33,60.34,4800,58.93
20100514,60.38,60.38,60.35,60.35,13300,58.94
20100513,60.33,60.33,60.17,60.20,18600,58.79
20100512,60.25,60.26,60.18,60.25,11700,58.84
20100511,60.32,60.32,60.16,60.18,6700,58.77
20100510,60.24,60.31,60.23,60.23,11400,58.82
20100507,60.00,60.40,60.00,60.34,52100,58.93
20100506,60.26,75.20,60.24,60.30,14100,58.89
20100505,60.14,60.25,60.14,60.23,33100,58.82
20100504,60.13,60.16,60.13,60.14,15200,58.73
20100503,60.09,60.12,60.08,60.08,232300,58.67
20100430,60.10,60.13,60.07,60.12,12100,58.71
20100429,60.05,60.09,60.05,60.09,26200,58.64
20100428,60.09,60.10,60.01,60.09,40500,58.64
20100427,60.06,60.11,60.06,60.11,1200,58.66
20100426,60.02,60.02,59.98,60.02,1800,58.57
20100423,60.00,60.01,59.97,59.98,3400,58.54
20100422,60.08,60.08,60.02,60.03,4000,58.58
20100421,60.00,60.03,59.94,60.02,39900,58.57
20100420,60.04,60.07,60.01,60.01,2700,58.56
20100419,60.10,60.10,60.06,60.06,28700,58.61
20100416,60.01,60.13,60.01,60.11,4600,58.66
20100415,59.97,60.02,59.97,60.00,16200,58.55
20100414,60.00,60.01,59.96,59.96,11700,58.52
20100413,60.04,60.04,59.95,60.00,24200,58.55
20100412,59.91,59.98,59.91,59.96,4400,58.52
20100409,59.95,59.98,59.91,59.97,4000,58.53
20100408,59.94,59.98,59.94,59.97,2100,58.53
20100407,59.93,59.99,59.93,59.98,2400,58.54
20100406,59.89,59.89,59.84,59.87,4500,58.43
20100405,59.89,59.89,59.82,59.82,4000,58.38
20100401,60.05,60.05,60.01,60.01,6100,58.56
20100331,60.01,60.04,60.01,60.04,4600,58.59
20100330,59.98,60.05,59.98,60.04,24000,58.55
20100329,60.01,60.04,59.99,60.03,3700,58.54
20100326,59.90,60.02,59.90,60.02,6100,58.54
20100325,59.93,59.99,59.92,59.93,17200,58.45
20100324,60.03,60.04,59.97,59.99,20900,58.51
20100323,60.10,60.10,60.06,60.06,11500,58.57
20100322,60.09,60.09,60.05,60.07,19200,58.58
20100319,60.03,60.09,60.03,60.03,1400,58.54
20100318,60.03,60.10,60.03,60.09,6800,58.60
20100317,60.12,60.12,60.11,60.11,2500,58.62
20100316,60.07,60.50,60.07,60.12,8800,58.63
20100315,60.01,60.11,60.01,60.07,6200,58.58
20100312,60.04,60.04,60.03,60.04,1800,58.55
20100311,60.07,60.07,60.04,60.04,3800,58.55
20100310,60.12,60.13,60.07,60.13,8100,58.64
20100309,60.09,60.13,60.09,60.12,3400,58.63
20100308,60.10,60.10,60.09,60.10,1900,58.61
20100305,60.11,60.11,60.07,60.11,4600,58.62
20100304,60.15,60.17,60.15,60.15,6300,58.66
20100303,60.19,60.19,60.16,60.19,8600,58.70
20100302,60.19,60.22,60.19,60.22,4400,58.73
20100301,60.14,60.21,60.14,60.21,17500,58.72
20100226,60.17,60.20,60.15,60.18,8800,58.69
20100225,60.18,60.23,60.13,60.20,14200,58.68
20100224,60.14,60.15,60.13,60.13,7100,58.61
20100223,60.10,60.15,60.10,60.15,1700,58.63
20100222,60.08,60.10,60.05,60.10,7200,58.58
20100219,60.06,60.06,60.02,60.04,3100,58.52
20100218,60.12,60.13,60.09,60.09,2800,58.57
20100217,60.14,60.15,60.08,60.12,12900,58.60
20100216,60.14,60.19,60.07,60.18,43600,58.66
20100212,60.14,60.15,60.14,60.14,6600,58.62
20100211,60.09,60.11,60.07,60.09,3600,58.57
20100210,60.12,60.12,60.07,60.08,23400,58.56
20100209,60.18,60.20,60.11,60.13,16700,58.61
20100208,60.20,60.20,60.19,60.20,7500,58.68
20100205,60.13,60.23,60.13,60.22,42200,58.70
20100204,60.13,60.19,60.13,60.16,4600,58.64
20100203,60.10,60.11,60.08,60.08,11900,58.56
20100202,60.12,60.12,60.08,60.12,25600,58.60
20100201,60.10,60.25,60.06,60.10,16400,58.58
20100129,60.08,60.12,60.06,60.12,3300,58.60
20100128,60.09,60.13,60.09,60.13,10600,58.58
20100127,60.14,60.15,60.08,60.08,5200,58.54
20100126,60.11,60.11,60.06,60.09,26500,58.55
20100125,60.11,60.12,60.10,60.12,9000,58.57
20100122,60.08,60.14,60.08,60.14,5900,58.59
20100121,60.04,60.11,60.03,60.11,10600,58.56
20100120,60.05,60.06,60.04,60.04,2700,58.50
20100119,60.04,60.06,59.98,60.06,131700,58.52
20100115,60.03,60.05,60.03,60.05,1000,58.51
20100114,59.97,60.00,59.97,60.00,10000,58.46
20100113,59.97,59.99,59.94,59.95,3800,58.41
20100112,60.00,60.00,59.93,59.93,7300,58.39
20100111,59.90,59.96,59.90,59.96,1700,58.42
20100108,59.90,59.90,59.87,59.90,1900,58.36
20100107,59.85,59.85,59.85,59.85,1400,58.31
20100106,59.87,59.87,59.80,59.84,38600,58.30
20100105,59.87,59.89,59.87,59.88,2200,58.34
20100104,59.77,59.77,59.76,59.76,1700,58.22
20091231,59.72,59.72,59.67,59.67,800,58.14
20091230,59.77,59.80,59.77,59.80,1400,58.26
20091229,59.79,59.79,59.77,59.77,3100,58.23
20091228,59.82,59.82,59.78,59.78,4400,58.24
20091224,59.87,59.87,59.84,59.85,4400,58.31
20091223,59.97,59.97,59.92,59.92,5700,58.33
20091222,59.98,59.99,59.97,59.97,6100,58.38
20091221,60.04,60.04,59.99,59.99,24300,58.40
20091218,60.05,60.06,60.05,60.06,2200,58.47
20091217,60.04,60.08,60.03,60.08,7100,58.49
20091216,60.01,60.01,60.00,60.01,2700,58.42
20091215,59.98,59.98,59.92,59.96,3200,58.37
20091214,59.99,60.02,59.99,60.02,7600,58.43
20091211,60.02,60.02,60.02,60.02,1700,58.43
20091210,60.06,60.07,60.06,60.06,6000,58.47
20091209,60.10,60.10,60.10,60.10,2100,58.51
20091208,60.09,60.09,60.08,60.08,7000,58.49
20091207,60.02,60.03,60.01,60.03,7600,58.44
20091204,60.01,60.01,59.99,60.00,2500,58.41
20091203,60.10,60.10,60.03,60.09,1900,58.50
20091202,60.17,60.17,60.11,60.11,1400,58.52
20091201,60.16,60.18,60.16,60.16,4800,58.57
20091130,60.12,60.15,60.12,60.15,10700,58.56
20091127,60.19,60.19,60.10,60.12,1200,58.53
20091125,60.11,60.16,60.07,60.10,18800,58.51
20091124,60.03,60.06,60.02,60.03,27100,58.44
20091123,60.01,60.03,60.01,60.03,17700,58.44
