20140814,76.45,76.57,76.35,76.56,463700,76.56
20140813,76.15,76.46,76.03,76.33,469000,76.33
20140812,75.94,76.18,75.74,75.95,746600,75.95
20140811,76.03,76.33,75.99,76.05,697500,76.05
20140808,74.92,75.83,74.83,75.78,782400,75.78
20140807,75.50,75.55,74.66,74.82,544300,74.82
20140806,74.73,75.40,74.59,75.18,750100,75.18
20140805,75.58,75.85,74.99,75.18,738000,75.18
20140804,75.42,76.00,75.11,75.87,735700,75.87
20140801,75.15,75.59,74.95,75.27,1023900,75.27
20140731,76.64,76.64,75.37,75.37,1150900,75.37
20140730,77.27,77.35,76.65,76.94,723700,76.94
20140729,77.60,77.71,77.03,77.05,513700,77.05
20140728,77.73,77.73,77.22,77.58,608900,77.58
20140725,77.84,77.89,77.58,77.69,478700,77.69
20140724,78.10,78.15,77.91,77.98,467900,77.98
20140723,78.30,78.30,78.07,78.16,515600,78.16
20140722,77.98,78.28,77.98,78.14,610300,78.14
20140721,77.82,77.98,77.55,77.87,541600,77.87
20140718,77.50,78.15,77.45,78.05,436200,78.05
20140717,77.92,78.15,77.29,77.36,718300,77.36
20140716,78.28,78.36,77.97,78.14,386800,78.14
20140715,78.22,78.40,77.73,77.99,582400,77.99
20140714,78.25,78.39,78.16,78.23,463400,78.23
20140711,77.97,78.01,77.72,77.94,447200,77.94
20140710,77.80,78.19,77.61,78.05,616500,78.05
20140709,78.43,78.52,78.22,78.43,667400,78.43
20140708,78.38,78.48,78.16,78.23,585600,78.23
20140707,78.60,78.62,78.39,78.52,654700,78.52
20140703,78.59,78.84,78.50,78.77,1026900,78.77
20140702,78.33,78.51,78.29,78.40,460200,78.40
20140701,78.14,78.59,78.10,78.37,632900,78.37
20140630,77.86,78.08,77.78,77.95,738600,77.95
20140627,77.61,77.92,77.55,77.90,784900,77.90
20140626,77.81,77.84,77.29,77.75,549100,77.75
20140625,77.41,77.87,77.41,77.81,567400,77.81
20140624,78.00,78.21,77.48,77.51,825400,77.51
20140623,78.29,78.31,78.01,78.11,632900,78.11
20140620,78.75,78.85,78.61,78.68,707800,78.27
20140619,78.42,78.57,78.26,78.56,700100,78.15
20140618,77.68,78.38,77.64,78.35,581400,77.94
20140617,77.40,77.68,77.28,77.61,809500,77.21
20140616,77.32,77.58,77.20,77.44,595400,77.04
20140613,77.35,77.50,77.15,77.40,661400,77.00
20140612,77.83,77.86,77.13,77.29,642900,76.89
20140611,78.00,78.07,77.78,77.88,530700,77.48
20140610,78.31,78.34,78.10,78.27,671000,77.86
20140609,78.27,78.64,78.25,78.42,705100,78.01
20140606,78.00,78.32,78.00,78.27,7945300,77.86
20140605,77.57,77.97,77.18,77.93,1318900,77.53
20140604,77.02,77.45,77.02,77.42,445100,77.02
20140603,77.12,77.27,77.06,77.21,561500,76.81
20140602,77.28,77.39,77.00,77.30,865500,76.90
20140530,76.94,77.23,76.84,77.21,1987100,76.81
20140529,76.74,76.98,76.57,76.98,639000,76.58
20140528,76.75,76.77,76.51,76.57,549100,76.17
20140527,76.64,76.70,76.49,76.66,584500,76.26
20140523,76.18,76.42,76.16,76.39,653900,75.99
20140522,76.14,76.28,75.92,76.11,1343000,75.72
20140521,75.63,76.10,75.63,76.07,544800,75.68
20140520,76.15,76.15,75.33,75.47,903200,75.08
20140519,75.87,76.25,75.82,76.21,489400,75.81
20140516,75.75,76.02,75.59,76.01,547300,75.62
20140515,76.32,76.39,75.48,75.75,639400,75.36
20140514,76.97,76.98,76.46,76.55,612000,76.15
20140513,77.07,77.17,76.93,77.00,597900,76.60
20140512,76.59,77.00,76.57,76.98,735300,76.58
20140509,75.95,76.33,75.83,76.33,526700,75.93
20140508,76.09,76.56,75.84,76.07,554100,75.68
20140507,75.68,76.17,75.36,76.14,508100,75.75
20140506,75.80,75.89,75.47,75.50,577800,75.11
20140505,75.30,76.02,75.25,75.93,978900,75.54
20140502,75.69,76.11,75.68,75.80,867400,75.41
20140501,75.93,75.97,75.55,75.74,903900,75.35
20140430,75.69,75.99,75.55,75.99,435900,75.60
20140429,75.87,75.97,75.66,75.78,1185500,75.39
20140428,75.53,75.96,75.03,75.63,606400,75.24
20140425,75.64,75.71,75.09,75.31,572900,74.92
20140424,76.20,76.21,75.70,75.86,685900,75.47
20140423,76.01,76.16,75.95,76.01,902000,75.62
20140422,76.01,76.26,75.91,76.01,1325700,75.62
20140421,75.83,75.98,75.61,75.98,623000,75.59
20140417,75.38,75.94,75.35,75.83,584300,75.44
20140416,75.20,75.48,75.06,75.45,804000,75.06
20140415,74.43,74.85,73.90,74.80,554000,74.41
20140414,74.11,74.45,73.80,74.33,751300,73.94
20140411,73.91,74.36,73.71,73.76,758800,73.38
20140410,75.48,75.68,74.20,74.27,826700,73.88
20140409,75.00,75.51,74.81,75.51,770700,75.12
20140408,74.52,75.00,74.39,74.84,571300,74.45
20140407,75.03,75.20,74.55,74.58,717900,74.19
20140404,76.29,76.37,75.09,75.22,858000,74.83
20140403,75.97,76.08,75.78,75.97,535900,75.58
20140402,75.60,75.94,75.42,75.85,809700,75.46
20140401,75.47,75.75,75.21,75.50,960300,75.11
20140331,75.10,75.39,75.00,75.23,1580500,74.84
20140328,74.43,74.92,74.34,74.65,873900,74.26
20140327,74.22,74.49,73.98,74.21,1007700,73.83
20140326,75.06,75.13,74.31,74.32,720300,73.93
20140325,74.48,74.82,74.38,74.74,844300,74.35
20140324,74.62,74.79,73.90,74.15,621400,73.77
20140321,75.26,75.54,74.79,74.79,836100,74.07
20140320,74.62,74.98,74.38,74.91,583300,74.19
20140319,75.35,75.53,74.40,74.79,1099800,74.07
20140318,75.29,75.56,75.21,75.42,1233500,74.70
20140317,74.72,75.26,74.62,75.13,871800,74.41
20140314,74.44,74.87,74.36,74.43,764400,73.72
20140313,75.44,75.59,74.38,74.52,1290900,73.81
20140312,74.94,75.30,74.88,75.29,607000,74.57
20140311,75.56,75.75,75.09,75.24,573000,74.52
20140310,75.39,75.48,75.08,75.44,745700,74.72
20140307,75.48,75.64,75.24,75.49,747100,74.77
20140306,75.26,75.41,75.15,75.28,736200,74.56
20140305,75.33,75.34,75.04,75.08,697000,74.36
20140304,75.12,75.49,75.00,75.33,731700,74.61
20140303,74.34,74.58,74.01,74.41,883700,73.70
20140228,74.60,75.24,74.52,74.97,699400,74.25
20140227,74.24,74.60,74.12,74.57,818100,73.86
20140226,74.15,74.56,74.09,74.27,633900,73.56
20140225,73.89,74.28,73.71,73.98,718500,73.27
20140224,73.65,74.36,73.63,73.84,869600,73.13
20140221,73.62,73.89,73.47,73.49,639500,72.79
20140220,73.10,73.68,72.97,73.54,650100,72.84
20140219,73.23,73.88,73.03,73.10,960800,72.40
20140218,73.59,73.65,73.27,73.49,810000,72.79
20140214,73.02,73.68,72.91,73.58,671700,72.88
20140213,72.41,73.22,72.29,73.11,633400,72.41
20140212,72.82,73.17,72.64,72.82,841900,72.12
20140211,72.04,72.87,71.96,72.70,1605500,72.00
20140210,71.73,71.91,71.58,71.90,755400,71.21
20140207,71.30,71.92,71.14,71.88,1327600,71.19
20140206,70.43,70.99,70.34,70.91,9916200,70.23
20140205,69.93,70.36,69.60,70.19,1055800,69.52
20140204,70.02,70.28,69.78,70.08,1347400,69.41
20140203,71.40,71.47,69.70,69.82,2314300,69.15
20140131,71.08,71.90,70.92,71.47,1550900,70.79
20140130,71.86,72.11,71.57,71.93,1051000,71.24
20140129,71.96,72.02,71.31,71.47,1035100,70.79
20140128,71.95,72.31,71.85,72.26,1521700,71.57
20140127,72.05,72.22,71.48,71.78,1502700,71.09
20140124,72.97,72.97,71.85,71.86,1741800,71.17
20140123,73.77,73.78,73.06,73.35,2339500,72.65
20140122,74.30,74.35,73.96,74.11,891000,73.40
20140121,74.62,74.62,73.90,74.27,1390900,73.56
20140117,74.53,74.57,74.17,74.21,752900,73.50
20140116,74.57,74.61,74.35,74.56,1487200,73.85
20140115,74.65,74.85,74.52,74.67,836400,73.96
20140114,74.14,74.60,74.01,74.57,575300,73.86
20140113,74.63,74.87,73.84,73.95,1195400,73.24
20140110,74.84,74.98,74.57,74.92,937900,74.20
20140109,74.78,74.80,74.37,74.72,879100,74.01
20140108,74.70,74.80,74.41,74.65,877900,73.94
20140107,74.64,74.95,74.51,74.77,1113900,74.06
20140106,74.89,74.95,74.30,74.40,892800,73.69
20140103,74.60,74.87,74.55,74.62,941800,73.91
20140102,75.05,75.10,74.36,74.57,1640300,73.86
20131231,75.26,75.35,75.07,75.24,716900,74.52
20131230,75.05,75.13,74.96,75.12,855000,74.40
20131227,75.06,75.14,74.94,75.01,715100,74.29
20131226,74.66,74.94,74.63,74.93,805400,74.21
20131224,74.28,74.49,74.26,74.47,394100,73.76
20131223,74.37,74.41,74.09,74.19,953700,73.48
20131220,73.76,74.25,73.68,74.00,1412400,73.29
20131219,74.05,74.16,73.81,74.11,730700,73.01
20131218,72.85,74.24,72.58,74.24,1060200,73.14
20131217,73.10,73.10,72.60,72.78,897800,71.70
20131216,72.91,73.22,72.87,73.01,616400,71.92
20131213,72.74,72.74,72.45,72.58,762900,71.50
20131212,72.95,73.02,72.47,72.62,728900,71.54
20131211,73.77,73.77,72.92,73.00,726200,71.91
20131210,73.82,73.98,73.66,73.67,681700,72.57
20131209,74.15,74.19,73.94,74.02,618300,72.92
20131206,73.70,74.07,73.60,74.07,622100,72.97
20131205,73.30,73.34,72.98,73.07,647000,71.98
20131204,73.42,73.80,72.90,73.45,687300,72.36
20131203,73.60,73.80,73.32,73.66,659100,72.56
20131202,74.24,74.34,73.74,73.82,624500,72.72
20131129,74.47,74.59,74.15,74.19,334500,73.09
20131127,74.47,74.48,74.21,74.40,896600,73.29
20131126,74.52,74.60,74.30,74.36,729900,73.25
20131125,74.76,74.76,74.26,74.42,752100,73.31
20131122,74.20,74.55,74.02,74.53,590500,73.42
20131121,73.92,74.26,73.83,74.23,1012500,73.13
20131120,74.09,74.17,73.47,73.72,641200,72.62
20131119,73.99,74.32,73.89,74.08,566500,72.98
20131118,74.46,74.46,73.94,74.10,908900,73.00
20131115,74.21,74.28,73.96,74.27,656500,73.16
20131114,73.82,74.15,73.68,74.08,782200,72.98
20131113,72.92,73.72,72.82,73.72,586300,72.62
20131112,73.19,73.28,72.92,73.15,563300,72.06
20131111,73.22,73.41,73.17,73.27,582200,72.18
20131108,72.50,73.23,72.37,73.23,696000,72.14
20131107,73.59,73.59,72.47,72.53,981000,71.45
20131106,73.19,73.39,73.00,73.38,703000,72.29
20131105,72.72,72.97,72.43,72.84,760500,71.76
20131104,72.92,73.02,72.69,72.98,614900,71.89
20131101,72.65,72.79,72.22,72.65,898500,71.57
20131031,72.60,72.92,72.39,72.51,612100,71.43
20131030,73.26,73.27,72.35,72.65,633700,71.57
20131029,72.82,73.16,72.71,73.14,688000,72.05
20131028,72.51,72.76,72.41,72.67,1072700,71.59
20131025,72.25,72.47,72.11,72.47,581200,71.39
20131024,72.11,72.29,71.92,72.21,678400,71.14
20131023,71.97,72.11,71.70,72.02,767000,70.95
20131022,71.88,72.33,71.79,72.23,939100,71.16
20131021,71.79,71.79,71.49,71.67,801800,70.60
20131018,71.63,71.82,71.36,71.73,1005000,70.66
20131017,70.80,71.52,70.69,71.50,1242700,70.44
20131016,70.33,71.06,70.33,70.99,717700,69.93
20131015,70.56,70.58,69.91,70.04,1058600,69.00
20131014,69.98,70.66,69.91,70.62,732900,69.57
20131011,69.83,70.37,69.75,70.36,1058900,69.31
20131010,69.06,69.89,69.06,69.86,1251200,68.82
20131009,68.58,68.80,68.25,68.55,854800,67.53
20131008,69.02,69.15,68.42,68.43,1004200,67.41
20131007,69.05,69.40,68.96,69.04,698400,68.01
20131004,69.27,69.69,69.11,69.59,678500,68.55
20131003,69.64,69.69,68.91,69.25,1801400,68.22
20131002,69.67,69.76,69.22,69.74,712500,68.70
20131001,69.48,70.08,69.47,70.05,727400,69.01
20130930,69.61,69.76,69.31,69.61,1006600,68.57
20130927,70.08,70.18,69.81,69.95,1301300,68.91
20130926,70.13,70.46,70.02,70.31,576000,69.26
20130925,70.42,70.51,69.94,70.02,788800,68.98
20130924,70.42,70.78,70.33,70.37,1023600,69.32
20130923,70.57,70.67,70.29,70.49,1013600,69.44
20130920,71.72,71.72,70.99,71.00,784500,69.59
20130919,71.79,71.85,71.48,71.67,1225000,70.25
20130918,70.75,71.75,70.56,71.68,947800,70.26
20130917,70.50,70.78,70.50,70.73,725800,69.33
20130916,70.70,70.76,70.42,70.51,987000,69.11
20130913,69.86,70.04,69.76,70.00,730000,68.61
20130912,69.91,70.07,69.73,69.83,796400,68.44
20130911,69.46,69.93,69.45,69.93,773600,68.54
20130910,69.25,69.45,69.16,69.43,911800,68.05
20130909,68.36,68.96,68.35,68.91,723600,67.54
20130906,68.44,68.61,67.64,68.21,822000,66.86
20130905,68.20,68.43,68.14,68.27,961700,66.92
20130904,67.60,68.25,67.45,68.13,719300,66.78
20130903,68.07,68.11,67.30,67.56,558100,66.22
20130830,67.59,67.61,67.13,67.29,823100,65.96
20130829,67.31,67.77,67.20,67.44,734500,66.10
20130828,67.30,67.62,67.21,67.43,776800,66.09
20130827,67.61,67.79,67.27,67.30,922700,65.97
20130826,68.58,68.69,68.13,68.17,747300,66.82
20130823,68.48,68.57,68.09,68.50,769300,67.14
20130822,67.73,68.46,67.73,68.34,694700,66.98
20130821,68.09,68.33,67.71,67.80,868300,66.46
20130820,68.10,68.48,67.95,68.19,607000,66.84
20130819,68.23,68.38,68.00,68.00,865500,66.65
20130816,68.41,68.52,68.13,68.32,801400,66.96
20130815,69.00,69.05,68.45,68.54,1177900,67.18
20130814,69.91,70.00,69.52,69.55,734700,68.17
20130813,70.05,70.15,69.60,70.02,836200,68.63
20130812,69.63,69.98,69.63,69.94,944700,68.55
20130809,70.03,70.22,69.68,69.97,633500,68.58
20130808,70.16,70.28,69.76,70.10,748500,68.71
20130807,69.85,70.01,69.70,69.85,1034600,68.46
20130806,70.31,70.32,69.86,70.04,713500,68.65
20130805,70.18,70.48,70.18,70.43,689200,69.03
20130802,70.30,70.51,70.13,70.51,868900,69.11
20130801,70.18,70.69,70.12,70.65,998300,69.25
20130731,69.69,70.25,69.69,69.78,724000,68.40
20130730,69.87,69.99,69.56,69.76,1064800,68.38
20130729,69.71,69.78,69.48,69.68,537300,68.30
20130726,69.55,69.89,69.17,69.88,753500,68.49
20130725,69.50,69.91,69.42,69.86,595900,68.47
20130724,70.16,70.16,69.49,69.63,843100,68.25
20130723,70.10,70.17,69.93,70.03,799000,68.64
20130722,69.95,70.09,69.84,69.98,674700,68.59
20130719,69.48,69.95,69.48,69.95,759200,68.56
20130718,69.38,69.78,69.30,69.63,1043600,68.25
20130717,69.22,69.40,69.10,69.23,701400,67.86
20130716,69.17,69.22,68.84,69.00,952000,67.63
20130715,69.18,69.34,69.10,69.26,915200,67.89
20130712,68.96,69.17,68.88,69.11,1114800,67.74
20130711,68.90,69.07,68.78,69.03,1159000,67.66
20130710,68.24,68.40,68.02,68.19,1104200,66.84
20130709,68.00,68.27,67.86,68.18,1342400,66.83
20130708,67.54,67.83,67.50,67.68,1139200,66.34
20130705,67.01,67.22,66.58,67.22,893900,65.89
20130703,66.39,66.71,66.19,66.55,585400,65.23
20130702,66.66,67.09,66.37,66.57,1763900,65.25
20130701,66.50,67.08,66.50,66.68,1596800,65.36
20130628,66.46,66.67,66.07,66.20,2321400,64.89
20130627,66.65,66.82,66.47,66.57,1413400,65.25
20130626,66.11,66.45,65.90,66.27,1253100,64.96
20130625,65.76,65.88,65.29,65.69,1218700,64.39
20130624,65.39,65.84,64.83,65.34,2066200,64.04
20130621,66.40,66.63,65.80,66.30,2115200,64.65
20130620,67.06,67.18,65.87,66.03,2945000,64.38
20130619,68.68,68.68,67.63,67.64,1375300,65.95
20130618,68.15,68.69,68.08,68.58,906300,66.87
20130617,68.10,68.41,67.79,68.16,1052400,66.46
20130614,67.97,68.28,67.59,67.72,1050500,66.03
20130613,67.02,68.13,66.89,68.00,1199400,66.30
20130612,68.06,68.13,67.05,67.12,1571900,65.45
20130611,67.67,68.14,67.36,67.61,1885200,65.92
20130610,68.40,68.43,67.95,68.15,1273500,66.45
20130607,67.71,68.19,67.53,68.13,1223500,66.43
20130606,66.86,67.21,66.43,67.21,4521000,65.53
20130605,67.70,67.76,66.90,66.93,2778100,65.26
20130604,68.15,68.36,67.49,67.89,1652200,66.20
20130603,67.62,68.12,67.35,68.11,1336100,66.41
20130531,68.35,68.61,67.51,67.57,1256600,65.89
20130530,68.56,68.86,68.51,68.56,1072100,66.85
20130529,68.89,68.89,68.24,68.51,1365600,66.80
20130528,69.40,69.68,68.95,69.18,1210600,67.46
20130524,68.39,68.75,68.13,68.73,1086300,67.02
20130523,68.17,68.79,68.16,68.60,1962700,66.89
20130522,69.46,70.00,68.57,68.82,1867600,67.10
20130521,69.46,69.71,69.27,69.46,1216700,67.73
20130520,69.35,69.57,69.25,69.32,1340200,67.59
20130517,68.95,69.35,68.90,69.35,880100,67.62
20130516,69.09,69.24,68.72,68.83,952500,67.11
20130515,68.83,69.38,68.78,69.32,1882700,67.59
20130514,68.12,68.93,68.08,68.93,1428300,67.21
20130513,68.07,68.28,67.91,68.12,926300,66.42
20130510,68.02,68.18,67.81,68.18,824400,66.48
20130509,68.13,68.27,67.78,67.94,1044100,66.25
20130508,67.80,68.18,67.75,68.15,1937700,66.45
20130507,67.54,67.90,67.49,67.90,1184900,66.21
20130506,67.49,67.55,67.33,67.41,1230900,65.73
20130503,67.20,67.68,67.11,67.53,979700,65.85
20130502,66.37,66.78,66.32,66.76,889300,65.10
20130501,66.68,66.72,66.13,66.20,1185500,64.55
20130430,66.60,66.80,66.24,66.80,1127300,65.13
20130429,66.30,66.71,66.20,66.60,807300,64.94
20130426,66.35,66.44,66.02,66.16,1037500,64.51
20130425,66.20,66.67,66.08,66.38,1268200,64.72
20130424,66.36,66.44,66.03,66.08,998200,64.43
20130423,65.89,66.29,65.59,66.26,1056900,64.61
20130422,65.55,65.82,65.06,65.64,1005100,64.00
20130419,65.20,65.51,65.06,65.45,943300,63.82
20130418,65.44,65.57,64.92,65.15,2190400,63.53
20130417,65.71,65.71,65.05,65.35,2048900,63.72
20130416,65.51,66.01,65.37,65.99,1873600,64.34
20130415,66.24,66.30,65.08,65.08,1821700,63.46
20130412,66.53,66.68,66.30,66.59,1079200,64.93
20130411,66.48,66.97,66.48,66.77,1470800,65.11
20130410,66.05,66.43,65.94,66.40,963500,64.74
20130409,65.85,66.09,65.57,65.89,1192600,64.25
20130408,65.40,65.72,65.19,65.70,872300,64.06
20130405,64.97,65.38,64.83,65.33,1687400,63.70
20130404,65.42,65.71,65.31,65.64,676100,64.00
20130403,65.87,65.91,65.14,65.29,1302600,63.66
20130402,65.71,65.92,65.60,65.77,2958800,64.13
20130401,65.59,65.77,65.34,65.49,976500,63.86
20130328,65.33,65.77,65.28,65.70,1720300,64.06
20130327,65.12,65.38,64.95,65.34,1682000,63.71
20130326,65.12,65.46,65.11,65.45,1873100,63.82
20130325,65.36,65.42,64.64,64.92,1596500,63.30
20130322,64.86,65.20,64.82,65.16,1446500,63.54
20130321,65.08,65.26,64.75,64.91,1451300,63.01
20130320,65.30,65.47,65.21,65.36,1032600,63.45
20130319,65.06,65.23,64.57,65.00,1221700,63.10
20130318,64.99,65.25,64.86,64.98,1129100,63.08
20130315,65.56,65.62,65.29,65.38,1351500,63.47
20130314,65.48,65.68,65.43,65.66,865300,63.74
20130313,65.15,65.38,65.05,65.35,844100,63.44
20130312,65.28,65.32,65.00,65.16,892200,63.25
20130311,65.01,65.28,65.00,65.28,1179800,63.37
20130308,64.99,65.11,64.73,65.07,1069300,63.17
20130307,64.77,64.84,64.67,64.72,984200,62.83
20130306,64.89,64.94,64.55,64.68,1776700,62.79
20130305,64.50,64.81,64.38,64.67,1240100,62.78
20130304,63.91,64.20,63.66,64.19,1107900,62.31
20130301,63.64,64.11,63.39,64.02,1254400,62.15
20130228,63.99,64.31,63.83,63.83,1178900,61.96
20130227,63.12,64.10,63.03,63.96,1059600,62.09
20130226,62.97,63.27,62.77,63.19,1319600,61.34
20130225,64.09,64.19,62.78,62.80,1161000,60.96
20130222,63.48,63.81,63.40,63.81,1135700,61.94
20130221,63.48,63.48,63.11,63.30,1372400,61.45
20130220,64.16,64.19,63.57,63.57,1370900,61.71
20130219,64.03,64.23,63.97,64.18,1205200,62.30
20130215,63.88,64.00,63.63,63.93,1070900,62.06
20130214,63.72,63.89,63.63,63.84,1182700,61.97
20130213,63.85,63.92,63.58,63.79,1055500,61.92
20130212,63.68,63.83,63.58,63.71,825000,61.85
20130211,63.69,63.74,63.48,63.67,963600,61.81
20130208,63.62,63.82,63.57,63.73,1357300,61.87
20130207,63.66,63.67,63.10,63.51,979400,61.65
20130206,63.34,63.64,63.19,63.64,2434300,61.78
20130205,63.40,63.69,63.35,63.54,1225700,61.68
20130204,63.37,63.41,62.99,63.07,1239100,61.22
20130201,63.45,63.67,63.35,63.63,1544400,61.77
20130131,63.28,63.32,63.02,63.10,1313400,61.25
20130130,63.60,63.66,63.29,63.35,1881800,61.50
20130129,63.22,63.66,63.20,63.62,2397300,61.76
20130128,63.49,63.50,63.10,63.32,1409200,61.47
20130125,63.28,63.38,63.11,63.38,1360000,61.53
20130124,62.81,63.24,62.81,63.10,1748900,61.25
20130123,62.76,62.86,62.60,62.83,1437600,60.99
20130122,62.40,62.75,62.33,62.75,1668500,60.91
20130118,62.29,62.51,62.08,62.50,1101900,60.67
20130117,62.00,62.39,61.94,62.24,1178000,60.42
20130116,61.67,61.80,61.58,61.72,1104300,59.91
20130115,61.32,61.88,61.31,61.82,1076100,60.01
20130114,61.53,61.62,61.39,61.60,1229000,59.80
20130111,61.43,61.51,61.27,61.49,1076000,59.69
20130110,61.32,61.41,61.01,61.41,1220500,59.61
20130109,61.07,61.20,60.99,61.10,1078900,59.31
20130108,60.90,60.98,60.64,60.90,1042100,59.12
20130107,61.07,61.07,60.78,60.97,1485800,59.19
20130104,60.99,61.26,60.91,61.17,1207300,59.38
20130103,60.90,61.14,60.75,60.92,1375300,59.14
20130102,60.69,60.85,60.29,60.83,2554400,59.05
20121231,58.72,59.57,58.57,59.57,1831400,57.83
20121228,59.00,59.33,58.72,58.73,1653200,57.01
20121227,59.47,59.59,58.83,59.42,2277400,57.68
20121226,59.80,59.82,59.29,59.43,1443600,57.69
20121224,59.72,59.77,59.60,59.70,720000,57.95
20121221,59.71,60.01,59.57,59.88,1665600,58.13
20121220,60.06,60.29,59.81,60.29,1506400,58.53
20121219,60.95,60.95,60.51,60.52,1457800,58.27
20121218,60.37,60.95,60.31,60.92,1448000,58.65
20121217,59.86,60.34,59.86,60.34,1067600,58.09
20121214,59.88,60.03,59.71,59.76,987000,57.53
20121213,60.13,60.30,59.78,59.93,1374000,57.70
20121212,60.50,60.54,60.05,60.14,981500,57.90
20121211,60.29,60.59,60.17,60.34,1556100,58.09
20121210,60.06,60.22,59.97,60.12,1253100,57.88
20121207,60.01,60.08,59.76,60.08,889400,57.84
20121206,59.57,59.80,59.45,59.80,742200,57.57
20121205,59.41,59.81,59.13,59.62,769100,57.40
20121204,59.41,59.58,59.24,59.35,879000,57.14
20121203,59.98,60.04,59.35,59.40,927700,57.19
20121130,59.75,59.91,59.58,59.78,750200,57.55
20121129,59.74,59.83,59.41,59.71,2568300,57.49
20121128,58.78,59.49,58.57,59.49,1233700,57.27
20121127,59.16,59.42,58.96,59.02,725700,56.82
20121126,59.19,59.26,58.98,59.25,1124700,57.04
20121123,58.92,59.42,58.87,59.42,349000,57.21
20121121,58.56,58.71,58.48,58.68,807900,56.49
20121120,58.42,58.60,58.12,58.54,838600,56.36
20121119,57.92,58.44,57.92,58.44,1139600,56.26
20121116,57.15,57.46,56.85,57.39,1287100,55.25
20121115,57.15,57.27,56.85,57.13,1536700,55.00
20121114,58.00,58.07,57.04,57.19,1517500,55.06
20121113,57.73,58.43,57.70,57.87,905300,55.71
20121112,57.93,58.19,57.79,57.97,646600,55.81
20121109,57.71,58.28,57.66,57.86,1001300,55.70
20121108,58.54,58.77,57.89,57.89,1032600,55.73
20121107,59.31,59.32,58.31,58.65,1177600,56.47
20121106,59.31,59.89,59.30,59.70,895800,57.48
20121105,58.88,59.22,58.71,59.13,659100,56.93
20121102,59.82,59.90,58.90,58.96,770800,56.76
20121101,58.99,59.62,58.93,59.53,515200,57.31
20121031,58.93,59.19,58.59,58.93,1067600,56.73
20121026,58.73,58.85,58.40,58.65,792900,56.47
20121025,58.90,59.00,58.39,58.69,727300,56.50
20121024,58.73,58.83,58.43,58.55,759300,56.37
20121023,58.83,58.87,58.38,58.66,1571800,56.47
20121022,59.36,59.56,58.98,59.44,646800,57.23
20121019,60.32,60.32,59.36,59.50,862800,57.28
20121018,60.44,60.53,60.26,60.48,508700,58.23
20121017,60.40,60.57,60.30,60.48,507600,58.23
20121016,60.05,60.35,59.99,60.32,568700,58.07
20121015,59.44,59.79,59.28,59.76,705700,57.53
20121012,59.45,59.69,59.22,59.31,686400,57.10
20121011,59.69,59.79,59.35,59.36,592500,57.15
20121010,59.76,59.80,59.24,59.34,715500,57.13
20121009,60.34,60.41,59.80,59.84,729300,57.61
20121008,60.31,60.42,60.22,60.37,446900,58.12
20121005,60.59,60.79,60.31,60.50,1050400,58.25
20121004,60.11,60.39,60.08,60.33,596500,58.08
20121003,60.02,60.10,59.60,59.94,1947500,57.71
20121002,60.01,60.16,59.66,59.90,2130400,57.67
20121001,59.76,60.27,59.76,59.89,876900,57.66
20120928,59.63,59.84,59.28,59.68,736600,57.46
20120927,59.73,59.99,59.46,59.88,510400,57.65
20120926,59.71,59.83,59.43,59.49,650700,57.27
20120925,60.29,60.39,59.67,59.68,793300,57.46
20120924,59.97,60.39,59.93,60.22,958100,57.98
20120921,60.85,60.92,60.43,60.49,983000,57.93
20120920,60.42,60.64,60.25,60.63,1116700,58.06
20120919,60.66,60.84,60.48,60.60,762100,58.03
20120918,60.49,60.66,60.41,60.59,833700,58.02
20120917,60.71,60.80,60.50,60.59,854000,58.02
20120914,60.60,61.02,60.54,60.79,941700,58.21
20120913,59.68,60.69,59.63,60.51,1110000,57.95
20120912,59.89,59.94,59.62,59.70,902000,57.17
20120911,59.66,59.92,59.65,59.72,691400,57.19
20120910,59.69,59.89,59.59,59.59,654700,57.06
20120907,59.83,59.94,59.67,59.76,593000,57.23
20120906,58.98,59.71,58.98,59.68,722800,57.15
20120905,58.80,58.91,58.54,58.64,966900,56.15
20120904,58.90,58.98,58.42,58.81,942000,56.32
20120831,58.89,59.12,58.59,58.90,992900,56.40
20120830,58.76,58.78,58.46,58.58,673800,56.10
20120829,59.01,59.13,58.84,58.99,701900,56.49
20120828,58.83,59.13,58.80,58.98,635600,56.48
20120827,59.14,59.23,58.90,58.94,1151700,56.44
20120824,58.53,59.15,58.53,59.05,440600,56.55
20120823,58.98,59.01,58.56,58.69,717000,56.20
20120822,59.04,59.14,58.78,59.06,740200,56.56
20120821,59.43,59.61,59.06,59.12,774300,56.61
20120820,59.36,59.39,59.11,59.30,766300,56.79
20120817,59.39,59.47,59.21,59.42,577800,56.90
20120816,58.87,59.31,58.72,59.21,555800,56.70
20120815,58.61,58.96,58.60,58.82,509300,56.33
20120814,58.81,58.88,58.53,58.64,503100,56.15
20120813,58.61,58.67,58.34,58.62,593300,56.14
20120810,58.50,58.76,58.34,58.71,664700,56.22
20120809,58.59,58.79,58.48,58.63,489400,56.14
20120808,58.44,58.77,58.38,58.68,620700,56.19
20120807,58.53,58.83,58.53,58.62,870300,56.14
20120806,58.44,58.58,58.29,58.29,532400,55.82
20120803,58.16,58.38,57.95,58.25,631400,55.78
20120802,57.26,57.53,56.82,57.25,802700,54.82
20120801,58.02,58.05,57.52,57.60,760700,55.16
20120731,58.21,58.21,57.80,57.80,729800,55.35
20120730,58.22,58.53,58.04,58.27,572200,55.80
20120727,57.47,58.34,57.39,58.22,723500,55.75
20120726,57.10,57.40,56.92,57.21,625300,54.78
20120725,56.51,56.73,56.17,56.37,1022200,53.98
20120724,56.89,56.92,55.97,56.33,905400,53.94
20120723,56.60,56.95,56.34,56.81,754200,54.40
20120720,57.52,57.61,57.29,57.38,861500,54.95
20120719,57.68,57.94,57.49,57.85,902500,55.40
20120718,56.83,57.55,56.76,57.49,614100,55.05
20120717,56.86,57.09,56.35,56.97,607300,54.56
20120716,56.70,56.83,56.48,56.65,549600,54.25
20120713,56.05,56.95,56.05,56.91,625200,54.50
20120712,55.75,56.22,55.52,56.03,973000,53.65
20120711,56.23,56.26,55.75,56.07,686400,53.69
20120710,56.77,56.90,55.97,56.17,795700,53.79
20120709,56.52,56.61,56.25,56.51,526200,54.11
20120706,56.62,56.72,56.38,56.67,698200,54.27
20120705,57.04,57.30,56.85,57.08,885600,54.66
20120703,56.66,57.16,56.63,57.12,547500,54.70
20120702,56.84,56.85,56.31,56.67,1113200,54.27
20120629,56.28,56.69,56.08,56.69,982000,54.29
20120628,55.24,55.46,54.83,55.45,793300,53.10
20120627,55.26,55.59,55.20,55.48,1778100,53.13
20120626,55.03,55.26,54.67,55.07,812100,52.74
20120625,55.10,55.13,54.65,54.88,791900,52.55
20120622,55.87,56.05,55.69,55.88,657800,53.21
20120621,56.94,57.00,55.59,55.61,886200,52.95
20120620,57.11,57.17,56.47,56.83,863800,54.11
20120619,57.04,57.39,56.92,57.18,869000,54.45
20120618,56.55,56.91,56.40,56.78,753000,54.06
20120615,56.45,56.74,56.37,56.67,1037000,53.96
20120614,55.76,56.40,55.76,56.20,722300,53.51
20120613,56.00,56.25,55.51,55.67,649100,53.01
20120612,55.86,56.25,55.60,56.23,1056700,53.54
20120611,56.84,56.84,55.67,55.72,1523300,53.06
20120608,55.84,56.36,55.65,56.35,939300,53.66
20120607,56.33,56.51,55.84,55.96,807400,53.28
20120606,54.94,55.75,54.94,55.73,2144200,53.06
20120605,54.34,54.65,54.25,54.53,1364100,51.92
20120604,54.56,54.68,54.09,54.47,2620300,51.87
20120601,54.96,55.11,54.52,54.56,1343400,51.95
20120531,55.92,56.18,55.39,55.80,1085000,53.13
20120530,56.28,56.29,55.82,55.92,1162900,53.25
20120529,56.41,56.81,56.36,56.71,610600,54.00
20120525,56.27,56.38,55.94,56.09,681800,53.41
20120524,56.13,56.31,55.79,56.27,748300,53.58
20120523,55.57,56.04,55.11,56.00,1068400,53.32
20120522,55.88,56.20,55.57,55.87,1507900,53.20
20120521,55.14,55.77,55.03,55.74,862600,53.07
20120518,55.58,55.73,54.95,55.07,2360200,52.44
20120517,56.34,56.41,55.42,55.43,915000,52.78
20120516,56.55,56.80,56.30,56.30,595200,53.61
20120515,56.38,56.82,56.24,56.32,844800,53.63
20120514,56.45,56.77,56.23,56.42,781400,53.72
20120511,56.76,57.35,56.75,56.90,747400,54.18
20120510,57.23,57.37,56.93,57.01,739000,54.28
20120509,56.74,57.23,56.45,56.86,885000,54.14
20120508,57.09,57.33,56.61,57.26,874900,54.52
20120507,57.27,57.62,57.25,57.45,608100,54.70
20120504,58.02,58.05,57.36,57.44,1005400,54.69
20120503,58.62,58.67,58.10,58.23,614100,55.45
20120502,58.32,58.61,58.14,58.56,614200,55.76
20120501,58.37,58.90,58.09,58.53,1237700,55.73
20120430,58.46,58.55,58.22,58.35,888400,55.56
20120427,58.50,58.68,58.30,58.55,1209600,55.75
20120426,57.88,58.46,57.82,58.35,1646000,55.56
20120425,57.95,58.05,57.80,58.00,1086200,55.23
20120424,57.51,57.75,57.41,57.56,592900,54.81
20120423,57.46,57.47,57.05,57.40,1173900,54.66
20120420,57.99,58.22,57.92,58.00,723400,55.23
20120419,58.11,58.22,57.46,57.74,765100,54.98
20120418,58.07,58.24,57.95,58.09,618400,55.31
20120417,57.81,58.39,57.75,58.24,956800,55.45
20120416,57.49,57.70,57.23,57.42,620900,54.67
20120413,57.60,57.60,57.12,57.17,1744600,54.44
20120412,57.03,57.71,56.99,57.69,625500,54.93
20120411,56.94,57.09,56.85,56.95,814100,54.23
20120410,57.41,57.41,56.44,56.49,1370900,53.79
20120409,57.55,57.69,57.36,57.49,785300,54.74
20120405,58.03,58.37,58.02,58.14,802900,55.36
20120404,58.27,58.34,58.02,58.22,817000,55.44
20120403,58.87,58.92,58.32,58.67,1112200,55.86
20120402,58.50,59.09,58.44,58.95,1266400,56.13
20120330,58.65,58.68,58.32,58.55,887800,55.75
20120329,57.94,58.35,57.78,58.32,983400,55.53
20120328,58.50,58.54,57.92,58.22,870500,55.44
20120327,58.73,58.76,58.50,58.52,891400,55.72
20120326,58.25,58.64,58.25,58.62,1272800,55.82
20120323,58.10,58.22,57.73,58.13,1461800,55.09
20120322,58.10,58.18,57.81,58.05,1040800,55.02
20120321,58.49,58.58,58.30,58.39,1705600,55.34
20120320,58.54,58.60,58.31,58.50,817100,55.44
20120319,58.69,58.91,58.60,58.78,911300,55.71
20120316,58.89,58.93,58.69,58.73,1063000,55.66
20120315,58.55,58.82,58.39,58.82,942400,55.75
20120314,58.70,58.74,58.39,58.51,2144300,55.45
20120313,58.15,58.70,58.04,58.70,2304600,55.63
20120312,57.79,57.93,57.70,57.88,717300,54.85
20120309,57.62,57.87,57.53,57.74,1226400,54.72
20120308,57.34,57.62,57.22,57.54,1291900,54.53
20120307,56.87,57.13,56.75,57.07,1148100,54.09
20120306,57.01,57.02,56.60,56.73,1726600,53.76
20120305,57.49,57.56,57.20,57.52,1217400,54.51
20120302,57.71,57.75,57.40,57.56,1001200,54.55
20120301,57.76,57.92,57.57,57.74,1220400,54.72
20120229,57.90,57.98,57.47,57.62,1146400,54.61
20120228,57.80,57.86,57.59,57.80,855100,54.78
20120227,57.47,57.92,57.29,57.73,1118300,54.71
20120224,57.69,57.83,57.61,57.70,1429300,54.68
20120223,57.29,57.62,57.19,57.57,1252500,54.56
20120222,57.34,57.48,57.17,57.27,1064000,54.28
20120221,57.67,57.70,57.29,57.46,1019600,54.46
20120217,57.58,57.64,57.42,57.51,1025900,54.50
20120216,57.04,57.45,56.91,57.41,1053100,54.41
20120215,57.40,57.42,56.76,56.90,1207700,53.93
20120214,57.18,57.21,56.85,57.19,1135600,54.20
20120213,57.21,57.30,56.93,57.24,1042200,54.25
20120210,56.76,56.84,56.55,56.84,1802600,53.87
20120209,57.30,57.30,56.88,57.19,1285300,54.20
20120208,57.25,57.34,56.92,57.20,998300,54.21
20120207,56.95,57.29,56.75,57.20,1507900,54.21
20120206,56.96,57.09,56.86,57.07,1153200,54.09
20120203,57.03,57.15,56.90,57.14,1345300,54.15
20120202,56.58,56.73,56.37,56.48,2380700,53.53
20120201,56.52,56.74,56.35,56.50,1496000,53.55
20120131,56.43,56.48,55.82,56.07,2024700,53.14
20120130,55.97,56.16,55.66,56.14,1933600,53.21
20120127,56.43,56.51,56.14,56.36,1440000,53.41
20120126,56.99,57.11,56.45,56.65,1056000,53.69
20120125,56.31,56.88,56.04,56.78,1640300,53.81
20120124,56.10,56.42,56.01,56.42,1036300,53.47
20120123,56.38,56.56,56.12,56.36,1436600,53.41
20120120,56.25,56.38,56.16,56.38,1527000,53.43
20120119,56.19,56.31,55.93,56.30,1420300,53.36
20120118,55.57,56.08,55.40,56.07,1030100,53.14
20120117,55.72,55.88,55.45,55.53,1576800,52.63
20120113,55.09,55.19,54.76,55.17,1111500,52.29
20120112,55.48,55.48,55.02,55.38,1463600,52.48
20120111,55.38,55.38,55.11,55.35,1452000,52.46
20120110,55.59,55.78,55.46,55.55,1616600,52.65
20120109,55.15,55.21,54.87,55.14,1448700,52.26
20120106,55.19,55.33,54.88,55.06,1126000,52.18
20120105,55.07,55.28,54.60,55.24,1172900,52.35
20120104,55.19,55.34,55.00,55.29,1612700,52.40
20120103,55.60,55.73,55.25,55.26,1806800,52.37
20111230,54.98,54.98,54.64,54.65,1128700,51.79
20111229,54.51,54.98,54.46,54.94,1725000,52.07
20111228,55.09,55.11,54.28,54.35,3424000,51.51
20111227,54.86,55.13,54.76,55.01,914500,52.13
20111223,54.54,54.92,54.43,54.90,939800,52.03
20111222,54.36,54.39,54.12,54.34,1698900,51.50
20111221,54.03,54.23,53.66,54.16,1064200,51.33
20111220,53.65,54.43,53.61,54.37,1061100,51.21
20111219,53.54,53.68,52.75,52.89,1414600,49.82
20111216,53.69,53.82,53.14,53.34,1148300,50.24
20111215,53.59,53.71,53.19,53.32,1299800,50.22
20111214,53.46,53.65,52.96,53.08,1335300,50.00
20111213,54.31,54.65,53.44,53.68,1465300,50.56
20111212,54.49,54.50,53.66,54.12,1212100,50.98
20111209,54.24,54.95,54.18,54.83,1292700,51.65
20111208,54.67,54.77,53.84,53.98,1053500,50.85
20111207,54.66,55.15,54.25,54.90,1561800,51.71
20111206,54.62,55.08,54.47,54.78,1056700,51.60
20111205,54.90,55.01,54.33,54.66,1120900,51.49
20111202,54.85,54.90,54.10,54.20,1288300,51.05
20111201,54.38,54.76,54.20,54.33,944000,51.18
20111130,53.84,54.49,53.82,54.44,1335900,51.28
20111129,52.34,52.71,52.22,52.50,1084700,49.45
20111128,52.12,52.38,51.82,52.18,953400,49.15
20111125,50.91,51.35,50.86,50.86,489700,47.91
20111123,51.56,51.56,50.93,50.94,2041900,47.98
20111122,51.85,52.35,51.70,51.94,1610800,48.92
20111121,52.29,52.34,51.60,52.03,1608200,49.01
20111118,53.19,53.23,52.75,52.98,2371700,49.90
20111117,53.50,53.68,52.54,52.87,1335100,49.80
20111116,53.80,54.49,53.50,53.56,982800,50.45
20111115,54.07,54.58,53.80,54.31,1283300,51.16
20111114,54.41,54.46,53.90,54.14,975300,51.00
20111111,54.05,54.63,54.05,54.50,566600,51.34
20111110,53.53,53.74,52.96,53.44,1155500,50.34
20111109,53.65,53.77,52.74,52.91,1542600,49.84
20111108,54.39,54.79,53.85,54.73,1680000,51.55
20111107,53.82,54.15,53.25,54.12,1864800,50.98
20111104,53.65,53.85,53.14,53.82,1111400,50.69
20111103,53.58,54.09,53.02,54.01,859400,50.87
20111102,52.86,53.20,52.60,53.08,1243100,50.00
20111101,52.22,52.71,51.99,52.11,1820400,49.08
20111031,54.05,54.19,53.44,53.44,1150900,50.34
20111028,54.53,54.77,54.47,54.65,1021900,51.48
20111027,54.49,55.08,54.05,54.68,1842400,51.51
20111026,53.34,53.38,52.37,53.20,822600,50.11
20111025,53.54,53.54,52.68,52.80,1032100,49.73
20111024,53.56,53.88,53.41,53.77,1416000,50.65
20111021,52.84,53.39,52.75,53.35,1036300,50.25
20111020,52.02,52.38,51.52,52.19,1497300,49.16
20111019,52.30,52.61,51.82,51.96,1318400,48.94
20111018,51.20,52.63,50.90,52.28,1468700,49.24
20111017,52.16,52.16,51.19,51.28,819200,48.30
20111014,52.10,52.23,51.68,52.20,905500,49.17
20111013,51.28,51.58,50.95,51.39,832800,48.41
20111012,51.59,52.12,51.37,51.57,1527400,48.58
20111011,50.86,51.25,50.86,51.16,665100,48.19
20111010,50.49,51.19,50.44,51.19,1013600,48.22
20111007,50.25,50.27,49.42,49.70,1775300,46.81
20111006,49.06,49.92,48.83,49.87,904800,46.97
20111005,48.58,49.28,48.30,49.21,3156400,46.35
20111004,46.93,48.62,46.54,48.52,2552900,45.70
20111003,48.42,48.94,47.50,47.50,2131700,44.74
20110930,49.16,49.66,48.71,48.76,1308100,45.93
20110929,50.15,50.24,48.88,49.73,1315400,46.84
20110928,50.39,50.64,49.13,49.21,1415800,46.35
20110927,50.61,51.04,49.97,50.24,2054000,47.32
20110926,48.85,49.65,48.28,49.63,1567400,46.75
20110923,48.03,48.65,47.89,48.41,1833400,45.60
20110922,48.76,49.00,47.91,48.49,3410500,45.41
20110921,51.63,51.77,50.19,50.24,3258400,47.04
20110920,51.85,52.37,51.49,51.63,1292800,48.35
20110919,51.27,51.84,50.96,51.62,970400,48.34
20110916,52.03,52.33,51.70,52.10,1054300,48.79
20110915,51.55,51.90,51.07,51.87,1870300,48.57
20110914,50.53,51.67,49.84,51.06,693800,47.81
20110913,49.96,50.39,49.59,50.26,1119400,47.06
20110912,49.13,49.86,48.80,49.84,1230500,46.67
20110909,50.46,50.46,49.32,49.60,1451700,46.45
20110908,51.29,51.72,50.85,50.97,927600,47.73
20110907,50.97,51.50,50.77,51.49,838500,48.22
20110906,49.12,50.30,49.12,50.24,1658900,47.04
20110902,50.81,51.14,50.47,50.60,1003300,47.38
20110901,52.40,52.77,51.74,51.79,1382900,48.50
20110831,52.42,52.79,51.93,52.32,2052600,48.99
20110830,51.74,52.36,51.41,52.04,1267900,48.73
20110829,51.36,51.96,51.26,51.94,1246700,48.64
20110826,49.84,50.86,48.98,50.65,1072000,47.43
20110825,51.06,51.20,49.80,50.00,1328100,46.82
20110824,50.18,50.88,49.98,50.82,1338700,47.59
20110823,48.92,50.28,48.79,50.24,1702900,47.04
20110822,49.66,49.66,48.57,48.71,1522200,45.61
20110819,48.51,49.76,48.50,48.57,2516500,45.48
20110818,49.89,49.91,48.65,49.10,2785900,45.98
20110817,51.37,51.60,50.63,51.00,1277800,47.76
20110816,50.87,51.30,50.47,50.98,1501100,47.74
20110815,50.84,51.27,50.61,51.23,1539900,47.97
20110812,50.32,50.66,49.84,50.37,2396400,47.17
20110811,47.99,50.47,47.99,49.80,2704800,46.63
20110810,49.22,49.37,47.71,47.82,4427500,44.78
20110809,48.79,50.00,47.19,50.00,3820400,46.82
20110808,49.86,50.43,48.13,48.16,3798100,45.10
20110805,51.43,51.53,49.66,50.98,3677400,47.74
20110804,52.30,52.34,50.61,50.67,2812600,47.45
20110803,52.74,52.94,51.93,52.90,3009800,49.54
20110802,53.54,53.78,52.63,52.63,1841200,49.28
20110801,54.70,54.84,53.33,53.84,1734400,50.42
20110729,53.96,54.50,53.68,54.05,1174800,50.61
20110728,54.66,54.98,54.26,54.35,907500,50.89
20110727,55.41,55.45,54.57,54.65,938500,51.17
20110726,56.16,56.17,55.64,55.70,661000,52.16
20110725,56.05,56.56,56.05,56.27,929500,52.69
20110722,56.78,56.88,56.43,56.63,837900,53.03
20110721,56.61,57.00,56.42,56.89,620000,53.27
20110720,56.63,56.66,56.22,56.34,947400,52.76
20110719,56.07,56.59,56.07,56.54,728600,52.94
20110718,55.96,56.07,55.43,55.73,955300,52.19
20110715,56.25,56.25,55.83,56.21,666000,52.64
20110714,56.47,56.66,55.85,55.94,590400,52.38
20110713,56.47,56.80,56.15,56.28,517600,52.70
20110712,56.20,56.67,56.13,56.18,949600,52.61
20110711,56.58,56.67,56.20,56.34,871500,52.76
20110708,56.98,57.13,56.73,57.12,637600,53.49
20110707,57.40,57.64,57.35,57.53,964900,53.87
20110706,56.51,56.96,56.51,56.91,1303300,53.29
20110705,56.75,56.78,56.50,56.60,707900,53.00
20110701,55.93,56.83,55.87,56.77,1355200,53.16
20110630,55.58,56.04,55.49,55.99,714800,52.43
20110629,55.35,55.50,55.05,55.38,1115900,51.86
20110628,54.66,55.13,54.56,55.13,562900,51.62
20110627,54.06,54.60,53.92,54.40,642500,50.94
20110624,54.63,54.64,53.92,54.01,779800,50.57
20110623,54.46,54.86,53.99,54.84,2046100,51.09
20110622,55.27,55.49,55.06,55.09,691100,51.32
20110621,55.14,55.50,55.02,55.41,861300,51.62
20110620,54.36,54.97,54.26,54.90,991800,51.14
20110617,54.80,54.87,54.35,54.49,806700,50.76
20110616,53.97,54.48,53.94,54.32,648000,50.60
20110615,54.40,54.59,53.85,54.01,781200,50.31
20110614,54.57,55.00,54.52,54.78,538700,51.03
20110613,54.16,54.37,53.88,54.10,747400,50.40
20110610,54.62,54.70,54.03,54.05,899100,50.35
20110609,54.55,55.09,54.44,54.82,622500,51.07
20110608,54.45,54.60,54.31,54.41,635400,50.69
20110607,54.74,54.95,54.50,54.53,538600,50.80
20110606,54.68,54.87,54.48,54.55,578400,50.82
20110603,54.75,55.17,54.58,54.88,693900,51.12
20110602,55.57,55.61,55.04,55.32,696600,51.53
20110601,56.58,56.65,55.52,55.56,1203500,51.76
20110531,56.71,56.74,56.31,56.72,1460700,52.84
20110527,56.23,56.36,56.06,56.16,499800,52.32
20110526,55.80,56.09,55.50,56.02,702000,52.19
20110525,55.58,56.05,55.30,55.88,682600,52.06
20110524,55.99,56.08,55.69,55.75,1964700,51.93
20110523,55.71,56.00,55.62,55.83,615600,52.01
20110520,56.71,56.75,56.21,56.43,384300,52.57
20110519,56.75,56.94,56.48,56.79,507700,52.90
20110518,56.22,56.65,56.07,56.59,1125500,52.72
20110517,56.15,56.33,55.79,56.13,909300,52.29
20110516,56.36,56.75,56.24,56.36,350300,52.50
20110513,57.07,57.07,56.27,56.53,446900,52.66
20110512,56.35,56.95,56.13,56.89,1377000,53.00
20110511,56.99,57.07,56.23,56.49,761400,52.62
20110510,56.80,57.07,56.75,57.00,780200,53.10
20110509,56.36,56.77,56.31,56.63,532100,52.75
20110506,56.71,56.91,56.10,56.29,656000,52.44
20110505,56.26,56.55,55.79,56.07,589200,52.23
20110504,56.94,56.96,56.37,56.59,481500,52.72
20110503,57.27,57.27,56.75,56.96,485600,53.06
20110502,57.79,57.79,57.22,57.31,1259900,53.39
20110429,57.33,57.49,57.21,57.45,511000,53.52
20110428,56.93,57.31,56.88,57.27,464300,53.35
20110427,56.94,57.09,56.56,57.03,603700,53.13
20110426,56.33,56.88,56.33,56.83,429400,52.94
20110425,56.41,56.41,56.00,56.21,574500,52.36
20110421,56.44,56.44,56.21,56.39,482000,52.53
20110420,56.17,56.31,56.04,56.23,729000,52.38
20110419,55.28,55.43,55.14,55.41,458400,51.62
20110418,55.29,55.29,54.80,55.16,719200,51.39
20110415,55.60,55.90,55.44,55.80,594200,51.98
20110414,55.18,55.59,54.92,55.49,518700,51.69
20110413,55.56,55.60,55.11,55.35,343100,51.56
20110412,55.48,55.53,55.11,55.28,545300,51.50
20110411,55.90,56.09,55.65,55.75,472900,51.93
20110408,56.21,56.21,55.59,55.83,431000,52.01
20110407,56.07,56.20,55.71,55.98,405300,52.15
20110406,56.29,56.37,55.99,56.15,344800,52.31
20110405,55.93,56.25,55.85,56.04,468700,52.21
20110404,56.01,56.01,55.84,55.98,802100,52.15
20110401,55.83,56.02,55.69,55.88,576300,52.06
20110331,55.54,55.70,55.50,55.51,494400,51.71
20110330,55.39,55.63,55.31,55.51,484200,51.71
20110329,54.74,55.13,54.60,55.11,491500,51.34
20110328,55.08,55.15,54.79,54.80,574800,51.05
20110325,54.93,55.15,54.79,54.95,467200,51.19
20110324,54.97,55.13,54.67,55.04,603900,51.02
20110323,54.33,54.74,54.13,54.63,544600,50.64
20110322,54.65,54.65,54.35,54.39,392800,50.42
20110321,54.29,54.73,54.19,54.61,812800,50.62
20110318,53.95,54.14,53.53,53.68,1529400,49.76
20110317,53.46,53.68,53.18,53.45,1001300,49.55
20110316,53.52,53.66,52.44,52.83,1259300,48.97
20110315,53.02,53.96,52.78,53.65,1414900,49.73
20110314,54.29,54.37,53.85,54.24,484400,50.28
20110311,54.01,54.74,54.00,54.54,712700,50.56
20110310,54.84,54.84,54.16,54.24,750500,50.28
20110309,55.17,55.37,54.95,55.26,698200,51.22
20110308,54.89,55.37,54.63,55.28,451700,51.24
20110307,55.34,55.51,54.60,54.78,677600,50.78
20110304,55.55,55.60,54.79,55.15,800500,51.12
20110303,55.04,55.62,54.97,55.52,670000,51.47
20110302,54.41,54.79,54.33,54.62,502100,50.63
20110301,55.40,55.46,54.50,54.53,1011400,50.55
20110228,54.92,55.30,54.92,55.20,648500,51.17
20110225,54.67,54.91,54.56,54.85,688000,50.84
20110224,54.58,54.70,54.06,54.47,630000,50.49
20110223,55.01,55.09,54.41,54.62,746300,50.63
20110222,55.39,55.58,54.77,54.90,966100,50.89
20110218,55.37,55.66,55.29,55.66,685500,51.59
20110217,54.99,55.32,54.86,55.27,527500,51.23
20110216,54.93,55.16,54.84,55.04,678100,51.02
20110215,54.76,54.88,54.53,54.73,674000,50.73
20110214,54.80,54.90,54.68,54.87,496700,50.86
20110211,54.21,54.86,54.15,54.80,502000,50.80
20110210,54.22,54.45,54.09,54.40,577900,50.43
20110209,54.52,54.57,54.22,54.42,957900,50.45
20110208,54.49,54.62,54.26,54.59,1198000,50.60
20110207,54.17,54.44,54.14,54.34,804400,50.37
20110204,53.89,54.02,53.69,54.02,590600,50.07
20110203,53.67,53.90,53.45,53.83,678400,49.90
20110202,53.71,53.87,53.64,53.71,736300,49.79
20110201,53.62,53.98,53.49,53.94,2208200,50.00
20110131,53.22,53.40,53.05,53.38,550500,49.48
20110128,53.92,53.97,52.95,53.04,768200,49.17
20110127,53.88,53.91,53.73,53.81,669800,49.88
20110126,53.94,53.97,53.75,53.87,737300,49.94
20110125,53.66,53.78,53.39,53.78,749500,49.85
20110124,53.43,53.76,53.32,53.73,771100,49.81
20110121,53.62,53.62,53.34,53.40,566800,49.50
20110120,53.33,53.45,53.09,53.33,481000,49.43
20110119,53.59,53.61,53.21,53.32,802600,49.43
20110118,53.38,53.57,53.28,53.56,1255500,49.65
20110114,53.01,53.26,52.87,53.22,925500,49.33
20110113,53.08,53.16,52.94,53.06,481000,49.18
20110112,52.97,53.13,52.87,53.03,1496300,49.16
20110111,52.66,52.80,52.52,52.65,597300,48.80
20110110,52.40,52.47,52.10,52.43,1175800,48.60
20110107,52.56,52.67,52.19,52.46,934000,48.63
20110106,52.77,52.79,52.40,52.49,850500,48.66
20110105,52.56,52.81,52.48,52.69,1561800,48.84
20110104,53.10,53.16,52.50,52.66,739800,48.81
20110103,53.00,53.12,52.90,52.98,861000,49.11
20101231,52.69,52.77,52.54,52.63,463300,48.79
20101230,52.72,52.79,52.62,52.70,628400,48.85
20101229,52.80,52.88,52.71,52.71,622900,48.86
20101228,52.75,52.75,52.48,52.67,576400,48.82
20101227,52.67,52.67,52.48,52.61,549500,48.77
20101223,52.79,52.80,52.63,52.74,775600,48.89
20101222,52.80,52.80,52.64,52.77,648100,48.92
20101221,53.06,53.06,52.85,52.92,670700,48.77
20101220,53.01,53.03,52.67,52.85,678600,48.71
20101217,52.79,52.84,52.61,52.80,807900,48.66
20101216,52.44,52.77,52.30,52.77,774300,48.63
20101215,52.44,52.65,52.36,52.44,538700,48.33
20101214,52.40,52.62,52.37,52.50,522800,48.38
20101213,52.43,52.63,52.28,52.29,1558700,48.19
20101210,52.13,52.24,51.99,52.22,1009200,48.13
20101209,52.16,52.17,51.78,51.96,475900,47.89
20101208,51.95,52.03,51.71,51.90,1199200,47.83
20101207,52.23,52.24,51.87,51.89,700800,47.82
20101206,51.94,51.94,51.68,51.78,448300,47.72
20101203,51.63,51.96,51.63,51.91,567300,47.84
20101202,51.40,51.87,51.36,51.84,881500,47.78
20101201,50.99,51.39,50.98,51.31,526300,47.29
20101130,49.91,50.50,49.90,50.25,493800,46.31
20101129,50.25,50.45,49.80,50.36,542600,46.41
20101126,50.57,50.67,50.44,50.45,162700,46.49
20101124,50.45,50.89,50.45,50.88,372500,46.89
20101123,50.31,50.37,49.91,50.14,678800,46.21
20101122,50.69,50.83,50.24,50.80,678400,46.82
20101119,50.57,50.84,50.41,50.83,390400,46.85
20101118,50.43,50.81,50.36,50.62,758700,46.65
20101117,49.93,50.07,49.84,49.98,853800,46.06
20101116,50.32,50.45,49.69,49.89,1107400,45.98
20101115,50.79,50.99,50.60,50.65,351500,46.68
20101112,50.80,50.94,50.40,50.60,401600,46.63
20101111,50.73,51.13,50.73,51.10,297600,47.09
20101110,51.00,51.12,50.61,51.10,311600,47.09
20101109,51.33,51.33,50.80,50.98,456300,46.98
20101108,51.27,51.35,50.99,51.20,621600,47.19
20101105,51.36,51.38,51.14,51.35,843100,47.32
20101104,51.01,51.29,50.90,51.27,781900,47.25
20101103,50.57,50.57,49.96,50.48,462700,46.52
20101102,50.43,50.57,50.34,50.45,554600,46.49
20101101,50.34,50.56,49.84,50.13,489600,46.20
20101029,49.96,50.13,49.86,50.10,663600,46.17
20101028,50.34,50.34,49.75,50.02,360700,46.10
20101027,50.14,50.15,49.67,50.11,432200,46.18
20101026,50.32,50.42,50.13,50.35,376800,46.40
20101025,50.67,50.87,50.44,50.49,615700,46.53
20101022,50.47,50.51,50.23,50.35,630200,46.40
20101021,50.36,50.66,50.02,50.35,1111200,46.40
20101020,49.76,50.29,49.68,50.11,817000,46.18
20101019,49.89,49.99,49.33,49.61,2067500,45.72
20101018,50.07,50.33,49.99,50.26,496900,46.32
20101015,50.32,50.32,49.80,50.04,600800,46.12
20101014,50.09,50.15,49.72,50.03,489500,46.11
20101013,50.00,50.28,49.84,50.04,614100,46.12
20101012,49.64,49.86,49.26,49.71,392400,45.81
20101011,49.71,49.76,49.56,49.70,433800,45.80
20101008,49.52,49.80,49.33,49.67,297400,45.78
20101007,49.81,49.81,49.20,49.44,574700,45.56
20101006,49.49,49.61,49.43,49.61,461400,45.72
20101005,49.07,49.60,48.99,49.52,674000,45.64
20101004,48.79,49.01,48.37,48.58,6023300,44.77
20101001,49.05,49.13,48.69,48.92,381900,45.08
20100930,49.09,49.31,48.50,48.72,956400,44.90
20100929,48.77,48.99,48.70,48.83,373700,45.00
20100928,48.73,49.08,48.25,48.98,460500,45.14
20100927,48.90,48.90,48.57,48.58,504200,44.77
20100924,48.50,48.84,48.34,48.80,511700,44.97
20100923,48.26,48.55,48.10,48.19,586800,44.17
20100922,48.60,48.90,48.46,48.56,481900,44.51
20100921,48.80,48.95,48.50,48.67,852300,44.61
20100920,48.26,48.80,48.13,48.72,396800,44.65
20100917,48.25,48.29,47.92,48.05,530800,44.04
20100916,47.94,48.08,47.79,48.05,502000,44.04
20100915,47.79,48.09,47.60,48.03,342500,44.02
20100914,47.78,48.07,47.68,47.85,307300,43.85
20100913,47.97,48.00,47.69,47.88,386700,43.88
20100910,47.37,47.62,47.28,47.56,285000,43.59
20100909,47.59,47.59,47.13,47.27,395800,43.32
20100908,46.99,47.29,46.98,47.11,325200,43.18
20100907,47.00,47.11,46.85,46.88,487500,42.97
20100903,47.27,47.29,46.93,47.25,556400,43.30
20100902,46.50,46.81,46.45,46.80,753800,42.89
20100901,45.87,46.48,45.73,46.43,588300,42.55
20100831,45.07,45.50,44.95,45.23,742900,41.45
20100830,45.85,45.88,45.28,45.29,341500,41.51
20100827,45.47,45.92,44.95,45.87,310700,42.04
20100826,45.71,45.71,45.12,45.21,333200,41.43
20100825,45.10,45.65,44.94,45.50,380100,41.70
20100824,45.59,45.68,45.13,45.37,388200,41.58
20100823,46.37,46.58,46.05,46.06,245600,42.21
20100820,45.97,46.17,45.82,46.12,342500,42.27
20100819,46.80,46.82,46.05,46.25,791400,42.39
20100818,46.96,47.20,46.61,46.97,641200,43.05
20100817,46.61,47.25,46.61,46.97,986000,43.05
20100816,46.17,46.46,45.95,46.37,302400,42.50
20100813,46.44,46.62,46.35,46.40,244400,42.53
20100812,46.23,46.66,46.06,46.56,726400,42.67
20100811,47.30,47.30,46.67,46.74,788700,42.84
20100810,47.61,48.07,47.42,47.88,495300,43.88
20100809,47.97,48.08,47.74,48.01,265100,44.00
20100806,47.43,47.72,47.10,47.65,219200,43.67
20100805,47.66,47.80,47.46,47.80,189900,43.81
20100804,47.66,47.86,47.51,47.81,277600,43.82
20100803,47.56,47.71,47.35,47.50,267700,43.53
20100802,47.61,47.73,47.32,47.68,412900,43.70
20100730,46.33,47.00,46.25,46.84,179100,42.93
20100729,47.29,47.41,46.44,46.77,183200,42.86
20100728,47.17,47.30,46.92,47.04,694900,43.11
20100727,47.60,47.60,47.10,47.24,391200,43.30
20100726,47.01,47.37,46.91,47.36,387600,43.41
20100723,46.45,46.99,46.36,46.93,258700,43.01
20100722,46.17,46.71,46.07,46.51,254400,42.63
20100721,46.35,46.35,45.45,45.65,267800,41.84
20100720,45.15,46.17,44.79,46.16,861600,42.31
20100719,45.56,45.72,45.30,45.57,204100,41.76
20100716,46.25,46.30,45.31,45.41,238800,41.62
20100715,46.43,46.52,45.97,46.47,218700,42.59
20100714,46.31,46.53,46.13,46.43,179100,42.55
20100713,46.17,46.61,46.05,46.48,389500,42.60
20100712,45.75,45.87,45.53,45.79,220000,41.97
20100709,45.65,45.89,45.57,45.85,574500,42.02
20100708,45.53,45.75,45.20,45.65,252500,41.84
20100707,44.10,45.19,44.05,45.17,281600,41.40
20100706,44.26,44.52,43.65,43.97,785400,40.30
20100702,44.19,44.30,43.59,43.78,333900,40.12
20100701,43.98,44.09,43.40,43.96,730100,40.29
20100630,44.25,44.58,43.94,44.03,458400,40.35
20100629,44.66,44.85,44.01,44.24,465200,40.55
20100628,45.45,45.59,45.06,45.28,1199600,41.50
20100625,45.46,45.55,45.08,45.29,188400,41.51
20100624,45.89,45.90,45.27,45.34,229000,41.55
20100623,46.38,46.58,46.00,46.25,191300,42.16
20100622,47.18,47.35,46.39,46.41,257300,42.30
20100621,47.78,47.84,46.99,47.16,277000,42.99
20100618,47.39,47.47,47.19,47.26,187700,43.08
20100617,47.18,47.30,46.81,47.21,168700,43.03
20100616,47.08,47.30,46.90,47.18,374600,43.01
20100615,46.46,47.25,46.46,47.24,602500,43.06
20100614,46.71,46.95,46.36,46.40,250900,42.30
20100611,45.92,46.38,45.81,46.33,266800,42.23
20100610,45.75,46.31,45.69,46.29,285500,42.20
20100609,45.49,45.83,44.95,45.12,404700,41.13
20100608,44.68,45.30,44.54,45.28,1077700,41.27
20100607,45.25,45.45,44.73,44.80,394700,40.84
20100604,45.95,46.20,45.09,45.23,439800,41.23
20100603,46.90,46.99,46.42,46.80,277400,42.66
20100602,45.84,46.71,45.70,46.71,1817800,42.58
20100601,46.10,46.55,45.66,45.68,423000,41.64
20100528,46.81,46.81,46.14,46.28,372800,42.19
20100527,46.34,46.75,46.03,46.75,403100,42.61
20100526,46.09,46.39,45.45,45.52,931800,41.49
20100525,44.99,45.88,44.64,45.86,641700,41.80
20100524,46.27,46.50,45.92,45.93,534100,41.87
20100521,45.27,46.43,45.09,46.39,1277300,42.29
20100520,46.77,46.82,45.93,45.93,820700,41.87
20100519,47.84,48.02,47.16,47.64,484500,43.43
20100518,48.80,48.93,47.93,48.03,501200,43.78
20100517,48.47,48.60,47.66,48.43,468600,44.15
20100514,48.72,48.87,47.96,48.37,632800,44.09
20100513,49.42,49.51,48.96,49.00,378700,44.67
20100512,49.02,49.52,49.00,49.49,276500,45.11
20100511,48.61,49.32,48.60,48.87,320300,44.55
20100510,49.05,49.42,48.51,49.01,461900,44.67
20100507,47.81,47.93,46.65,47.20,790200,43.02
20100506,48.94,49.18,37.88,47.87,1330400,43.64
20100505,49.06,49.47,48.92,49.13,765400,44.78
20100504,49.85,49.86,49.05,49.33,470000,44.97
20100503,50.13,50.46,50.00,50.38,220500,45.92
20100430,50.55,50.65,49.88,49.89,296700,45.48
20100429,50.20,50.54,50.13,50.46,248500,46.00
20100428,49.84,50.05,49.60,49.92,616900,45.50
20100427,50.43,50.64,49.63,49.68,371100,45.29
20100426,50.74,50.88,50.58,50.61,449000,46.13
20100423,50.38,50.68,50.15,50.66,299300,46.18
20100422,50.01,50.42,49.76,50.37,391200,45.91
20100421,50.30,50.30,50.03,50.26,364500,45.81
20100420,50.14,50.28,50.04,50.22,268300,45.78
20100419,49.68,49.96,49.51,49.93,313000,45.51
20100416,50.04,50.20,49.50,49.75,340600,45.35
20100415,50.00,50.20,49.90,50.17,329600,45.73
20100414,49.89,50.11,49.71,50.06,292000,45.63
20100413,49.65,49.83,49.43,49.78,229200,45.38
20100412,49.71,49.73,49.56,49.69,276100,45.29
20100409,49.36,49.63,49.30,49.61,312900,45.22
20100408,49.05,49.37,49.00,49.25,308600,44.89
20100407,49.29,49.43,48.99,49.20,333700,44.85
20100406,49.28,49.48,49.26,49.39,404600,45.02
20100405,49.41,49.54,49.18,49.44,850500,45.07
20100401,49.12,49.23,48.91,49.18,398300,44.83
20100331,48.91,49.01,48.73,48.83,243000,44.51
20100330,48.95,49.11,48.84,48.98,464500,44.65
20100329,48.78,48.90,48.71,48.88,276000,44.56
20100326,48.57,48.76,48.36,48.58,270100,44.28
20100325,48.93,48.96,48.45,48.46,339600,44.17
20100324,49.17,49.18,48.80,48.83,268900,44.31
20100323,49.04,49.31,48.84,49.30,280400,44.73
20100322,48.60,49.01,48.49,48.92,334000,44.39
20100319,48.69,49.04,48.50,48.69,278500,44.18
20100318,48.90,48.91,48.70,48.88,284200,44.35
20100317,48.75,48.96,48.68,48.84,2428700,44.31
20100316,48.55,48.63,48.37,48.60,294200,44.10
20100315,48.19,48.41,48.12,48.39,298900,43.91
20100312,48.40,48.40,48.07,48.22,212300,43.75
20100311,48.03,48.25,47.78,48.25,265800,43.78
20100310,48.13,48.24,47.95,48.13,336400,43.67
20100309,47.97,48.31,47.97,48.13,407600,43.67
20100308,48.20,48.26,48.04,48.08,286000,43.63
20100305,47.95,48.18,47.80,48.18,291300,43.72
20100304,47.58,47.76,47.50,47.65,235000,43.23
20100303,47.66,47.79,47.47,47.51,351100,43.11
20100302,47.60,47.67,47.41,47.50,379800,43.10
20100301,47.14,47.40,47.03,47.38,195300,42.99
20100226,47.08,47.08,46.75,46.89,233400,42.55
20100225,46.55,47.02,46.34,46.99,470200,42.64
20100224,46.87,47.14,46.74,47.14,763300,42.77
20100223,47.09,47.17,46.67,46.72,258000,42.39
20100222,47.43,47.44,47.07,47.13,727800,42.76
20100219,47.09,47.39,46.92,47.26,491000,42.88
20100218,46.75,47.25,46.75,47.23,227400,42.85
20100217,46.81,46.89,46.70,46.85,360900,42.51
20100216,46.26,46.60,46.05,46.57,223100,42.25
20100212,45.64,45.90,45.35,45.86,297600,41.61
20100211,45.45,45.99,45.23,45.97,259400,41.71
20100210,45.63,45.67,45.16,45.53,280600,41.31
20100209,45.52,46.00,45.33,45.68,259100,41.45
20100208,45.45,45.52,45.05,45.05,311500,40.88
20100205,45.41,45.55,44.69,45.44,2305700,41.23
20100204,46.44,46.49,45.51,45.53,518700,41.31
20100203,46.72,46.88,46.58,46.74,278500,42.41
20100202,46.47,47.00,46.37,46.97,3421500,42.62
20100201,46.08,46.36,45.95,46.33,1016000,42.04
20100129,46.28,46.58,45.72,45.78,296600,41.54
20100128,46.60,46.69,45.80,46.12,198500,41.85
20100127,46.21,46.52,45.95,46.48,193500,42.17
20100126,46.39,46.80,46.25,46.40,200500,42.10
20100125,46.68,46.71,46.39,46.54,252400,42.23
20100122,46.88,47.10,46.25,46.32,281700,42.03
20100121,47.74,47.81,46.90,47.00,396600,42.65
20100120,47.98,47.98,47.41,47.71,278600,43.29
20100119,47.73,48.18,47.67,48.18,258000,43.72
20100115,48.06,48.14,47.50,47.65,211400,43.23
20100114,48.02,48.19,47.94,48.15,184500,43.69
20100113,47.93,48.17,47.72,48.06,181200,43.61
20100112,47.71,47.92,47.60,47.81,258100,43.38
20100111,47.75,47.99,47.56,47.97,250100,43.53
20100108,47.56,47.70,47.40,47.69,258000,43.27
20100107,47.42,47.69,47.27,47.69,221000,43.27
20100106,47.40,47.53,47.36,47.45,217100,43.05
20100105,47.43,47.44,47.13,47.42,291500,43.03
20100104,47.19,47.50,47.08,47.45,726300,43.05
20091231,47.46,47.46,46.85,46.86,298800,42.52
20091230,47.18,47.38,47.17,47.35,227600,42.96
20091229,47.47,47.52,47.34,47.37,253300,42.98
20091228,47.46,47.46,47.17,47.38,324800,42.99
20091224,47.15,47.28,47.05,47.26,109400,42.88
20091223,47.17,47.17,46.85,47.07,470900,42.71
20091222,47.02,47.08,46.86,47.01,288100,42.65
20091221,46.94,47.26,46.94,47.10,250000,42.52
20091218,46.80,46.83,46.30,46.72,210900,42.17
20091217,46.93,46.94,46.56,46.60,360000,42.07
20091216,47.35,47.38,47.00,47.06,302800,42.48
20091215,47.15,47.30,47.00,47.11,406500,42.53
20091214,47.29,47.29,47.09,47.22,666300,42.63
20091211,46.99,47.14,46.82,47.11,234200,42.53
20091210,46.87,47.06,46.72,46.79,154700,42.24
20091209,46.50,46.63,46.17,46.58,345500,42.05
20091208,46.66,46.72,46.29,46.53,318000,42.00
20091207,47.10,47.19,46.79,46.97,236200,42.40
20091204,47.34,47.55,46.64,47.04,267900,42.46
20091203,47.36,47.53,46.75,46.81,280700,42.26
20091202,47.23,47.60,47.18,47.31,222500,42.71
20091201,47.18,47.44,47.00,47.29,376900,42.69
20091130,46.60,46.81,46.31,46.76,561400,42.21
20091127,46.37,46.85,46.13,46.56,159800,42.03
20091125,47.24,47.33,47.09,47.26,260500,42.66
20091124,47.17,47.17,46.73,47.11,307600,42.53
20091123,46.94,47.32,46.92,47.04,233800,42.46
20091120,46.46,46.69,46.34,46.54,139500,42.01
20091119,46.88,46.92,46.32,46.66,256600,42.12
20091118,47.18,47.18,46.87,47.12,541100,42.54
20091117,47.00,47.18,46.87,47.16,569100,42.57
20091116,46.73,47.23,46.70,47.12,517100,42.54
20091113,46.35,46.61,46.10,46.48,160500,41.96
20091112,46.69,46.82,46.14,46.23,225000,41.73
20091111,46.74,46.96,46.51,46.71,256100,42.17
20091110,46.32,46.63,46.31,46.45,286600,41.93
20091109,45.80,46.46,45.74,46.46,329900,41.94
20091106,45.29,45.61,45.12,45.58,310700,41.15
20091105,44.87,45.50,44.83,45.47,417900,41.05
20091104,44.81,45.13,44.52,44.58,235100,40.24
20091103,44.19,44.59,44.17,44.52,238000,40.19
20091102,44.24,44.84,44.02,44.55,399800,40.22
20091030,45.07,45.23,44.11,44.20,252400,39.90
20091029,44.74,45.28,44.57,45.20,192500,40.80
20091028,44.95,45.10,44.40,44.44,192200,40.12
20091027,45.32,45.39,44.92,45.07,153200,40.68
20091026,45.77,46.11,45.17,45.25,228100,40.85
20091023,46.36,46.36,45.54,45.67,483000,41.23
20091022,45.71,46.43,45.50,46.31,302000,41.80
20091021,46.06,46.56,45.65,45.71,338800,41.26
20091020,46.41,46.42,45.88,46.14,194400,41.65
20091019,46.04,46.55,45.97,46.40,352500,41.89
20091016,45.93,46.13,45.76,46.01,552200,41.53
20091015,45.93,46.34,45.88,46.30,183900,41.80
20091014,45.77,46.10,45.62,46.06,265600,41.58
20091013,45.37,45.46,45.18,45.37,189400,40.96
20091012,45.49,45.62,45.35,45.49,157600,41.06
20091009,44.92,45.33,44.88,45.33,134100,40.92
20091008,44.88,45.14,44.80,44.93,165900,40.56
20091007,44.48,44.68,44.40,44.68,139700,40.33
20091006,44.29,44.76,44.27,44.55,174300,40.22
20091005,43.64,44.06,43.48,44.01,128400,39.73
20091002,43.21,43.64,43.21,43.48,174000,39.25
20091001,44.30,44.33,43.50,43.51,192700,39.28
20090930,44.58,44.68,43.99,44.39,3009600,40.07
20090929,44.67,44.87,44.46,44.50,184900,40.17
20090928,44.14,44.69,44.14,44.59,89900,40.25
20090925,44.01,44.24,43.81,43.99,140900,39.71
20090924,44.48,44.63,43.93,44.14,257300,39.85
20090923,45.10,45.32,44.62,44.63,164800,40.08
20090922,45.03,45.14,44.83,45.07,158600,40.47
20090921,44.89,44.99,44.73,44.88,213600,40.30
20090918,45.24,45.29,45.05,45.14,185100,40.54
20090917,45.05,45.30,44.88,44.99,211000,40.40
20090916,44.62,45.08,44.37,45.08,170000,40.48
20090915,44.40,44.56,44.05,44.45,140800,39.92
20090914,43.82,44.34,43.74,44.30,196600,39.78
20090911,44.17,44.25,43.94,44.10,148000,39.60
20090910,43.85,44.14,43.59,44.12,156600,39.62
20090909,43.52,43.90,43.43,43.78,183700,39.32
20090908,43.52,43.52,43.29,43.51,129800,39.07
20090904,42.86,43.23,42.70,43.20,244700,38.79
20090903,42.54,42.82,42.32,42.78,122700,38.42
20090902,42.35,42.69,42.35,42.46,208800,38.13
20090901,43.09,43.57,42.41,42.52,349200,38.18
20090831,43.29,43.30,43.00,43.26,457300,38.85
20090828,43.90,43.93,43.29,43.50,148300,39.06
20090827,43.64,43.80,43.17,43.69,179200,39.23
20090826,43.50,43.82,43.39,43.64,318500,39.19
20090825,43.63,43.96,43.53,43.60,450800,39.15
20090824,43.73,43.85,43.35,43.46,369500,39.03
20090821,43.23,43.66,43.14,43.57,237000,39.13
20090820,42.66,43.02,42.50,42.93,208600,38.55
20090819,41.98,42.65,41.82,42.57,132100,38.23
20090818,41.91,42.24,41.86,42.15,169800,37.85
20090817,42.14,42.16,41.84,41.92,151000,37.65
20090814,43.10,43.10,42.40,42.67,182100,38.32
20090813,43.07,43.12,42.68,43.04,135300,38.65
20090812,42.43,43.22,42.41,42.92,136200,38.54
20090811,42.83,42.83,42.44,42.54,160100,38.20
20090810,42.88,43.00,42.67,42.95,208400,38.57
20090807,42.83,43.29,42.66,43.04,189800,38.65
20090806,42.85,42.95,42.34,42.50,113100,38.17
20090805,42.96,42.96,42.44,42.78,234100,38.42
20090804,42.60,43.05,42.56,42.94,237200,38.56
20090803,42.47,42.75,42.24,42.69,213300,38.34
20090731,42.25,42.57,42.16,42.24,179100,37.93
20090730,42.21,42.62,42.15,42.25,248300,37.94
20090729,41.70,42.00,41.61,41.87,192900,37.60
20090728,41.78,42.08,41.61,41.98,162100,37.70
20090727,41.81,42.02,41.63,41.99,248600,37.71
20090724,41.60,41.89,41.41,41.87,124600,37.60
20090723,40.99,41.79,40.93,41.64,263900,37.39
20090722,40.94,41.24,40.83,40.99,211800,36.81
20090721,41.35,41.36,40.66,41.13,319800,36.94
20090720,40.81,41.05,40.62,41.00,420300,36.82
20090717,40.58,40.62,40.34,40.56,282900,36.42
20090716,40.21,40.69,40.10,40.57,522600,36.43
20090715,39.84,40.35,39.66,40.29,197700,36.18
20090714,39.29,39.41,39.01,39.41,238000,35.39
20090713,38.38,39.19,38.24,39.15,121100,35.16
20090710,38.26,38.80,38.15,38.31,111700,34.40
20090709,38.66,38.74,38.41,38.45,116700,34.53
20090708,38.58,38.66,38.08,38.49,191100,34.57
20090707,39.00,39.02,38.36,38.42,178300,34.50
20090706,38.63,39.12,38.61,39.08,251100,35.09
20090702,39.44,39.51,38.94,38.95,163700,34.98
20090701,39.82,40.14,39.78,39.89,161200,35.82
20090630,40.04,40.06,39.44,39.64,240200,35.60
20090629,39.79,40.02,39.47,39.98,152600,35.90
20090626,39.57,39.76,39.39,39.64,93600,35.60
20090625,38.70,39.73,38.69,39.64,110600,35.60
20090624,39.00,39.29,38.68,38.84,193100,34.88
20090623,39.05,39.23,38.84,38.93,223300,34.75
20090622,39.64,39.71,39.00,39.00,165800,34.82
20090619,40.20,40.27,39.74,39.92,164100,35.64
20090618,39.64,40.11,39.49,39.95,143200,35.66
20090617,39.51,39.95,39.34,39.58,200300,35.33
20090616,40.23,40.24,39.56,39.59,218500,35.34
20090615,40.62,40.62,39.91,40.09,215000,35.79
20090612,40.66,40.98,40.46,40.98,747400,36.58
20090611,40.79,41.32,40.74,40.81,194000,36.43
20090610,41.25,41.28,40.25,40.67,180100,36.31
20090609,40.98,41.11,40.74,40.90,193600,36.51
20090608,40.67,41.14,40.32,40.86,139800,36.48
20090605,41.22,41.27,40.60,40.86,264300,36.48
20090604,40.72,40.85,40.29,40.81,294800,36.43
20090603,40.77,40.77,40.25,40.62,356300,36.26
20090602,40.67,41.20,40.65,40.98,254700,36.58
20090601,40.10,40.93,40.10,40.83,209800,36.45
20090529,39.28,39.68,38.90,39.68,179500,35.42
20090528,38.85,39.22,38.35,39.11,232000,34.91
20090527,39.71,39.71,38.68,38.71,221800,34.56
20090526,38.49,39.71,38.49,39.65,173500,35.40
20090522,38.70,39.00,38.53,38.67,125700,34.52
20090521,38.69,38.72,38.22,38.60,181400,34.46
20090520,39.61,39.88,38.98,39.04,196500,34.85
20090519,39.45,39.58,39.23,39.26,336300,35.05
20090518,38.64,39.47,38.64,39.46,230400,35.23
20090515,38.56,38.74,38.08,38.29,241600,34.18
20090514,38.30,38.87,38.26,38.61,232700,34.47
20090513,38.75,38.85,38.24,38.31,894000,34.20
20090512,39.20,39.64,38.74,39.31,820000,35.09
20090511,39.56,39.66,39.12,39.14,301500,34.94
20090508,39.43,39.95,39.19,39.92,268800,35.64
20090507,39.73,39.78,38.70,38.93,270900,34.75
20090506,39.12,39.37,38.77,39.34,213400,35.12
20090505,39.03,39.08,38.59,38.84,270700,34.67
20090504,38.27,39.15,38.14,39.15,300900,34.95
20090501,37.96,38.02,37.48,37.91,214700,33.84
20090430,38.34,38.40,37.67,37.81,253300,33.75
20090429,37.61,38.31,37.45,37.92,363200,33.85
20090428,36.89,37.62,36.89,37.21,181700,33.22
20090427,37.03,37.86,37.03,37.35,303800,33.34
20090424,37.47,37.87,37.26,37.56,294600,33.53
20090423,37.03,37.24,36.57,37.21,273900,33.22
20090422,36.97,37.68,36.84,36.94,397400,32.98
20090421,36.24,37.27,36.11,37.19,246700,33.20
20090420,37.26,37.44,36.50,36.52,219700,32.60
20090417,37.68,38.15,37.56,37.89,610200,33.82
20090416,37.33,37.77,36.81,37.57,321000,33.54
20090415,36.49,37.09,36.41,36.98,167300,33.01
20090414,37.08,37.19,36.61,36.71,255800,32.77
20090413,37.24,37.63,36.96,37.36,320700,33.35
20090409,37.15,37.50,36.89,37.50,394400,33.48
20090408,35.89,36.22,35.72,36.16,198900,32.28
20090407,36.17,36.22,35.77,35.79,302500,31.95
20090406,36.82,36.82,36.13,36.66,297600,32.73
20090403,36.86,36.98,36.40,36.94,185000,32.98
20090402,36.54,37.20,36.38,36.75,308400,32.81
20090401,35.03,35.83,34.75,35.71,328200,31.88
20090331,35.32,35.90,35.00,35.24,207700,31.46
20090330,35.39,35.49,34.58,34.92,251600,31.17
20090327,36.15,36.27,35.81,35.94,352500,32.08
20090326,36.10,36.46,35.69,36.46,460300,32.55
20090325,35.87,36.21,34.76,35.76,431900,31.92
20090324,35.99,36.28,34.85,35.60,310100,31.53
20090323,34.78,36.25,34.69,36.25,262700,32.11
20090320,34.72,34.91,33.98,34.00,188600,30.12
20090319,35.51,35.57,34.57,34.65,184000,30.69
20090318,34.25,35.45,33.94,35.10,404200,31.09
20090317,33.65,34.38,33.30,34.38,204500,30.45
20090316,33.91,34.33,33.50,33.64,265800,29.80
20090313,33.64,33.66,33.00,33.58,266200,29.74
20090312,32.26,33.38,31.86,33.25,337300,29.45
20090311,32.46,32.67,31.91,32.13,271500,28.46
20090310,30.95,32.17,30.95,32.11,209000,28.44
20090309,30.74,31.27,30.55,30.55,294600,27.06
20090306,30.93,31.50,30.29,30.95,308600,27.41
20090305,31.58,31.65,30.54,30.84,241200,27.32
20090304,31.91,32.66,31.60,32.18,227200,28.50
20090303,32.14,32.34,31.45,31.54,521000,27.94
20090302,31.96,32.72,31.75,31.86,465300,28.22
20090227,33.16,33.83,33.12,33.18,269700,29.39
20090226,34.74,34.91,33.85,33.88,219700,30.01
20090225,34.69,34.96,33.92,34.38,221300,30.45
20090224,33.91,34.93,33.74,34.84,258700,30.86
20090223,35.15,35.15,33.68,33.78,299400,29.92
20090220,35.01,35.19,34.15,34.79,581200,30.82
20090219,35.83,35.97,35.15,35.25,174500,31.22
20090218,35.84,35.85,35.20,35.49,352700,31.44
20090217,35.81,36.75,35.32,35.51,792900,31.45
20090213,37.23,37.38,36.70,36.70,155300,32.51
20090212,36.60,37.28,36.12,37.28,404000,33.02
20090211,37.02,37.25,36.66,37.09,507100,32.85
20090210,38.34,38.35,36.64,36.84,337900,32.63
20090209,38.64,38.65,38.15,38.43,289700,34.04
20090206,37.79,38.72,37.69,38.57,351600,34.16
20090205,36.99,37.84,36.58,37.60,312100,33.31
20090204,37.75,37.92,36.90,37.05,226600,32.82
20090203,37.04,37.61,36.74,37.43,588600,33.15
20090202,36.53,37.08,36.36,36.85,650100,32.64
20090130,37.81,37.96,36.85,37.08,1156700,32.84
20090129,38.22,38.34,37.64,37.74,244000,33.43
20090128,38.35,38.85,38.24,38.68,421500,34.26
20090127,37.59,37.95,37.35,37.81,528600,33.49
20090126,37.19,37.87,37.02,37.39,444700,33.12
20090123,36.56,37.39,36.43,37.00,764700,32.77
20090122,37.39,37.74,36.68,37.33,600900,33.07
20090121,37.42,37.89,36.65,37.81,376400,33.49
20090120,38.01,38.12,36.78,36.83,559900,32.62
20090116,38.48,38.49,37.60,38.37,422500,33.99
20090115,37.63,38.18,36.85,37.90,533000,33.57
20090114,37.94,38.25,37.42,37.64,374900,33.34
20090113,38.64,39.00,38.46,38.74,315600,34.32
20090112,39.14,39.32,38.46,38.68,640900,34.26
20090109,40.07,40.10,39.20,39.29,563800,34.80
20090108,39.69,39.99,39.42,39.99,365600,35.42
20090107,40.59,40.68,39.85,40.11,249900,35.53
20090106,41.28,41.43,40.75,41.04,385600,36.35
20090105,41.09,41.21,40.65,41.06,491400,36.37
20090102,40.32,41.39,40.07,41.21,279000,36.50
20081231,39.81,40.47,39.78,40.14,670900,35.56
20081230,39.13,39.72,39.00,39.68,371700,35.15
20081229,39.16,39.16,38.34,38.89,450000,34.45
20081226,39.10,39.25,38.79,38.99,140100,34.54
20081224,38.73,38.99,38.65,38.81,171800,34.38
20081223,39.24,39.45,38.47,38.64,257500,34.23
20081222,39.47,39.47,38.33,39.03,199200,34.57
20081219,40.17,40.44,39.45,39.47,236400,34.73
20081218,40.57,40.65,39.25,39.81,191900,35.03
20081217,40.34,40.76,40.01,40.26,165700,35.43
20081216,40.66,40.73,39.20,40.66,183600,35.78
20081215,39.47,39.47,38.47,39.04,268400,34.36
20081212,38.36,39.35,38.17,39.18,232400,34.48
20081211,39.38,40.07,38.81,39.04,864500,34.36
20081210,39.99,40.15,39.14,39.82,204600,35.04
20081209,40.41,40.44,39.25,39.41,261800,34.68
20081208,40.56,40.85,39.87,40.39,751000,35.54
20081205,37.87,39.68,37.23,39.66,258700,34.90
20081204,38.86,39.40,37.78,38.33,211900,33.73
20081203,37.32,39.42,37.32,39.42,226400,34.69
20081202,37.64,38.35,37.12,38.35,226700,33.75
20081201,39.29,39.33,37.00,37.24,175200,32.77
20081128,39.65,40.05,39.46,40.05,119700,35.24
20081126,38.04,39.52,37.45,39.52,284300,34.78
20081125,39.24,39.24,37.73,38.84,199100,34.18
20081124,37.35,38.98,36.75,38.16,242500,33.58
20081121,35.32,36.85,34.10,36.85,468100,32.43
20081120,36.32,37.29,34.44,34.68,276600,30.52
20081119,38.56,38.72,36.38,36.50,162100,32.12
20081118,37.61,38.64,37.08,38.44,269900,33.83
20081117,38.36,39.02,37.82,37.91,137900,33.36
20081114,39.50,40.40,38.61,38.71,123500,34.07
20081113,37.71,40.38,36.58,40.38,230900,35.53
20081112,38.63,38.82,37.57,37.75,133200,33.22
20081111,39.62,39.96,38.75,39.30,341800,34.58
20081110,41.12,42.28,39.52,40.05,177600,35.24
20081107,39.40,40.21,39.17,40.21,145300,35.39
20081106,40.30,40.77,38.75,39.05,197700,34.36
20081105,41.97,42.21,40.41,40.61,247600,35.74
20081104,42.06,42.47,41.57,42.47,322400,37.37
20081103,41.12,41.32,40.75,41.12,791900,36.19
20081031,40.11,41.35,40.06,41.10,402200,36.17
20081030,40.62,40.89,39.49,40.30,136300,35.46
20081029,40.00,41.12,39.22,39.22,1094000,34.51
20081028,37.38,40.07,36.48,39.74,719700,34.97
20081027,36.25,37.95,36.14,36.21,124900,31.87
20081024,35.89,37.83,35.89,37.22,213900,32.75
20081023,38.49,38.91,36.43,38.34,142100,33.74
20081022,39.46,39.46,37.18,37.98,185200,33.42
20081021,40.97,41.17,40.00,40.11,216100,35.30
20081020,39.52,41.12,39.52,41.10,407900,36.17
20081017,39.79,41.06,38.84,39.42,138400,34.69
20081016,38.54,39.89,36.75,39.83,103500,35.05
20081015,40.82,40.82,38.00,38.00,241400,33.44
20081014,45.49,45.50,40.27,41.46,237300,36.49
20081013,42.15,42.15,39.22,41.74,485300,36.73
20081010,39.23,39.72,35.54,38.33,310000,33.73
20081009,43.30,43.30,38.37,38.87,204900,34.21
20081008,42.71,42.92,41.24,41.61,165500,36.62
20081007,44.59,44.67,42.30,42.30,183500,37.22
20081006,43.29,44.79,42.25,44.06,467900,38.77
20081003,46.83,47.31,45.50,45.50,84300,40.04
20081002,47.44,47.44,46.04,46.15,65400,40.61
20081001,47.47,47.65,46.85,47.50,105600,41.80
20080930,49.00,50.50,46.82,47.85,111500,42.11
20080929,49.00,49.00,46.20,46.95,138600,41.32
20080926,47.58,49.18,47.58,49.18,38000,43.28
20080925,49.19,49.38,48.51,48.92,47700,43.05
20080924,49.97,49.97,47.98,48.20,54800,42.42
20080923,49.04,50.26,48.60,48.61,55600,42.54
20080922,50.68,50.68,48.95,48.95,34800,42.84
20080919,56.00,56.00,49.79,50.77,60100,44.43
20080918,48.56,49.95,47.40,49.61,103500,43.42
20080917,49.54,49.54,48.15,48.48,81900,42.43
20080916,48.99,50.20,48.86,50.10,102600,43.85
20080915,50.96,50.96,49.70,49.70,75200,43.50
20080912,50.92,51.32,50.80,51.26,69100,44.86
20080911,50.65,51.49,50.22,51.49,74900,45.06
20080910,50.88,51.34,50.72,50.94,76300,44.58
20080909,52.13,52.15,50.75,50.75,54700,44.41
20080908,52.98,52.98,51.24,51.92,182100,45.44
20080905,50.12,50.81,49.95,50.77,43000,44.43
20080904,51.43,51.57,50.56,50.58,75500,44.27
20080903,51.76,52.00,51.49,51.87,68700,45.39
20080902,51.94,52.59,51.53,51.68,118900,45.23
20080829,52.11,52.23,51.55,51.58,88000,45.14
20080828,51.73,52.20,51.67,52.20,89700,45.68
20080827,51.32,51.58,51.00,51.39,33300,44.97
20080826,50.76,51.15,50.74,51.08,40000,44.70
20080825,51.95,51.95,50.90,51.00,30900,44.63
20080822,51.76,51.97,51.70,51.96,31500,45.47
20080821,50.73,51.46,50.73,51.33,61000,44.92
20080820,51.52,51.52,50.89,51.27,50700,44.87
20080819,51.58,51.58,51.10,51.23,29700,44.83
20080818,52.54,52.54,51.57,51.70,33800,45.25
20080815,51.97,52.48,51.97,52.33,46800,45.80
20080814,51.39,52.30,51.39,52.01,47400,45.52
20080813,51.90,51.98,51.32,51.74,44900,45.28
20080812,52.30,52.30,51.80,51.93,45100,45.45
20080811,51.81,52.66,51.81,52.31,56400,45.78
20080808,50.94,52.09,50.94,52.05,56400,45.55
20080807,51.53,51.53,50.72,50.78,30400,44.44
20080806,51.72,51.92,51.40,51.89,21900,45.41
20080805,50.97,51.73,50.80,51.73,28300,45.27
20080804,50.59,50.74,50.12,50.43,194800,44.13
20080801,50.75,50.75,50.23,50.37,68700,44.08
20080731,50.91,51.20,50.53,50.53,40700,44.22
20080730,50.83,51.21,50.63,51.16,45500,44.77
20080729,49.80,50.52,49.80,50.50,36100,44.20
20080728,50.63,50.63,49.50,49.56,40700,43.37
20080725,50.30,50.66,50.23,50.42,72300,44.13
20080724,51.30,51.30,50.35,50.41,111800,44.12
20080723,51.23,51.36,50.89,51.27,75300,44.87
20080722,50.15,51.05,50.15,51.05,92600,44.68
20080721,50.47,50.51,50.04,50.15,79500,43.89
20080718,50.17,50.39,50.02,50.30,71200,44.02
20080717,50.11,50.39,49.54,50.26,223800,43.99
20080716,48.71,49.88,48.71,49.88,103200,43.65
20080715,49.11,49.43,48.29,48.86,85700,42.76
20080714,49.65,49.85,49.06,49.18,97100,43.04
20080711,49.77,49.96,49.03,49.49,45000,43.31
20080710,50.12,50.14,49.55,50.05,96700,43.80
20080709,50.67,50.67,50.00,50.00,44000,43.76
20080708,49.82,50.62,49.70,50.57,229100,44.26
20080707,50.23,50.32,49.28,49.86,160600,43.64
20080703,49.88,50.10,49.50,49.81,23800,43.59
20080702,50.23,50.48,49.69,49.69,26300,43.49
20080701,49.66,50.23,49.49,50.23,45700,43.96
20080630,50.15,50.45,49.86,50.00,50400,43.76
20080627,50.60,50.60,49.87,50.07,39600,43.82
20080626,51.20,51.30,50.40,50.40,106000,44.11
20080625,51.62,52.11,51.49,51.68,54200,45.23
20080624,51.31,51.72,51.07,51.36,39600,44.95
20080623,52.13,52.13,51.77,51.85,27800,45.13
20080620,52.24,52.30,51.76,51.88,48300,45.16
20080619,52.49,52.83,52.38,52.68,50400,45.85
20080618,52.81,52.91,52.38,52.46,158500,45.66
20080617,53.91,53.91,53.09,53.09,27100,46.21
20080616,54.14,54.14,53.27,53.52,16000,46.58
20080613,53.57,53.63,53.21,53.62,23300,46.67
20080612,53.22,53.57,52.91,53.14,18300,46.25
20080611,53.59,53.59,52.93,52.93,36400,46.07
20080610,53.50,53.98,53.43,53.61,73800,46.66
20080609,53.57,53.80,53.27,53.56,187200,46.62
20080606,54.40,54.47,53.40,53.40,59000,46.48
20080605,54.27,54.98,54.27,54.96,13500,47.84
20080604,54.00,54.32,53.90,54.03,71100,47.03
20080603,54.10,54.38,53.74,54.06,79300,47.05
20080602,54.59,54.59,53.83,54.16,32400,47.14
20080530,54.74,54.77,54.55,54.56,26800,47.49
20080529,54.29,54.89,54.16,54.65,17200,47.57
20080528,54.28,54.28,53.94,54.19,20500,47.17
20080527,53.80,54.15,53.71,54.06,59800,47.05
20080523,54.28,54.28,53.72,53.80,66300,46.83
20080522,54.47,54.47,54.14,54.35,182000,47.31
20080521,54.99,54.99,54.07,54.17,32400,47.15
20080520,55.21,55.21,54.58,54.75,35300,47.66
20080519,55.19,55.64,55.04,55.28,40600,48.12
20080516,55.33,55.33,54.90,55.08,38700,47.94
20080515,54.64,55.17,54.64,55.10,72900,47.96
20080514,54.86,55.12,54.77,54.83,37300,47.72
20080513,54.78,54.78,54.38,54.56,27800,47.49
20080512,54.17,54.54,53.99,54.46,18700,47.40
20080509,53.86,54.04,53.68,53.94,19100,46.95
20080508,54.40,54.40,54.10,54.24,15500,47.21
20080507,55.14,55.14,54.17,54.17,19700,47.15
20080506,54.75,55.11,54.44,55.09,20000,47.95
20080505,55.20,55.20,54.76,54.93,22800,47.81
20080502,55.98,55.98,55.08,55.19,28300,48.04
20080501,54.42,55.28,54.40,55.18,28100,48.03
20080430,55.19,56.20,54.37,54.38,39900,47.33
20080429,54.72,54.87,54.57,54.73,19000,47.64
20080428,54.69,54.86,54.58,54.64,45100,47.56
20080425,54.54,54.59,54.00,54.52,25800,47.46
20080424,54.41,54.70,53.22,54.30,70400,47.26
20080423,54.29,54.35,53.85,54.04,20300,47.04
20080422,54.43,54.43,53.85,54.12,31400,47.11
20080421,54.65,54.65,54.27,54.50,29000,47.44
20080418,55.26,55.26,54.52,54.66,100400,47.58
20080417,53.77,54.16,53.77,54.05,13300,47.05
20080416,53.94,54.18,53.62,54.18,16600,47.16
20080415,53.92,53.92,52.85,53.24,61100,46.34
20080414,53.04,53.18,52.78,53.00,20800,46.13
20080411,53.79,53.79,52.98,53.08,23300,46.20
20080410,53.88,54.25,53.79,54.05,12600,47.05
20080409,54.69,54.69,53.62,53.75,14500,46.78
20080408,54.18,54.35,54.10,54.35,13600,47.31
20080407,54.67,55.05,54.29,54.34,39700,47.30
20080404,54.98,54.98,54.19,54.38,18200,47.33
20080403,54.42,54.50,54.14,54.37,29700,47.32
20080402,54.09,54.65,54.09,54.42,10700,47.37
20080401,54.25,54.58,53.54,54.58,47400,47.51
20080331,52.62,53.18,52.62,53.02,20100,46.15
20080328,53.66,53.66,52.50,52.53,12700,45.72
20080327,53.47,53.48,52.80,52.80,34600,45.96
20080326,53.52,53.52,53.15,53.22,25300,46.32
20080325,54.85,54.85,53.34,53.65,30000,46.70
20080324,53.48,54.04,53.48,53.84,21800,46.67
20080320,52.00,53.22,52.00,53.20,17300,46.12
20080319,52.21,53.42,52.13,52.13,34500,45.19
20080318,52.82,52.95,51.87,52.95,75600,45.90
20080317,50.00,51.50,50.00,51.18,88200,44.37
20080314,52.49,52.49,50.79,51.23,80300,44.41
20080313,51.32,52.30,50.99,52.00,86300,45.08
20080312,52.28,52.60,51.91,51.92,38200,45.01
20080311,51.73,52.11,51.06,52.11,167000,45.17
20080310,51.26,51.26,50.43,50.51,69700,43.79
20080307,51.35,51.71,50.81,51.09,79000,44.29
20080306,52.40,52.40,51.50,51.56,66300,44.70
20080305,52.49,52.85,52.05,52.43,75700,45.45
20080304,51.53,52.41,51.53,52.30,66400,45.34
20080303,52.29,52.42,51.92,52.41,54100,45.43
20080229,52.92,52.92,52.04,52.18,32700,45.23
20080228,53.52,53.71,53.39,53.45,14600,46.33
20080227,53.69,54.27,53.69,53.92,22800,46.74
20080226,53.65,54.21,53.43,54.04,34900,46.85
20080225,52.84,53.60,52.68,53.54,102200,46.41
20080222,52.60,52.81,51.86,52.81,73100,45.78
20080221,53.08,53.17,52.25,52.29,56900,45.33
20080220,52.24,53.02,52.09,52.88,90100,45.84
20080219,52.20,54.13,52.20,52.53,57200,45.54
20080215,52.87,52.87,52.17,52.61,50200,45.61
20080214,53.33,53.33,52.52,52.52,46700,45.53
20080213,53.01,53.32,52.75,53.23,35200,46.14
20080212,52.49,53.00,52.41,52.75,30000,45.73
20080211,52.06,52.24,51.54,52.19,31500,45.24
20080208,52.30,52.43,51.76,51.96,68100,45.04
20080207,51.73,52.57,51.73,52.34,42600,45.37
20080206,52.25,52.63,51.75,51.75,28600,44.86
20080205,52.68,52.93,52.22,52.22,30500,45.27
20080204,54.36,54.36,53.50,53.59,35900,46.46
20080201,53.49,53.97,53.44,53.91,26800,46.73
20080131,52.06,53.59,51.78,53.00,38200,45.94
20080130,52.82,53.67,52.15,52.15,67300,45.21
20080129,52.65,52.83,52.39,52.78,91800,45.75
20080128,51.61,52.57,51.49,52.57,46200,45.57
20080125,53.05,53.05,51.70,51.84,26100,44.94
20080124,52.73,52.73,52.21,52.67,1515500,45.66
20080123,50.11,52.47,50.00,52.42,57700,45.44
20080122,50.75,51.72,49.81,51.24,73000,44.42
20080118,52.21,52.39,51.18,51.53,108600,44.67
20080117,53.24,53.24,51.64,51.80,117900,44.90
20080116,53.13,53.69,52.94,53.05,97600,45.99
20080115,53.77,53.77,53.23,53.26,45200,46.17
20080114,54.33,54.33,54.02,54.23,39200,47.01
20080111,54.40,54.41,53.69,53.90,75800,46.72
20080110,53.94,54.99,53.94,54.66,79900,47.38
20080109,53.72,54.24,53.24,54.18,49300,46.97
20080108,54.71,54.78,53.47,53.72,106300,46.57
20080107,54.50,54.65,54.09,54.50,134800,47.24
20080104,54.63,54.68,53.98,54.13,30100,46.92
20080103,55.54,55.54,54.94,55.08,26200,47.75
20080102,56.51,56.51,54.88,55.05,19900,47.72
20071231,56.01,56.27,55.80,55.95,39800,48.50
20071228,56.77,56.77,56.21,56.30,35000,48.80
20071227,56.57,56.73,56.21,56.21,44000,48.73
20071226,57.10,57.10,56.65,56.88,16400,49.31
20071224,57.00,57.00,56.85,57.00,13200,49.41
20071221,56.34,56.60,56.22,56.47,22600,48.95
20071220,55.73,55.73,55.22,55.70,9700,48.28
20071219,55.96,56.07,55.56,55.93,10200,48.24
20071218,56.02,56.04,55.20,55.85,40000,48.17
20071217,56.01,56.01,55.39,55.45,17000,47.83
20071214,56.47,56.68,56.16,56.20,11000,48.47
20071213,57.03,57.03,56.26,56.85,15600,49.03
20071212,57.53,57.53,56.18,56.81,25400,49.00
20071211,57.85,58.02,56.40,56.40,36300,48.65
20071210,57.44,57.90,57.44,57.84,20900,49.89
20071207,57.83,57.83,57.34,57.37,9400,49.48
20071206,56.81,57.57,56.78,57.57,11100,49.65
20071205,56.75,56.81,56.47,56.65,5300,48.86
20071204,56.90,56.90,55.86,56.02,10800,48.32
20071203,56.39,56.48,56.23,56.24,6500,48.51
20071130,56.66,56.77,56.24,56.51,46000,48.74
20071129,56.01,56.34,55.92,56.25,12100,48.52
20071128,54.78,56.40,54.78,56.26,19700,48.52
20071127,53.80,54.92,53.80,54.72,24700,47.20
20071126,55.13,55.19,53.98,54.05,27700,46.62
20071123,54.59,55.09,54.59,54.95,5700,47.39
20071121,54.75,54.86,54.30,54.33,32900,46.86
20071120,55.05,55.53,54.37,55.17,24200,47.58
20071119,55.68,55.68,54.65,54.73,20400,47.20
20071116,55.77,55.77,55.15,55.62,21800,47.97
20071115,55.32,56.01,55.03,55.48,25700,47.85
20071114,56.40,56.55,55.87,55.92,7800,48.23
20071113,55.61,56.18,55.24,56.18,9100,48.46
20071112,54.77,55.52,54.77,54.84,15700,47.30
20071109,54.90,55.52,54.76,54.90,15900,47.35
20071108,55.29,55.57,54.82,55.57,56900,47.93
20071107,56.75,56.75,55.30,55.30,16100,47.70
20071106,56.28,56.72,56.04,56.72,8500,48.92
20071105,55.86,56.20,55.67,56.05,23600,48.34
20071102,56.17,56.23,55.63,56.15,28100,48.43
20071101,56.90,56.96,56.15,56.20,49700,48.47
20071031,57.27,57.77,56.00,57.68,21600,49.75
20071030,57.45,57.49,57.18,57.25,12000,49.38
20071029,57.40,57.67,57.39,57.56,7400,49.65
20071026,57.10,57.35,56.84,57.32,20900,49.44
20071025,56.83,57.13,56.30,56.97,61700,49.14
20071024,56.73,56.82,56.06,56.82,13700,49.01
20071023,56.80,56.82,56.36,56.82,96000,49.01
20071022,56.13,56.57,55.99,56.56,16200,48.78
20071019,57.33,57.33,56.30,56.32,22900,48.58
20071018,57.61,57.73,57.45,57.64,7500,49.71
20071017,58.15,58.15,57.33,57.74,11900,49.80
20071016,57.96,58.03,57.70,57.91,6400,49.95
20071015,58.44,58.44,57.80,58.07,21500,50.09
20071012,58.55,58.68,58.48,58.63,25300,50.57
20071011,59.13,59.16,58.34,58.57,19000,50.52
20071010,58.85,58.88,58.60,58.81,7300,50.72
20071009,58.70,58.99,58.55,58.98,7200,50.87
20071008,58.60,58.61,58.46,58.60,5500,50.54
20071005,58.46,58.92,58.42,58.71,13000,50.64
20071004,58.20,58.24,58.12,58.19,278600,50.19
20071003,58.18,58.34,58.13,58.13,2700,50.14
20071002,58.46,58.51,58.25,58.38,12600,50.35
20071001,58.18,58.63,58.17,58.53,8600,50.48
20070928,57.91,58.00,57.73,57.87,9400,49.91
20070927,57.85,58.00,57.77,57.98,7800,50.01
20070926,57.51,57.85,57.48,57.72,7000,49.78
20070925,57.30,57.35,57.17,57.29,12800,49.41
20070924,57.76,57.92,57.46,57.49,14400,49.59
20070921,58.15,58.25,58.04,58.04,10700,49.87
20070920,58.07,58.22,57.87,57.92,6000,49.77
20070919,58.23,58.54,58.20,58.26,21600,50.06
20070918,56.56,57.89,56.53,57.83,8600,49.69
20070917,56.36,56.45,56.18,56.30,10500,48.38
20070914,56.17,56.65,56.04,56.58,11900,48.62
20070913,56.33,56.69,56.27,56.42,9700,48.48
20070912,55.78,56.24,55.78,56.10,4900,48.21
20070911,55.70,55.93,55.59,55.93,3000,48.06
20070910,55.45,55.47,54.85,55.25,15800,47.48
20070907,55.58,55.63,55.16,55.31,20700,47.53
20070906,56.04,56.28,55.95,56.07,9500,48.18
20070905,56.07,56.08,55.77,55.87,156700,48.01
20070904,56.00,56.55,56.00,56.44,11900,48.50
20070831,56.09,56.36,55.91,56.16,8900,48.26
20070830,55.55,55.92,55.48,55.64,6600,47.81
20070829,55.11,55.86,54.99,55.67,8600,47.84
20070828,55.62,55.63,54.78,54.88,14000,47.16
20070827,56.14,56.17,55.92,55.92,19300,48.05
20070824,55.75,56.32,55.75,56.32,14000,48.39
20070823,55.99,56.23,55.43,55.69,7100,47.85
20070822,55.66,55.90,55.46,55.89,14900,48.03
20070821,55.32,55.50,55.04,55.19,18200,47.42
20070820,55.30,55.39,54.78,55.30,10000,47.52
20070817,55.20,55.51,54.71,55.28,24200,47.50
20070816,53.60,54.16,52.75,54.12,33000,46.50
20070815,54.39,54.94,53.74,53.74,41200,46.18
20070814,55.24,55.26,54.46,54.46,21700,46.80
20070813,55.97,55.97,55.38,55.42,14600,47.62
20070810,55.23,56.00,55.00,55.74,18700,47.90
20070809,56.42,56.72,55.75,55.75,32900,47.90
20070808,56.69,57.24,56.61,57.09,144600,49.06
20070807,55.66,56.63,55.66,56.47,8100,48.52
20070806,54.59,55.82,54.44,55.75,65800,47.90
20070803,55.71,55.71,54.33,54.40,11400,46.74
20070802,55.70,55.81,55.31,55.71,17300,47.87
20070801,54.94,56.18,54.50,55.47,42100,47.66
20070731,55.90,56.12,54.90,54.90,13400,47.17
20070730,55.06,55.85,55.06,55.68,20900,47.84
20070727,55.86,56.14,55.00,55.00,31400,47.26
20070726,56.75,56.81,55.48,56.06,26600,48.17
20070725,57.35,57.41,56.76,57.33,16800,49.26
20070724,57.53,57.76,56.88,57.06,17700,49.03
20070723,57.89,58.09,57.82,57.92,13300,49.77
20070720,58.11,58.11,57.42,57.53,11100,49.43
20070719,58.35,58.37,58.25,58.35,4200,50.14
20070718,58.00,58.20,57.73,58.05,13700,49.88
20070717,58.30,58.38,58.08,58.10,18300,49.92
20070716,58.14,58.39,58.14,58.21,24800,50.02
20070713,58.00,58.32,57.92,58.18,16100,49.99
20070712,57.36,58.00,57.36,58.00,10400,49.84
20070711,56.76,56.96,56.64,56.96,9800,48.94
20070710,57.15,57.18,56.68,56.70,7300,48.72
20070709,57.44,57.52,57.31,57.45,8200,49.37
20070706,56.95,57.43,56.95,57.28,8400,49.22
20070705,57.11,57.16,56.84,57.05,41600,49.02
20070703,57.04,57.12,57.01,57.12,5300,49.08
20070702,56.76,56.93,56.65,56.80,5200,48.81
20070629,56.73,56.93,56.16,56.32,5800,48.39
20070628,56.54,56.78,56.54,56.62,7500,48.65
20070627,55.96,56.50,55.96,56.50,10400,48.55
20070626,56.46,56.50,56.22,56.29,3700,48.37
20070625,56.35,56.81,56.14,56.33,11500,48.40
20070622,57.20,57.20,56.63,56.67,7100,48.53
20070621,56.89,57.35,56.89,57.21,8200,48.99
20070620,57.80,57.80,57.03,57.03,10400,48.84
20070619,57.35,57.54,57.30,57.54,5500,49.28
20070618,57.58,57.58,57.43,57.46,15600,49.21
20070615,57.58,57.68,57.50,57.53,9600,49.27
20070614,57.10,57.23,57.03,57.20,9000,48.99
20070613,56.46,56.98,56.42,56.98,9600,48.80
20070612,56.67,56.78,56.21,56.21,6800,48.14
20070611,56.76,56.92,56.59,56.77,5600,48.62
20070608,56.09,56.62,56.09,56.62,2600,48.49
20070607,56.90,56.94,56.20,56.20,17400,48.13
20070606,57.25,57.25,57.00,57.03,6800,48.84
20070605,57.56,57.65,57.41,57.43,3500,49.18
20070604,57.64,57.79,57.60,57.79,4900,49.49
20070601,57.62,57.71,57.51,57.63,5200,49.35
20070531,57.47,57.53,57.31,57.43,4500,49.18
20070530,56.80,57.28,56.80,57.28,6700,49.05
20070529,56.99,57.02,56.72,56.88,6300,48.71
20070525,56.74,56.94,56.73,56.88,8500,48.71
20070524,57.08,57.26,56.55,56.59,8700,48.46
20070523,57.18,57.39,57.06,57.06,24200,48.87
20070522,56.96,57.20,56.92,57.03,9100,48.84
20070521,57.13,57.13,57.01,57.01,3500,48.82
20070518,56.85,57.19,56.85,57.03,3900,48.84
20070517,56.80,56.82,56.63,56.81,10600,48.65
20070516,56.48,56.85,56.43,56.83,31400,48.67
20070515,56.60,56.87,56.37,56.39,18600,48.29
20070514,56.72,56.72,56.43,56.50,12900,48.39
20070511,56.33,56.58,56.33,56.58,13200,48.45
20070510,56.60,56.69,56.23,56.24,14200,48.16
20070509,56.58,56.89,56.58,56.82,17100,48.66
20070508,56.56,56.61,56.42,56.61,13300,48.48
20070507,56.79,56.79,56.67,56.73,13900,48.58
20070504,56.63,56.70,56.48,56.56,4300,48.44
20070503,56.42,56.60,56.37,56.60,8200,48.47
20070502,56.17,56.51,56.17,56.35,19600,48.26
20070501,55.85,56.07,55.73,56.04,6500,47.99
20070430,56.18,56.28,55.98,56.04,14900,47.99
20070427,56.00,56.30,56.00,56.21,4900,48.14
20070426,56.27,56.28,56.10,56.15,5400,48.09
20070425,55.95,56.28,55.92,56.19,9900,48.12
20070424,55.80,55.86,55.55,55.77,15000,47.76
20070423,56.13,56.22,55.79,55.80,76200,47.79
20070420,55.85,56.05,55.73,56.05,10900,48.00
20070419,55.33,55.44,55.17,55.36,19400,47.41
20070418,55.38,55.51,55.32,55.51,5800,47.54
20070417,55.34,55.60,55.34,55.51,18100,47.54
20070416,54.95,55.17,54.92,55.16,10500,47.24
20070413,54.50,54.50,54.23,54.49,5900,46.66
20070412,54.09,54.35,53.97,54.35,11300,46.54
20070411,54.44,54.44,54.04,54.15,18700,46.37
20070410,54.43,54.51,54.40,54.44,11500,46.62
20070409,54.39,54.47,54.27,54.38,17300,46.57
20070405,54.20,54.40,54.20,54.32,13400,46.52
20070404,54.22,54.27,54.10,54.25,8100,46.46
20070403,54.00,54.33,54.00,54.21,19200,46.42
20070402,53.75,53.77,53.48,53.73,13100,46.01
20070330,53.70,53.90,53.39,53.66,9600,45.95
20070329,53.83,53.83,53.35,53.67,12900,45.96
20070328,53.69,53.69,53.39,53.56,14400,45.87
20070327,53.96,54.01,53.74,53.89,18200,46.15
20070326,54.32,54.32,53.86,54.25,27300,46.46
20070323,54.32,54.52,54.32,54.48,12600,46.50
20070322,54.55,54.55,54.20,54.29,60700,46.34
20070321,53.57,54.37,53.53,54.27,18300,46.32
20070320,53.30,53.54,53.23,53.54,4700,45.70
20070319,52.98,53.26,52.96,53.18,9000,45.39
20070316,52.95,52.97,52.63,52.68,10200,44.96
20070315,52.85,52.97,52.74,52.93,7300,45.18
20070314,52.56,52.81,51.90,52.72,14900,45.00
20070313,53.25,53.41,52.50,52.59,18000,44.89
20070312,53.50,53.65,53.36,53.58,10600,45.73
20070309,53.72,53.72,53.33,53.54,9100,45.70
20070308,53.50,53.60,53.30,53.45,9900,45.62
20070307,53.25,53.40,53.07,53.17,19900,45.38
20070306,53.20,53.27,52.90,53.27,20100,45.47
20070305,52.90,53.11,52.55,52.74,24900,45.01
20070302,53.35,53.47,52.97,53.00,12500,45.24
20070301,52.90,53.62,52.68,53.38,15900,45.56
20070228,53.80,53.95,53.48,53.69,46900,45.82
20070227,54.80,54.80,53.46,53.59,56200,45.74
20070226,55.29,55.37,55.00,55.37,25400,47.26
20070223,55.37,55.50,55.09,55.24,14000,47.15
20070222,55.53,55.53,55.16,55.36,30800,47.25
20070221,55.44,55.72,55.32,55.42,19600,47.30
20070220,55.45,55.59,55.13,55.59,12700,47.45
20070216,55.44,55.44,55.28,55.36,11000,47.25
20070215,55.29,55.43,55.26,55.42,8700,47.30
20070214,55.15,55.38,55.03,55.30,24000,47.20
20070213,54.83,54.99,54.77,54.99,19700,46.93
20070212,54.85,54.85,54.58,54.63,20400,46.63
20070209,55.15,55.15,54.63,54.74,9000,46.72
20070208,55.00,55.36,54.84,55.02,40200,46.96
20070207,55.10,55.22,55.00,55.10,12900,47.03
20070206,55.14,55.14,54.95,55.06,10400,46.99
20070205,55.20,55.20,54.94,54.99,17200,46.93
20070202,55.20,55.20,54.99,55.12,7500,47.04
20070201,54.77,55.02,54.77,55.02,11000,46.96
20070131,54.28,54.73,54.20,54.64,15700,46.63
20070130,54.15,54.29,54.11,54.28,26200,46.33
20070129,54.16,54.23,54.05,54.11,38200,46.18
20070126,54.20,54.20,53.91,54.07,21700,46.15
20070125,54.66,54.66,54.14,54.21,17400,46.27
20070124,54.48,54.71,54.45,54.71,19800,46.69
20070123,54.26,54.55,54.25,54.43,20500,46.46
20070122,54.52,54.52,54.14,54.31,31100,46.35
20070119,54.55,54.65,54.44,54.60,325700,46.60
20070118,54.70,54.70,54.52,54.58,12800,46.58
20070117,54.52,54.76,54.50,54.60,19700,46.60
20070116,54.70,54.70,54.42,54.52,26600,46.53
20070112,54.36,54.46,54.22,54.43,12800,46.46
20070111,54.05,54.40,54.05,54.33,24600,46.37
20070110,53.67,53.95,53.62,53.92,21700,46.02
20070109,54.01,54.01,53.66,53.86,10100,45.97
20070108,53.64,53.82,53.45,53.78,15700,45.90
20070105,53.78,53.78,53.53,53.62,35800,45.76
20070104,53.80,54.02,53.72,54.01,18700,46.10
20070103,54.23,54.35,53.70,53.96,13000,46.05
20061229,53.90,54.08,53.79,53.80,9100,45.92
20061228,54.09,54.12,53.97,53.97,6800,46.06
20061227,54.00,54.09,53.94,54.09,42400,46.17
20061226,53.52,53.77,53.51,53.77,31400,45.89
20061222,53.66,53.66,53.48,53.51,7300,45.67
20061221,54.11,54.11,53.88,53.95,8000,45.83
20061220,54.22,54.25,54.12,54.13,9700,45.98
20061219,53.92,54.20,53.87,54.20,16500,46.04
20061218,54.24,54.31,54.00,54.11,23600,45.97
20061215,54.21,54.31,54.19,54.25,9000,46.09
20061214,53.80,54.21,53.80,54.16,16200,46.01
20061213,53.87,53.96,53.71,53.77,8000,45.68
20061212,53.71,53.73,53.50,53.69,13400,45.61
20061211,53.79,53.79,53.65,53.69,13800,45.61
20061208,53.78,53.88,53.68,53.77,16300,45.68
20061207,54.05,54.10,53.73,53.75,4700,45.66
20061206,53.90,53.99,53.89,53.95,9800,45.83
20061205,53.70,53.89,53.70,53.85,79500,45.75
20061204,53.33,53.70,53.33,53.63,13500,45.56
20061201,53.21,53.21,52.64,52.81,230500,44.86
20061130,53.25,53.28,52.90,53.20,9500,45.19
20061129,52.92,53.16,52.89,53.15,33800,45.15
20061128,52.65,52.75,52.48,52.75,19000,44.81
20061127,53.19,53.21,52.64,52.64,7300,44.72
20061124,53.32,53.47,53.32,53.39,800,45.36
20061122,53.52,53.54,53.45,53.54,5400,45.48
20061121,53.47,53.51,53.39,53.43,7300,45.39
20061120,53.42,53.49,53.37,53.39,18400,45.36
20061117,53.35,53.46,53.35,53.46,5400,45.42
20061116,53.45,53.51,53.32,53.51,17200,45.46
20061115,53.15,53.45,53.15,53.31,14800,45.29
20061114,52.80,53.16,52.60,53.12,5500,45.13
20061113,52.65,52.82,52.65,52.70,6700,44.77
20061110,52.71,52.71,52.55,52.66,7200,44.74
20061109,53.10,53.10,52.55,52.55,8500,44.64
20061108,52.88,53.15,52.88,53.05,29800,45.07
20061107,52.83,53.11,52.83,52.95,17600,44.98
20061106,52.48,52.83,52.48,52.81,17000,44.86
20061103,52.56,52.59,52.22,52.30,8600,44.43
20061102,52.33,52.39,52.23,52.39,6000,44.51
20061101,52.95,52.95,52.42,52.42,5100,44.53
20061031,52.95,52.96,52.65,52.76,39500,44.82
20061030,52.78,52.87,52.65,52.80,10500,44.85
20061027,52.92,53.05,52.82,52.83,8200,44.88
20061026,52.91,53.21,52.82,53.21,17800,45.20
20061025,52.89,52.90,52.73,52.85,5200,44.90
20061024,52.82,52.85,52.72,52.81,11000,44.86
20061023,52.34,52.90,52.34,52.89,9700,44.93
20061020,52.27,52.40,52.25,52.40,5300,44.51
20061019,52.41,52.50,52.31,52.32,5500,44.45
20061018,52.73,52.73,52.39,52.46,12700,44.57
20061017,52.38,52.38,52.05,52.25,10200,44.39
20061016,52.25,52.51,52.25,52.51,7200,44.61
20061013,52.23,52.26,52.10,52.26,5600,44.40
20061012,52.15,52.33,52.14,52.33,13200,44.46
20061011,52.00,52.04,51.90,52.01,4200,44.18
20061010,52.22,52.22,51.92,52.04,5100,44.21
20061009,51.90,51.98,51.76,51.98,6100,44.16
20061006,51.87,51.90,51.75,51.83,6000,44.03
20061005,52.00,52.10,51.91,52.09,11200,44.25
20061004,51.35,51.87,51.35,51.87,5500,44.06
20061003,51.17,51.50,51.17,51.44,14000,43.70
20061002,51.17,51.38,51.09,51.22,16000,43.51
20060929,51.53,51.53,51.33,51.36,10200,43.63
20060928,51.59,51.60,51.24,51.60,5000,43.84
20060927,51.44,51.56,51.34,51.48,9900,43.73
20060926,51.01,51.40,51.01,51.39,6100,43.66
20060925,50.66,51.17,50.63,51.09,7300,43.40
20060922,50.85,50.85,50.65,50.74,67200,42.95
20060921,51.34,51.37,50.88,50.88,12100,43.07
20060920,51.22,51.37,51.20,51.33,21700,43.45
20060919,50.98,51.03,50.82,51.03,14100,43.20
20060918,51.11,51.20,50.97,51.07,20000,43.23
20060915,51.22,51.37,51.14,51.19,4200,43.34
20060914,50.97,51.05,50.78,50.95,13800,43.13
20060913,50.93,51.03,50.85,51.03,4500,43.20
20060912,50.53,50.93,50.53,50.93,6700,43.12
20060911,50.25,50.49,50.14,50.43,16800,42.69
20060908,50.22,50.43,50.22,50.43,7100,42.69
20060907,50.19,50.31,50.06,50.08,21100,42.40
20060906,50.56,50.56,50.30,50.30,12700,42.58
20060905,50.65,50.71,50.58,50.69,8000,42.91
20060901,50.57,50.72,50.50,50.63,8900,42.86
20060831,50.32,50.41,50.28,50.41,20900,42.67
20060830,50.26,50.43,50.26,50.34,9400,42.62
20060829,50.15,50.35,50.00,50.32,18000,42.60
20060828,49.77,50.16,49.77,50.16,11300,42.46
20060825,49.73,49.80,49.62,49.78,22400,42.14
20060824,49.90,49.90,49.67,49.78,6300,42.14
20060823,49.99,50.00,49.63,49.64,8900,42.02
20060822,49.99,50.00,49.88,49.95,14300,42.29
20060821,50.02,50.02,49.94,49.98,6100,42.31
20060818,50.18,50.18,49.97,50.13,8600,42.44
20060817,49.93,50.18,49.93,50.14,8900,42.45
20060816,49.83,49.98,49.72,49.98,14300,42.31
20060815,49.40,49.61,49.40,49.61,7700,42.00
20060814,49.27,49.42,49.04,49.04,6800,41.52
20060811,48.92,48.96,48.83,48.92,17700,41.41
20060810,48.61,49.10,48.59,48.98,12400,41.46
20060809,49.26,49.26,48.56,48.56,23800,41.11
20060808,49.36,49.36,48.91,48.97,20000,41.46
20060807,49.23,49.24,49.11,49.23,6500,41.68
20060804,49.70,49.70,49.23,49.25,39100,41.69
20060803,48.99,49.37,48.99,49.34,16700,41.77
20060802,49.11,49.34,49.07,49.22,8300,41.67
20060801,49.07,49.07,48.80,48.94,23400,41.43
20060731,49.28,49.29,49.20,49.29,10400,41.73
20060728,49.01,49.42,49.01,49.34,24900,41.77
20060727,48.97,49.17,48.78,48.78,29100,41.30
20060726,48.86,49.00,48.70,48.93,24300,41.42
20060725,48.74,49.06,48.61,49.03,37700,41.51
20060724,48.31,48.85,48.31,48.78,16000,41.30
20060721,48.44,48.48,48.06,48.16,29600,40.77
20060720,48.86,48.91,48.45,48.45,37800,41.02
20060719,48.26,48.90,48.26,48.80,37600,41.31
20060718,48.00,48.00,47.53,47.91,14400,40.56
20060717,47.74,47.90,47.65,47.88,17300,40.53
20060714,48.05,48.05,47.60,47.77,39700,40.44
20060713,48.54,48.54,48.09,48.19,41000,40.80
20060712,49.15,49.15,48.64,48.68,4800,41.21
20060711,48.97,48.97,48.73,48.90,9900,41.40
20060710,48.88,49.11,48.88,49.02,6200,41.50
20060707,49.19,49.19,48.76,48.84,13600,41.35
20060706,49.21,49.32,49.21,49.23,2900,41.68
20060705,49.37,49.37,48.89,49.05,11100,41.52
20060703,49.08,49.32,49.08,49.32,7900,41.75
20060630,49.28,49.30,49.17,49.18,12100,41.63
20060629,48.68,49.24,48.60,49.24,38100,41.68
20060628,48.32,48.40,48.14,48.32,40300,40.91
20060627,48.67,48.67,48.23,48.25,12900,40.85
20060626,48.52,48.58,48.47,48.58,9200,41.13
20060623,48.55,48.83,48.51,48.60,28900,41.06
20060622,48.81,48.81,48.55,48.69,28900,41.14
20060621,48.74,49.08,48.74,48.94,61000,41.35
20060620,48.57,48.78,48.55,48.59,16800,41.05
20060619,49.04,49.04,48.49,48.52,20300,40.99
20060616,49.06,49.06,48.88,48.96,34700,41.36
20060615,48.44,49.04,48.44,49.04,23100,41.43
20060614,48.13,48.26,47.95,48.26,42500,40.77
20060613,48.33,48.56,48.02,48.06,45100,40.60
20060612,48.86,48.86,48.39,48.39,14700,40.88
20060609,48.92,49.15,48.80,48.81,14800,41.24
20060608,48.80,49.00,48.36,48.90,75300,41.31
20060607,49.09,49.30,48.86,48.88,14700,41.30
20060606,49.13,49.13,48.63,48.88,65300,41.30
20060605,49.64,49.64,49.00,49.00,28100,41.40
20060602,49.94,49.94,49.59,49.76,18600,42.04
20060601,49.38,49.84,49.38,49.84,4900,42.11
20060531,49.22,49.37,49.08,49.37,36400,41.71
20060530,49.56,49.56,49.08,49.08,14600,41.47
20060526,49.69,49.81,49.62,49.79,13200,42.07
20060525,49.43,49.57,49.34,49.57,14700,41.88
20060524,48.87,49.27,48.75,49.27,48600,41.63
20060523,49.36,49.40,48.98,48.98,11000,41.38
20060522,49.14,49.23,48.85,49.20,29700,41.57
20060519,49.29,49.35,48.96,49.24,41000,41.60
20060518,49.46,49.49,49.09,49.16,23700,41.53
20060517,49.93,49.93,49.30,49.41,55800,41.74
20060516,50.22,50.31,50.11,50.12,11300,42.34
20060515,49.80,50.08,49.75,50.08,30100,42.31
20060512,50.26,50.26,49.85,49.85,12300,42.12
20060511,50.70,50.70,50.30,50.32,9200,42.51
20060510,50.85,50.91,50.80,50.86,8000,42.97
20060509,50.85,50.92,50.84,50.91,12700,43.01
20060508,50.79,50.90,50.79,50.85,22800,42.96
20060505,50.44,50.70,50.43,50.70,10900,42.83
20060504,50.27,50.27,50.11,50.20,14800,42.41
20060503,50.11,50.11,49.96,50.11,23500,42.34
20060502,50.01,50.20,49.94,50.14,39900,42.36
