20140814,52.59,52.69,52.48,52.58,113300,52.58
20140813,52.56,52.59,52.55,52.58,607100,52.58
20140812,52.42,52.53,52.42,52.48,46300,52.48
20140811,52.52,52.52,52.45,52.50,22700,52.50
20140808,52.52,52.62,52.49,52.52,27700,52.52
20140807,52.40,52.56,52.40,52.54,70900,52.54
20140806,52.54,52.56,52.44,52.51,80800,52.51
20140805,52.38,52.50,52.38,52.46,94500,52.46
20140804,52.49,52.52,52.43,52.47,76300,52.47
20140801,52.38,52.45,52.31,52.38,64100,52.38
20140731,52.33,52.40,52.27,52.37,60400,52.30
20140730,52.43,52.44,52.26,52.29,63000,52.22
20140729,52.48,52.54,52.47,52.52,29900,52.45
20140728,52.50,52.51,52.43,52.49,87500,52.42
20140725,52.38,52.48,52.38,52.48,37900,52.41
20140724,52.46,52.46,52.38,52.42,34800,52.35
20140723,52.61,52.61,52.50,52.54,36000,52.47
20140722,52.57,52.59,52.46,52.57,26900,52.50
20140721,52.57,52.61,52.47,52.54,68100,52.47
20140718,52.53,52.53,52.46,52.49,42400,52.42
20140717,52.48,52.60,52.45,52.58,73000,52.51
20140716,52.43,52.44,52.37,52.42,39300,52.35
20140715,52.46,52.48,52.39,52.43,99800,52.36
20140714,52.46,52.53,52.46,52.49,26400,52.42
20140711,52.46,52.62,52.46,52.60,160800,52.53
20140710,52.48,52.55,52.45,52.49,21100,52.42
20140709,52.42,52.54,52.37,52.50,53600,52.43
20140708,52.49,52.53,52.43,52.48,102300,52.41
20140707,52.43,52.46,52.36,52.44,42900,52.37
20140703,52.40,52.46,52.34,52.43,13900,52.36
20140702,52.51,52.51,52.36,52.44,65000,52.37
20140701,52.57,52.57,52.46,52.50,156100,52.43
20140630,52.69,52.69,52.58,52.62,40500,52.48
20140627,52.65,52.70,52.61,52.62,16100,52.48
20140626,52.57,52.67,52.57,52.58,29600,52.44
20140625,52.65,52.65,52.56,52.61,46500,52.47
20140624,52.54,52.54,52.46,52.53,71600,52.39
20140623,52.57,52.57,52.50,52.51,79800,52.37
20140620,52.38,52.50,52.38,52.46,62400,52.32
20140619,52.55,52.55,52.38,52.41,86200,52.27
20140618,52.34,52.47,52.32,52.46,23900,52.32
20140617,52.38,52.39,52.26,52.29,32300,52.15
20140616,52.38,52.39,52.32,52.36,101600,52.22
20140613,52.25,52.38,52.25,52.35,24500,52.21
20140612,52.29,52.45,52.29,52.41,34000,52.27
20140611,52.36,52.37,52.27,52.32,18700,52.18
20140610,52.34,52.34,52.25,52.32,39900,52.18
20140609,52.40,52.40,52.28,52.36,38000,52.22
20140606,52.52,52.52,52.37,52.38,23700,52.24
20140605,52.28,52.43,52.28,52.41,32100,52.27
20140604,52.27,52.38,52.26,52.30,14700,52.16
20140603,52.43,52.43,52.28,52.28,33800,52.14
20140602,52.49,52.49,52.37,52.43,71900,52.29
20140530,52.57,52.58,52.49,52.55,73700,52.34
20140529,52.71,52.74,52.60,52.60,47400,52.38
20140528,52.53,52.72,52.53,52.68,49200,52.46
20140527,52.50,52.53,52.40,52.53,43900,52.32
20140523,52.52,52.52,52.43,52.44,31100,52.23
20140522,52.47,52.47,52.40,52.45,22500,52.24
20140521,52.43,52.46,52.38,52.43,19500,52.22
20140520,52.33,52.40,52.31,52.39,23200,52.18
20140519,52.41,52.42,52.32,52.32,47300,52.11
20140516,52.39,52.42,52.33,52.37,22000,52.16
20140515,52.34,52.53,52.34,52.43,31600,52.22
20140514,52.29,52.39,52.29,52.39,18300,52.18
20140513,52.21,52.25,52.17,52.25,36400,52.04
20140512,52.20,52.20,52.12,52.16,15200,51.95
20140509,52.28,52.28,52.19,52.25,41300,52.04
20140508,52.29,52.35,52.24,52.33,116200,52.12
20140507,52.21,52.31,52.15,52.28,62800,52.07
20140506,52.20,52.22,52.12,52.17,34500,51.96
20140505,52.20,52.20,52.05,52.13,18700,51.92
20140502,52.08,52.19,51.96,52.14,140000,51.93
20140501,51.96,52.14,51.96,52.11,44600,51.90
20140430,51.98,52.11,51.92,52.05,30000,51.76
20140429,51.91,51.95,51.88,51.92,124700,51.63
20140428,52.03,52.04,51.93,51.95,18200,51.66
20140425,52.02,52.05,51.97,51.99,18200,51.70
20140424,51.90,51.98,51.90,51.97,49400,51.68
20140423,51.90,51.94,51.85,51.87,68800,51.58
20140422,51.78,51.80,51.73,51.77,250100,51.48
20140421,51.72,51.83,51.72,51.75,54700,51.46
20140417,51.85,51.95,51.71,51.74,30100,51.45
20140416,51.90,51.97,51.88,51.94,92200,51.65
20140415,51.98,52.03,51.85,51.99,69800,51.70
20140414,51.99,52.00,51.93,51.93,62800,51.64
20140411,52.02,52.09,51.98,52.06,23900,51.77
20140410,51.92,52.07,51.92,51.98,32700,51.69
20140409,51.84,51.93,51.79,51.88,277100,51.59
20140408,51.87,51.91,51.80,51.89,113900,51.60
20140407,51.82,51.86,51.79,51.84,26800,51.55
20140404,51.71,51.76,51.62,51.71,38700,51.42
20140403,51.46,51.57,51.46,51.56,64100,51.27
20140402,51.48,51.57,51.48,51.51,60600,51.22
20140401,51.61,51.63,51.56,51.61,49600,51.32
20140331,51.65,51.72,51.59,51.72,128400,51.35
20140328,51.72,51.79,51.68,51.74,28900,51.37
20140327,51.73,51.86,51.73,51.76,136000,51.39
20140326,51.72,51.79,51.67,51.74,58100,51.37
20140325,51.61,51.72,51.59,51.68,44500,51.31
20140324,51.66,51.73,51.64,51.72,95300,51.35
20140321,51.62,51.73,51.61,51.67,73300,51.30
20140320,51.54,51.64,51.54,51.60,35300,51.23
20140319,51.89,51.90,51.61,51.72,71300,51.35
20140318,51.78,51.87,51.78,51.87,32300,51.50
20140317,51.88,51.89,51.81,51.84,49900,51.47
20140314,52.01,52.01,51.90,51.94,55300,51.57
20140313,51.68,51.98,51.68,51.98,103000,51.61
20140312,51.71,51.82,51.71,51.80,46700,51.43
20140311,51.66,51.73,51.62,51.73,72700,51.36
20140310,51.71,51.76,51.66,51.73,43300,51.36
20140307,51.61,51.71,51.61,51.65,44400,51.28
20140306,51.78,51.82,51.74,51.80,36500,51.43
20140305,51.80,51.87,51.80,51.86,25700,51.49
20140304,51.98,51.98,51.83,51.84,26300,51.47
20140303,51.99,52.01,51.92,52.01,26000,51.64
20140228,51.98,52.02,51.93,51.99,55200,51.54
20140227,51.93,52.03,51.93,52.00,30100,51.55
20140226,51.89,51.96,51.86,51.96,42000,51.51
20140225,51.84,51.89,51.84,51.87,27800,51.42
20140224,51.73,51.75,51.70,51.75,29800,51.30
20140221,51.65,51.76,51.65,51.74,19300,51.29
20140220,51.67,51.73,51.65,51.72,55700,51.27
20140219,51.85,51.92,51.75,51.77,118100,51.32
20140218,51.73,51.85,51.73,51.82,91000,51.37
20140214,51.83,51.83,51.73,51.75,47400,51.30
20140213,51.75,51.87,51.75,51.83,75600,51.38
20140212,51.81,51.81,51.67,51.71,77000,51.26
20140211,51.89,51.89,51.81,51.85,89000,51.40
20140210,51.98,52.01,51.94,51.99,27700,51.54
20140207,51.93,51.99,51.88,51.96,21600,51.51
20140206,51.82,51.86,51.79,51.85,237000,51.40
20140205,51.93,51.95,51.86,51.90,36000,51.45
20140204,51.97,51.99,51.89,51.95,99000,51.50
20140203,51.85,52.00,51.79,51.97,70700,51.52
20140131,51.87,51.91,51.82,51.90,38100,51.37
20140130,51.76,51.82,51.75,51.81,81300,51.28
20140129,51.71,51.88,51.71,51.82,69500,51.29
20140128,51.69,51.73,51.62,51.73,100200,51.20
20140127,51.69,51.78,51.62,51.63,99500,51.10
20140124,51.65,51.77,51.64,51.74,57600,51.21
20140123,51.52,51.68,51.52,51.61,52000,51.08
20140122,51.51,51.57,51.45,51.49,121700,50.97
20140121,51.54,51.62,51.51,51.59,118700,51.07
20140117,51.47,51.58,51.46,51.54,29500,51.02
20140116,51.44,51.51,51.44,51.50,128500,50.98
20140115,51.27,51.40,51.27,51.37,37300,50.85
20140114,51.51,51.51,51.38,51.40,82200,50.88
20140113,51.50,51.59,51.47,51.53,51100,51.01
20140110,51.27,51.45,51.27,51.42,29400,50.90
20140109,51.10,51.21,51.07,51.19,68900,50.67
20140108,51.16,51.17,51.10,51.12,139300,50.60
20140107,51.13,51.27,51.13,51.24,97000,50.72
20140106,51.13,51.22,51.09,51.12,54000,50.60
20140103,50.99,51.14,50.99,51.04,211400,50.52
20140102,51.10,51.16,51.02,51.02,38000,50.50
20131231,51.11,51.13,51.00,51.03,45700,50.51
20131230,51.01,51.16,51.01,51.14,63100,50.62
20131227,50.88,51.06,50.88,50.95,51900,50.43
20131226,51.05,51.05,50.89,50.94,51900,50.42
20131224,51.10,51.10,50.92,51.04,65800,50.52
20131223,51.13,51.26,51.13,51.26,98200,50.65
20131220,51.04,51.23,51.04,51.19,286900,50.58
20131219,50.97,51.12,50.97,51.04,152800,50.44
20131218,51.23,51.37,51.17,51.20,164800,50.59
20131217,51.31,51.33,51.25,51.31,59900,50.70
20131216,51.28,51.28,51.16,51.16,82500,50.55
20131213,51.15,51.25,51.11,51.14,188200,50.53
20131212,51.11,51.24,51.10,51.13,110100,50.52
20131211,51.25,51.32,51.23,51.23,101500,50.62
20131210,51.31,51.41,51.29,51.32,98400,50.71
20131209,51.23,51.34,51.23,51.33,93200,50.72
20131206,51.08,51.23,51.08,51.19,144300,50.58
20131205,51.02,51.14,51.02,51.10,167400,50.50
20131204,50.99,51.13,50.99,51.09,179000,50.49
20131203,51.24,51.30,51.20,51.21,215700,50.60
20131202,51.35,51.38,51.14,51.18,341800,50.57
20131129,51.26,51.40,51.26,51.35,72700,50.74
20131127,51.57,51.57,51.33,51.42,235100,50.74
20131126,51.58,51.62,51.53,51.55,121800,50.87
20131125,51.60,51.62,51.53,51.59,933700,50.91
20131122,51.48,51.63,51.48,51.58,334600,50.90
20131121,51.43,51.59,51.43,51.56,553700,50.88
20131120,51.66,51.80,51.55,51.55,128300,50.87
20131119,51.73,51.80,51.68,51.77,65300,51.08
20131118,51.66,51.82,51.66,51.82,63300,51.13
20131115,51.58,51.69,51.57,51.69,50500,51.01
20131114,51.48,51.64,51.48,51.60,75700,50.92
20131113,51.40,51.54,51.39,51.51,266800,50.83
20131112,51.28,51.38,51.28,51.38,226900,50.70
20131111,51.37,51.41,51.29,51.31,124900,50.63
20131108,51.38,51.48,51.38,51.40,100800,50.72
20131107,51.67,51.74,51.67,51.71,84500,51.03
20131106,51.67,51.67,51.61,51.65,114000,50.97
20131105,51.70,51.71,51.60,51.60,245200,50.92
20131104,51.74,51.74,51.67,51.72,30500,51.04
20131101,51.64,51.70,51.56,51.63,24500,50.95
20131031,51.73,51.83,51.64,51.72,134300,51.04
20131030,51.92,51.98,51.82,51.85,118100,51.09
20131029,51.83,51.91,51.79,51.89,56600,51.13
20131028,51.78,51.93,51.78,51.91,294200,51.15
20131025,51.79,51.87,51.79,51.83,21400,51.07
20131024,51.78,51.85,51.75,51.77,31800,51.01
20131023,51.85,51.88,51.76,51.82,45900,51.06
20131022,51.78,51.86,51.76,51.81,33600,51.05
20131021,51.73,51.73,51.60,51.61,73700,50.86
20131018,51.67,51.72,51.63,51.64,113800,50.88
20131017,51.57,51.70,51.57,51.68,127200,50.92
20131016,51.36,51.50,51.27,51.46,170200,50.71
20131015,51.35,51.40,51.28,51.31,83100,50.56
20131014,51.38,51.44,51.18,51.19,32800,50.44
20131011,51.55,51.56,51.39,51.40,32000,50.65
20131010,51.39,51.43,51.27,51.43,22900,50.68
20131009,51.45,51.52,51.38,51.42,69900,50.67
20131008,51.50,51.54,51.44,51.50,45100,50.75
20131007,51.56,51.63,51.46,51.47,38600,50.72
20131004,51.53,51.53,51.40,51.42,47800,50.67
20131003,51.56,51.65,51.47,51.51,25900,50.76
20131002,51.47,51.56,51.47,51.48,43600,50.73
20131001,51.39,51.44,51.36,51.43,45000,50.68
20130930,51.44,51.52,51.37,51.45,23500,50.70
20130927,51.43,51.58,51.42,51.53,69000,50.71
20130926,51.44,51.52,51.40,51.44,32700,50.63
20130925,51.37,51.56,51.37,51.55,80100,50.73
20130924,51.39,51.43,51.30,51.38,40200,50.57
20130923,51.21,51.30,51.12,51.30,57500,50.49
20130920,51.14,51.24,51.11,51.19,85800,50.38
20130919,51.22,51.29,51.10,51.16,33100,50.35
20130918,50.79,51.38,50.73,51.30,101500,50.49
20130917,50.83,50.91,50.78,50.85,50400,50.04
20130916,50.99,51.07,50.80,50.82,93000,50.02
20130913,50.67,50.79,50.65,50.76,39200,49.96
20130912,50.71,50.80,50.62,50.70,47300,49.90
20130911,50.61,50.72,50.60,50.72,43000,49.92
20130910,50.65,50.67,50.55,50.55,25700,49.75
20130909,50.73,50.73,50.65,50.65,101400,49.85
20130906,50.53,50.60,50.46,50.52,71500,49.72
20130905,50.49,50.49,50.30,50.31,74800,49.51
20130904,50.67,50.75,50.55,50.56,25500,49.76
20130903,50.66,50.69,50.53,50.66,32000,49.86
20130830,50.82,50.87,50.77,50.79,65200,49.99
20130829,50.70,50.92,50.67,50.88,19500,50.03
20130828,50.82,50.90,50.75,50.80,55900,49.95
20130827,50.90,50.98,50.82,50.96,44700,50.11
20130826,50.86,50.91,50.78,50.87,34100,50.02
20130823,50.51,50.76,50.50,50.68,42300,49.83
20130822,50.54,50.72,50.43,50.48,34400,49.64
20130821,50.61,50.69,50.46,50.46,23300,49.62
20130820,50.60,50.69,50.60,50.67,44000,49.82
20130819,50.61,50.66,50.47,50.49,37700,49.65
20130816,50.87,50.88,50.60,50.64,84900,49.79
20130815,50.85,50.95,50.78,50.84,23200,49.99
20130814,50.97,51.05,50.96,51.00,19900,50.15
20130813,51.03,51.09,50.94,50.96,32300,50.11
20130812,51.26,51.36,51.19,51.22,34300,50.36
20130809,51.23,51.28,51.14,51.21,65300,50.35
20130808,51.30,51.30,51.20,51.20,35500,50.34
20130807,51.12,51.22,51.11,51.15,58700,50.29
20130806,51.15,51.18,51.02,51.09,64800,50.24
20130805,51.15,51.19,51.06,51.09,61000,50.24
20130802,51.01,51.20,51.01,51.15,108600,50.29
20130801,50.99,50.99,50.82,50.84,75900,49.99
20130731,50.86,51.09,50.70,51.08,103200,50.23
20130730,51.11,51.18,51.01,51.04,106500,50.15
20130729,51.10,51.15,51.06,51.10,152100,50.21
20130726,51.16,51.22,51.16,51.21,134300,50.32
20130725,50.92,51.16,50.91,51.15,11000,50.26
20130724,51.00,51.11,50.97,51.08,191700,50.19
20130723,51.24,51.27,51.14,51.17,198300,50.28
20130722,51.16,51.28,51.16,51.22,270200,50.33
20130719,51.02,51.26,51.02,51.25,185700,50.36
20130718,51.07,51.16,50.96,50.99,268600,50.10
20130717,51.10,51.22,51.05,51.13,296100,50.24
20130716,51.06,51.06,50.92,51.00,365900,50.11
20130715,50.86,51.03,50.86,50.94,518500,50.05
20130712,50.90,51.01,50.77,50.82,202900,49.93
20130711,50.78,50.92,50.72,50.84,98000,49.95
20130710,50.81,50.83,50.57,50.57,102500,49.69
20130709,50.72,50.94,50.72,50.85,267900,49.96
20130708,50.54,50.75,50.54,50.68,280500,49.80
20130705,50.55,50.67,50.41,50.52,399500,49.64
20130703,51.16,51.24,51.11,51.13,294200,50.24
20130702,51.12,51.24,51.10,51.22,257400,50.33
20130701,51.10,51.17,51.05,51.13,423200,50.24
20130628,50.98,51.09,50.93,51.04,687500,50.15
20130627,50.86,51.10,50.86,51.10,800300,50.19
20130626,50.71,50.80,50.60,50.77,89300,49.86
20130625,50.72,50.72,50.52,50.67,133900,49.77
20130624,50.54,50.79,50.35,50.69,140700,49.78
20130621,51.04,51.14,50.78,50.81,128100,49.90
20130620,51.15,51.27,51.05,51.09,76000,50.18
20130619,51.69,51.69,51.32,51.35,46800,50.43
20130618,51.54,51.67,51.53,51.63,32900,50.71
20130617,51.67,51.70,51.59,51.60,53500,50.68
20130614,51.65,51.76,51.62,51.70,18100,50.78
20130613,51.37,51.61,51.37,51.61,47200,50.69
20130612,51.42,51.50,51.37,51.37,28000,50.45
20130611,51.34,51.53,51.32,51.53,43600,50.61
20130610,51.39,51.50,51.34,51.45,23100,50.53
20130607,51.53,51.63,51.49,51.53,16200,50.61
20130606,51.43,51.68,51.43,51.61,90800,50.69
20130605,51.54,51.55,51.46,51.50,28500,50.58
20130604,51.52,51.60,51.47,51.56,40900,50.64
20130603,51.47,51.70,51.47,51.52,221600,50.60
20130531,51.65,51.65,51.49,51.60,212200,50.68
20130530,51.59,51.69,51.59,51.65,54200,50.71
20130529,51.54,51.64,51.52,51.59,93200,50.65
20130528,51.77,51.81,51.61,51.62,63700,50.68
20130524,51.88,51.92,51.77,51.77,56100,50.82
20130523,51.92,51.93,51.78,51.79,49300,50.84
20130522,52.06,52.10,51.83,51.83,56000,50.88
20130521,51.90,51.96,51.87,51.96,112000,51.01
20130520,52.04,52.07,51.90,51.91,87000,50.96
20130517,52.08,52.11,52.00,52.03,63000,51.08
20130516,52.04,52.14,52.04,52.11,80300,51.16
20130515,52.11,52.11,52.00,52.04,64500,51.09
20130514,52.10,52.13,52.01,52.04,47100,51.09
20130513,52.09,52.16,52.05,52.08,125100,51.13
20130510,52.19,52.23,52.06,52.14,62400,51.19
20130509,52.22,52.27,52.18,52.18,113800,51.23
20130508,52.29,52.35,52.27,52.28,105800,51.32
20130507,52.32,52.33,52.27,52.30,55700,51.34
20130506,52.30,52.34,52.27,52.31,151300,51.35
20130503,52.36,52.36,52.27,52.29,30100,51.33
20130502,52.38,52.45,52.37,52.43,66300,51.47
20130501,52.34,52.41,52.34,52.39,42400,51.43
20130430,52.38,52.43,52.37,52.38,189400,51.42
20130429,52.33,52.39,52.32,52.39,34600,51.41
20130426,52.30,52.39,52.30,52.39,93200,51.41
20130425,52.30,52.39,52.29,52.34,107700,51.36
20130424,52.32,52.38,52.31,52.32,48800,51.34
20130423,52.39,52.39,52.33,52.34,92700,51.36
20130422,52.34,52.40,52.34,52.37,44300,51.39
20130419,52.40,52.40,52.34,52.37,12300,51.39
20130418,52.35,52.38,52.33,52.37,64400,51.39
20130417,52.38,52.40,52.33,52.37,51700,51.39
20130416,52.33,52.38,52.30,52.31,77800,51.33
20130415,52.47,52.47,52.36,52.40,84400,51.42
20130412,52.26,52.39,52.26,52.38,46000,51.40
20130411,52.26,52.38,52.26,52.34,72500,51.36
20130410,52.24,52.36,52.22,52.26,477100,51.28
20130409,52.26,52.37,52.26,52.29,125600,51.31
20130408,52.52,52.52,52.35,52.43,80900,51.45
20130405,52.41,52.53,52.40,52.46,78200,51.48
20130404,52.44,52.48,52.31,52.48,68600,51.50
20130403,52.37,52.41,52.29,52.41,107100,51.43
20130402,52.34,52.34,52.25,52.32,71400,51.34
20130401,52.21,52.28,52.20,52.21,80500,51.23
20130328,52.25,52.25,52.14,52.15,76400,51.17
20130327,52.28,52.28,52.18,52.19,104700,51.19
20130326,52.23,52.23,52.17,52.22,75700,51.22
20130325,52.20,52.22,52.12,52.21,116000,51.21
20130322,52.10,52.20,52.10,52.18,34500,51.18
20130321,52.23,52.23,52.11,52.18,119600,51.18
20130320,52.24,52.26,52.14,52.19,125700,51.19
20130319,52.26,52.26,52.18,52.25,114800,51.25
20130318,52.24,52.25,52.17,52.23,95500,51.23
20130315,52.07,52.20,52.07,52.20,106900,51.20
20130314,51.99,52.12,51.99,52.11,72000,51.11
20130313,52.16,52.16,52.00,52.05,66400,51.05
20130312,51.99,52.07,51.99,52.06,76100,51.06
20130311,52.05,52.05,51.95,51.99,80800,50.99
20130308,52.11,52.11,52.04,52.09,72900,51.09
20130307,52.21,52.21,52.13,52.14,61300,51.14
20130306,52.23,52.23,52.17,52.19,94000,51.19
20130305,52.30,52.30,52.19,52.23,89300,51.23
20130304,52.31,52.31,52.21,52.24,63300,51.24
20130301,52.15,52.27,52.15,52.17,67800,51.17
20130228,52.16,52.17,52.13,52.17,76000,51.17
20130227,52.32,52.32,52.11,52.15,87100,51.13
20130226,52.10,52.20,52.10,52.13,64100,51.11
20130225,52.12,52.12,51.99,52.10,133200,51.08
20130222,52.10,52.10,52.02,52.04,75800,51.02
20130221,52.09,52.09,52.03,52.05,71400,51.03
20130220,52.07,52.07,51.99,51.99,61500,50.98
20130219,51.99,52.08,51.99,52.02,119900,51.00
20130215,52.10,52.10,51.97,52.00,62800,50.99
20130214,51.99,52.05,51.96,52.02,54800,51.00
20130213,52.06,52.06,51.93,51.93,101000,50.92
20130212,52.01,52.03,51.96,51.96,101100,50.95
20130211,51.95,51.99,51.92,51.93,97900,50.92
20130208,52.03,52.06,51.97,52.06,61900,51.04
20130207,52.10,52.13,52.10,52.11,72200,51.09
20130206,52.16,52.16,52.09,52.10,76000,51.08
20130205,52.15,52.15,52.05,52.07,102000,51.05
20130204,52.08,52.10,52.02,52.08,70800,51.06
20130201,52.00,52.09,51.97,51.97,55200,50.96
20130131,52.07,52.07,51.95,51.99,81200,50.98
20130130,51.99,51.99,51.95,51.99,85900,50.96
20130129,52.03,52.03,51.95,51.98,72000,50.95
20130128,51.95,52.04,51.93,52.01,78900,50.98
20130125,52.18,52.18,52.04,52.07,78800,51.04
20130124,52.22,52.22,52.10,52.17,75300,51.14
20130123,52.21,52.21,52.12,52.17,84000,51.14
20130122,52.09,52.16,52.09,52.16,64300,51.13
20130118,52.23,52.23,52.10,52.14,134300,51.11
20130117,52.21,52.21,52.13,52.15,93900,51.12
20130116,52.27,52.27,52.19,52.21,69300,51.17
20130115,52.30,52.30,52.20,52.23,99500,51.19
20130114,52.31,52.31,52.15,52.17,26900,51.14
20130111,52.18,52.20,52.11,52.15,115600,51.12
20130110,52.22,52.22,52.13,52.13,78000,51.10
20130109,52.28,52.29,52.21,52.29,311600,51.25
20130108,52.27,52.29,52.17,52.27,175400,51.23
20130107,52.23,52.29,52.18,52.20,81700,51.16
20130104,52.34,52.34,52.22,52.27,94300,51.23
20130103,52.20,52.38,52.20,52.35,90900,51.31
20130102,52.30,52.30,52.17,52.17,94300,51.14
20121231,52.28,52.28,52.15,52.20,112300,51.16
20121228,52.26,52.28,52.17,52.27,77600,51.23
20121227,52.25,52.27,52.17,52.24,75800,51.20
20121226,52.12,52.26,52.12,52.25,103400,51.21
20121224,52.27,52.27,52.14,52.23,19200,51.19
20121221,52.50,52.51,52.41,52.48,62500,51.17
20121220,52.47,52.49,52.42,52.48,54700,51.17
20121219,52.40,52.47,52.38,52.45,63900,51.14
20121218,52.30,52.42,52.30,52.40,75600,51.09
20121217,52.52,52.52,52.44,52.49,63700,51.18
20121214,52.52,52.52,52.46,52.50,71200,51.19
20121213,52.55,52.55,52.42,52.50,77600,51.19
20121212,52.57,52.62,52.49,52.50,73300,51.19
20121211,52.58,52.58,52.48,52.48,79300,51.17
20121210,52.57,52.62,52.51,52.59,22600,51.28
20121207,52.60,52.63,52.49,52.63,36100,51.31
20121206,52.65,52.65,52.55,52.61,14500,51.30
20121205,52.65,52.65,52.56,52.60,14700,51.29
20121204,52.60,52.65,52.56,52.65,77100,51.33
20121203,52.45,52.56,52.45,52.56,24500,51.25
20121130,52.58,52.58,52.46,52.55,20600,51.24
20121129,52.50,52.53,52.42,52.53,36400,51.21
20121128,52.53,52.53,52.46,52.48,35400,51.16
20121127,52.50,52.53,52.45,52.50,15400,51.18
20121126,52.48,52.48,52.40,52.46,15800,51.14
20121123,52.47,52.48,52.33,52.44,20300,51.12
20121121,52.45,52.46,52.37,52.44,17500,51.12
20121120,52.50,52.50,52.40,52.42,35900,51.10
20121119,52.44,52.49,52.34,52.49,52700,51.17
20121116,52.44,52.48,52.32,52.39,51400,51.07
20121115,52.40,52.45,52.31,52.36,206900,51.05
20121114,52.39,52.48,52.34,52.35,221400,51.04
20121113,52.48,52.55,52.40,52.41,22300,51.09
20121112,52.38,52.49,52.38,52.46,137600,51.14
20121109,52.63,52.63,52.50,52.53,27100,51.21
20121108,52.72,52.72,52.60,52.61,57900,51.29
20121107,52.76,52.76,52.65,52.67,26000,51.35
20121106,52.82,52.83,52.65,52.71,357200,51.39
20121105,52.68,52.82,52.68,52.72,220300,51.40
20121102,52.81,52.82,52.65,52.74,49000,51.42
20121101,52.78,52.78,52.67,52.76,42900,51.41
20121031,52.80,52.80,52.68,52.70,37500,51.35
20121026,52.74,52.74,52.67,52.68,17100,51.33
20121025,52.71,52.71,52.64,52.69,54300,51.34
20121024,52.76,52.76,52.68,52.71,34400,51.36
20121023,52.74,52.78,52.70,52.71,46900,51.36
20121022,52.78,52.78,52.63,52.70,19300,51.35
20121019,52.71,52.73,52.62,52.73,21400,51.38
20121018,52.71,52.71,52.61,52.67,47900,51.32
20121017,52.77,52.77,52.64,52.67,14400,51.32
20121016,52.59,52.74,52.59,52.67,17700,51.32
20121015,52.88,52.88,52.65,52.66,35500,51.31
20121012,52.79,52.80,52.66,52.73,156900,51.38
20121011,52.76,52.76,52.66,52.70,41700,51.35
20121010,52.75,52.75,52.61,52.74,23400,51.39
20121009,52.78,52.79,52.67,52.69,32700,51.34
20121008,52.85,52.85,52.75,52.75,44000,51.40
20121005,52.84,52.84,52.76,52.80,18700,51.45
20121004,52.91,52.91,52.78,52.84,23500,51.49
20121003,52.88,52.92,52.70,52.91,57500,51.56
20121002,52.67,52.79,52.67,52.79,43800,51.44
20121001,52.75,52.81,52.65,52.72,69000,51.37
20120928,52.90,52.90,52.80,52.87,20200,51.52
20120927,52.95,52.95,52.85,52.90,44800,51.52
20120926,52.96,53.00,52.92,52.96,56400,51.58
20120925,53.00,53.00,52.85,52.91,22600,51.53
20120924,52.99,52.99,52.85,52.85,49200,51.47
20120921,52.85,52.88,52.70,52.84,35100,51.46
20120920,52.69,52.84,52.69,52.74,43300,51.36
20120919,52.78,52.85,52.77,52.78,63200,51.40
20120918,52.86,52.86,52.78,52.78,44200,51.40
20120917,52.87,52.87,52.80,52.83,80300,51.45
20120914,52.92,52.92,52.81,52.84,48600,51.46
20120913,52.67,52.81,52.62,52.81,50800,51.43
20120912,52.65,52.65,52.59,52.65,16600,51.27
20120911,52.77,52.77,52.65,52.70,19100,51.32
20120910,52.78,52.79,52.72,52.75,12300,51.37
20120907,52.80,52.81,52.71,52.76,28700,51.38
20120906,52.79,52.79,52.69,52.78,24300,51.40
20120905,52.84,52.84,52.72,52.79,30600,51.41
20120904,52.76,52.81,52.70,52.74,234700,51.36
20120831,52.69,52.81,52.67,52.81,25000,51.43
20120830,52.71,52.71,52.55,52.68,19600,51.26
20120829,52.73,52.73,52.56,52.65,38300,51.23
20120828,52.60,52.73,52.60,52.73,22800,51.31
20120827,52.67,52.68,52.60,52.68,22300,51.26
20120824,52.68,52.70,52.51,52.65,71600,51.23
20120823,52.47,52.62,52.47,52.60,14600,51.19
20120822,52.57,52.57,52.47,52.54,21600,51.13
20120821,52.49,52.62,52.36,52.50,25600,51.09
20120820,52.49,52.55,52.42,52.42,61000,51.01
20120817,52.38,52.52,52.38,52.42,39700,51.01
20120816,52.53,52.56,52.39,52.41,24900,51.00
20120815,52.44,52.50,52.40,52.47,14000,51.06
20120814,52.57,52.57,52.45,52.51,25100,51.10
20120813,52.55,52.61,52.46,52.58,71000,51.17
20120810,52.63,52.63,52.46,52.46,25500,51.05
20120809,52.56,52.62,52.51,52.62,28200,51.20
20120808,52.61,52.62,52.51,52.59,35300,51.18
20120807,52.61,52.61,52.54,52.59,37000,51.18
20120806,52.63,52.63,52.48,52.59,29500,51.18
20120803,52.63,52.64,52.53,52.61,33500,51.20
20120802,52.71,52.71,52.49,52.50,80300,51.09
20120801,52.67,52.67,52.54,52.63,14700,51.21
20120731,52.64,52.64,52.59,52.61,22100,51.20
20120730,52.63,52.65,52.58,52.65,27000,51.18
20120727,52.64,52.69,52.59,52.67,23800,51.20
20120726,52.70,52.75,52.64,52.68,16700,51.21
20120725,52.73,52.73,52.63,52.67,24500,51.20
20120724,52.67,52.68,52.63,52.67,12200,51.20
20120723,52.67,52.70,52.64,52.66,30600,51.19
20120720,52.66,52.66,52.61,52.66,40500,51.19
20120719,52.68,52.68,52.60,52.62,25700,51.16
20120718,52.74,52.74,52.52,52.56,12600,51.10
20120717,52.70,52.70,52.50,52.54,15500,51.08
20120716,52.85,52.85,52.49,52.60,54600,51.14
20120713,52.70,52.70,52.51,52.53,50800,51.07
20120712,52.85,52.85,52.50,52.55,44100,51.09
20120711,52.49,52.60,52.47,52.50,14500,51.04
20120710,52.64,52.64,52.49,52.56,15800,51.10
20120709,52.55,52.59,52.53,52.56,66300,51.10
20120706,51.83,52.55,51.83,52.52,30100,51.06
20120705,52.52,52.52,52.36,52.39,9400,50.93
20120703,52.46,52.49,52.35,52.49,13400,51.03
20120702,52.47,52.47,52.34,52.38,21400,50.92
20120629,52.47,52.47,52.30,52.34,28600,50.88
20120628,52.44,52.45,52.38,52.42,65600,50.90
20120627,52.38,52.43,52.37,52.40,64000,50.88
20120626,52.32,52.40,52.32,52.34,15500,50.82
20120625,52.41,52.43,52.37,52.37,23900,50.85
20120622,52.46,52.46,52.37,52.38,12600,50.86
20120621,52.40,52.41,52.32,52.36,29700,50.84
20120620,51.81,52.42,51.81,52.34,32200,50.82
20120619,52.32,52.40,52.28,52.37,87800,50.85
20120618,52.44,52.44,52.35,52.37,53200,50.85
20120615,52.37,52.39,52.37,52.37,39500,50.85
20120614,52.39,52.39,52.32,52.37,37000,50.85
20120613,52.35,52.38,52.31,52.35,22600,50.83
20120612,52.24,52.29,52.20,52.28,16200,50.76
20120611,52.23,52.29,52.19,52.27,41200,50.75
20120608,52.30,52.32,52.26,52.31,15900,50.79
20120607,52.17,52.29,52.17,52.27,16000,50.75
20120606,52.27,52.27,52.13,52.19,22500,50.68
20120605,52.27,52.27,52.20,52.22,11000,50.70
20120604,52.94,52.94,52.23,52.23,42600,50.71
20120601,52.53,52.53,52.23,52.27,22600,50.75
20120531,52.30,52.30,52.21,52.22,18600,50.70
20120530,52.19,52.32,52.19,52.32,17400,50.75
20120529,52.28,52.28,52.20,52.21,20100,50.64
20120525,52.29,52.32,52.23,52.30,17700,50.73
20120524,52.29,52.29,52.23,52.26,24700,50.69
20120523,52.35,52.35,52.25,52.28,32800,50.71
20120522,52.31,52.31,52.22,52.25,26400,50.68
20120521,52.39,52.39,52.24,52.26,27300,50.69
20120518,52.36,52.44,52.27,52.30,39000,50.73
20120517,52.34,52.35,52.26,52.34,15100,50.76
20120516,52.31,52.34,52.25,52.33,45000,50.75
20120515,52.30,52.30,52.24,52.24,25200,50.67
20120514,52.28,52.28,52.24,52.27,24000,50.70
20120511,52.28,52.28,52.23,52.27,11100,50.70
20120510,52.30,52.30,52.21,52.21,18000,50.64
20120509,52.29,52.31,52.21,52.29,17700,50.72
20120508,52.27,52.41,52.27,52.35,34900,50.77
20120507,52.32,52.34,52.28,52.34,17900,50.76
20120504,52.31,52.31,52.28,52.29,25000,50.72
20120503,52.30,52.31,52.21,52.26,29400,50.69
20120502,52.29,52.29,52.19,52.23,17000,50.66
20120501,52.33,52.33,52.14,52.24,25000,50.67
20120430,52.20,52.21,52.10,52.14,164800,50.57
20120427,52.23,52.30,52.20,52.24,13000,50.60
20120426,52.32,52.32,52.15,52.20,30500,50.56
20120425,52.21,52.24,52.19,52.23,23900,50.59
20120424,52.25,52.25,52.20,52.21,27700,50.57
20120423,52.21,52.26,52.21,52.24,36800,50.60
20120420,52.26,52.26,52.19,52.21,25000,50.57
20120419,52.24,52.27,52.19,52.25,24200,50.61
20120418,52.24,52.26,52.17,52.18,19700,50.54
20120417,52.30,52.30,52.12,52.20,36300,50.56
20120416,52.29,52.32,52.22,52.22,12000,50.58
20120413,52.20,52.29,52.19,52.22,23500,50.58
20120412,52.23,52.23,52.13,52.15,18900,50.51
20120411,52.10,52.18,52.08,52.16,64500,50.52
20120410,52.17,52.27,52.17,52.20,33700,50.56
20120409,52.19,52.20,52.15,52.18,62500,50.54
20120405,52.00,52.03,51.92,51.99,19000,50.35
20120404,51.96,51.96,51.84,51.90,64400,50.27
20120403,52.05,52.05,51.80,51.80,16400,50.17
20120402,52.19,52.19,51.85,51.89,376200,50.26
20120330,52.09,52.09,51.87,51.87,26400,50.24
20120329,51.97,52.06,51.97,52.05,63000,50.35
20120328,52.05,52.05,51.97,51.98,24900,50.28
20120327,52.09,52.09,52.00,52.04,15100,50.34
20120326,51.96,52.01,51.95,52.01,24300,50.31
20120323,51.98,52.01,51.92,51.99,49000,50.29
20120322,52.00,52.03,51.95,51.95,14900,50.25
20120321,51.96,52.00,51.84,51.90,7500,50.20
20120320,51.75,51.90,51.75,51.85,20500,50.15
20120319,51.94,51.95,51.80,51.81,21300,50.11
20120316,51.89,51.97,51.84,51.95,31300,50.25
20120315,51.90,51.92,51.79,51.91,41000,50.21
20120314,51.97,51.97,51.82,51.82,15100,50.12
20120313,52.01,52.01,51.91,51.96,26900,50.26
20120312,52.04,52.07,51.95,52.01,19600,50.31
20120309,51.95,51.98,51.89,51.97,26400,50.27
20120308,51.94,52.02,51.94,52.01,32200,50.31
20120307,51.98,52.00,51.89,51.99,15100,50.29
20120306,51.99,52.00,51.91,51.98,19700,50.28
20120305,52.00,52.00,51.91,51.96,27700,50.26
20120302,51.99,52.02,51.95,51.99,27000,50.29
20120301,51.95,51.97,51.90,51.97,35700,50.27
20120229,52.05,52.05,51.87,51.90,51600,50.20
20120228,52.11,52.14,52.06,52.08,13300,50.30
20120227,52.00,52.14,52.00,52.09,26000,50.31
20120224,52.00,52.11,52.00,52.04,33600,50.26
20120223,52.09,52.21,52.00,52.05,25700,50.27
20120222,51.96,52.18,51.96,52.07,36600,50.29
20120221,52.04,52.06,51.99,52.01,59500,50.23
20120217,52.00,52.06,51.99,52.04,14100,50.26
20120216,52.13,52.13,52.00,52.06,19300,50.28
20120215,52.09,52.23,52.06,52.09,45900,50.31
20120214,52.05,52.10,52.01,52.06,35300,50.28
20120213,52.01,52.05,51.98,52.00,30600,50.22
20120210,51.91,52.07,51.91,52.01,10000,50.23
20120209,52.09,52.09,51.93,51.98,35800,50.20
20120208,52.09,52.10,52.01,52.06,18200,50.28
20120207,52.11,52.12,52.03,52.06,26100,50.28
20120206,52.08,52.10,51.89,52.09,27100,50.31
20120203,52.15,52.15,52.04,52.11,27900,50.33
20120202,51.88,52.10,51.88,52.05,25800,50.27
20120201,52.01,52.02,51.85,52.00,37500,50.22
20120131,51.89,52.03,51.85,52.00,44400,50.22
20120130,52.15,52.15,52.01,52.01,99200,50.16
20120127,52.15,52.16,52.04,52.12,34400,50.27
20120126,52.15,52.16,52.11,52.12,19200,50.27
20120125,52.04,52.15,51.96,52.02,19700,50.17
20120124,52.02,52.07,51.95,51.99,39700,50.14
20120123,52.02,52.03,52.00,52.01,34200,50.16
20120120,52.12,52.12,51.93,52.07,31000,50.22
20120119,52.17,52.17,52.05,52.08,13800,50.23
20120118,52.11,52.16,52.05,52.05,45800,50.20
20120117,52.18,52.18,52.06,52.14,28700,50.29
20120113,52.14,52.16,52.10,52.10,32400,50.25
20120112,52.10,52.12,52.05,52.06,23900,50.21
20120111,52.05,52.09,51.97,52.06,21200,50.21
20120110,52.05,52.08,51.97,52.03,15600,50.18
20120109,51.90,52.06,51.90,52.06,31800,50.21
20120106,51.96,51.99,51.88,51.95,18300,50.10
20120105,52.01,52.01,51.91,51.91,8700,50.06
20120104,51.92,51.99,51.88,51.95,25800,50.10
20120103,51.90,51.92,51.76,51.83,160900,49.99
20111230,51.86,51.93,51.74,51.88,57400,50.04
20111229,51.81,51.85,51.71,51.85,27700,50.01
20111228,51.71,51.79,51.53,51.79,27800,49.95
20111227,51.78,51.79,51.57,51.65,11300,49.81
20111223,51.87,51.87,51.71,51.78,7600,49.94
20111222,52.03,52.14,52.00,52.05,33300,49.89
20111221,52.18,52.18,52.08,52.11,20700,49.95
20111220,52.59,52.59,52.09,52.22,13200,50.06
20111219,52.01,52.22,52.01,52.20,11600,50.04
20111216,52.38,52.38,52.05,52.05,50100,49.89
20111215,52.26,52.26,52.15,52.15,25200,49.99
20111214,52.23,52.25,52.18,52.22,14200,50.06
20111213,52.13,52.23,52.07,52.11,39000,49.95
20111212,52.16,52.16,52.01,52.01,22300,49.85
20111209,52.15,52.15,52.07,52.08,30900,49.92
20111208,52.13,54.73,52.07,52.18,246000,50.02
20111207,51.85,54.32,51.85,52.06,153400,49.90
20111206,51.92,51.93,51.80,51.89,7200,49.74
20111205,51.84,51.87,51.73,51.84,11100,49.69
20111202,51.83,51.84,51.65,51.71,38700,49.57
20111201,51.81,51.81,51.70,51.80,10200,49.65
20111130,51.84,51.96,51.80,51.81,50500,49.66
20111129,51.80,51.92,51.80,51.90,37100,49.67
20111128,51.55,51.84,51.55,51.82,5100,49.59
20111125,51.93,51.94,51.76,51.79,11600,49.56
20111123,51.68,51.86,51.68,51.78,64900,49.55
20111122,51.95,51.95,51.75,51.76,28000,49.53
20111121,51.97,51.97,51.74,51.77,16500,49.54
20111118,51.86,51.86,51.78,51.82,10500,49.59
20111117,51.99,52.00,51.81,51.99,19700,49.76
20111116,51.91,52.00,51.81,51.81,18700,49.58
20111115,51.83,51.85,51.63,51.71,12900,49.49
20111114,51.54,51.84,51.54,51.78,31600,49.55
20111111,51.70,51.82,51.70,51.77,7300,49.54
20111110,51.89,51.89,51.65,51.76,6100,49.53
20111109,51.97,52.00,51.73,51.85,35400,49.62
20111108,51.93,51.93,51.85,51.90,10900,49.67
20111107,51.91,51.98,51.89,51.95,5600,49.72
20111104,52.00,52.00,51.73,51.93,13600,49.70
20111103,51.91,51.95,51.79,51.87,6500,49.64
20111102,51.94,52.00,51.93,51.98,6300,49.75
20111101,51.98,51.98,51.71,51.95,2800,49.72
20111031,51.91,51.93,51.64,51.78,9400,49.55
20111028,51.67,51.83,51.62,51.73,5900,49.40
20111027,51.75,51.75,51.53,51.57,29100,49.25
20111026,51.96,51.96,51.74,51.79,5600,49.46
20111025,51.70,51.82,51.66,51.82,17500,49.49
20111024,51.95,51.95,51.58,51.58,8400,49.26
20111021,51.95,51.95,51.66,51.67,14600,49.35
20111020,51.95,52.06,51.70,51.89,7800,49.56
20111019,51.82,51.89,51.64,51.84,5600,49.51
20111018,51.92,51.92,51.80,51.84,26800,49.51
20111017,51.57,51.83,51.57,51.81,6100,49.48
20111014,51.77,51.78,51.71,51.71,11400,49.39
20111013,51.95,51.95,51.58,51.76,43300,49.43
20111012,51.89,51.89,51.64,51.82,9900,49.49
20111011,51.68,51.73,51.54,51.72,9200,49.40
20111010,52.07,52.07,51.40,51.55,31100,49.23
20111007,51.77,51.77,51.53,51.68,47200,49.36
20111006,51.85,51.85,51.68,51.68,10300,49.36
20111005,52.16,52.16,51.74,51.79,28900,49.46
20111004,52.04,52.04,51.84,51.97,40900,49.63
20111003,51.70,52.05,51.70,51.98,135400,49.64
20110930,51.80,51.91,51.65,51.84,33000,49.51
20110929,51.89,51.89,51.73,51.84,9500,49.41
20110928,51.90,51.90,51.76,51.78,8200,49.35
20110927,51.93,52.04,51.91,52.01,15100,49.57
20110926,52.08,52.28,52.03,52.05,48400,49.61
20110923,52.55,52.55,52.19,52.29,3400,49.84
20110922,52.54,52.54,52.30,52.34,8200,49.89
20110921,52.33,52.38,52.13,52.14,32400,49.69
20110920,52.27,52.28,52.20,52.26,9600,49.81
20110919,52.40,52.40,52.17,52.20,9100,49.75
20110916,52.14,52.23,52.10,52.12,7200,49.68
20110915,52.20,52.20,52.17,52.17,8300,49.72
20110914,52.13,52.28,52.11,52.23,8100,49.78
20110913,52.27,52.35,52.10,52.21,8300,49.76
20110912,52.30,52.30,52.10,52.21,5000,49.76
20110909,52.24,52.29,52.12,52.29,21800,49.84
20110908,52.24,52.24,52.15,52.20,5700,49.75
20110907,52.10,52.26,52.10,52.18,25800,49.73
20110906,52.36,52.36,52.11,52.20,11300,49.75
20110902,52.18,52.21,51.98,52.20,4900,49.75
20110901,52.11,52.12,51.96,51.99,5300,49.55
20110831,52.10,52.10,51.85,52.06,10800,49.62
20110830,52.12,52.12,51.91,51.99,10200,49.44
20110829,51.82,51.99,51.82,51.93,2300,49.38
20110826,52.15,52.20,52.04,52.10,4000,49.54
20110825,51.99,52.15,51.94,51.97,25200,49.42
20110824,52.18,52.18,52.01,52.01,12400,49.46
20110823,52.22,52.26,52.11,52.22,10800,49.66
20110822,52.30,52.34,52.09,52.21,6300,49.65
20110819,52.48,52.48,52.17,52.37,13300,49.80
20110818,52.39,52.53,52.20,52.43,2400,49.86
20110817,52.53,52.53,52.13,52.38,8000,49.81
20110816,52.37,52.39,52.09,52.09,9700,49.54
20110815,52.32,52.39,52.08,52.08,5400,49.53
20110812,52.49,52.49,52.20,52.41,8900,49.84
20110811,52.43,52.51,52.38,52.42,9300,49.85
20110810,52.20,52.43,52.06,52.39,6700,49.82
20110809,51.50,52.23,51.50,52.15,10500,49.59
20110808,51.79,51.88,51.60,51.77,5400,49.23
20110805,51.84,51.90,51.66,51.81,7000,49.27
20110804,51.81,51.93,51.79,51.79,5200,49.25
20110803,51.77,51.82,51.67,51.70,11900,49.16
20110802,51.44,51.74,51.44,51.71,85300,49.17
20110801,51.49,51.57,51.32,51.53,99500,49.00
20110729,51.22,51.40,51.17,51.40,13000,48.88
20110728,51.36,51.38,51.26,51.38,10000,48.76
20110727,51.12,51.51,51.12,51.18,10000,48.57
20110726,51.55,51.57,51.34,51.38,4000,48.76
20110725,51.42,51.52,51.32,51.36,9700,48.74
20110722,51.29,51.52,51.28,51.28,14500,48.67
20110721,51.51,51.51,51.27,51.42,6700,48.80
20110720,51.32,51.51,51.32,51.45,9000,48.83
20110719,51.37,51.49,51.21,51.49,7400,48.87
20110718,51.40,51.46,51.25,51.40,11300,48.78
20110715,51.27,51.52,51.27,51.30,2800,48.69
20110714,51.45,51.52,51.44,51.44,4100,48.82
20110713,51.35,51.49,51.32,51.44,9000,48.82
20110712,51.33,51.35,51.17,51.31,22500,48.70
20110711,51.16,51.38,51.16,51.37,15800,48.75
20110708,51.05,51.29,51.05,51.13,17300,48.53
20110707,51.31,51.31,50.96,51.15,4700,48.55
20110706,52.11,52.11,51.18,51.22,5800,48.61
20110705,51.16,51.23,51.03,51.23,11400,48.62
20110701,51.05,51.15,51.00,51.09,52700,48.49
20110630,51.17,51.17,51.02,51.14,3400,48.54
20110629,51.30,51.30,51.05,51.08,6700,48.39
20110628,51.34,51.36,51.17,51.25,19000,48.55
20110627,51.29,51.55,51.29,51.45,4300,48.74
20110624,51.36,51.51,51.35,51.39,1800,48.68
20110623,51.31,51.60,51.31,51.56,7200,48.84
20110622,51.48,51.49,51.48,51.49,800,48.78
20110621,51.35,51.35,51.30,51.30,1100,48.60
20110620,51.33,51.37,51.17,51.36,3500,48.65
20110617,51.35,51.40,51.31,51.40,5700,48.69
20110616,51.39,51.39,51.17,51.24,2900,48.54
20110615,51.40,51.41,51.35,51.39,1700,48.68
20110614,51.38,51.38,51.15,51.33,7600,48.62
20110613,51.39,51.40,51.28,51.40,3700,48.69
20110610,51.49,51.52,51.28,51.45,6500,48.74
20110609,51.42,51.54,51.28,51.46,5400,48.75
20110608,51.61,51.63,51.60,51.60,2500,48.88
20110607,51.47,51.55,51.32,51.55,2900,48.83
20110606,51.41,51.51,51.41,51.50,4700,48.79
20110603,51.53,51.54,51.30,51.48,9200,48.77
20110602,51.20,51.43,51.20,51.41,4800,48.70
20110601,51.34,51.43,51.25,51.25,1000,48.55
20110531,51.24,51.25,51.14,51.25,3600,48.55
20110527,51.10,51.32,51.06,51.06,2200,48.28
20110526,51.03,51.33,51.03,51.33,9800,48.54
20110525,51.31,51.43,51.30,51.30,4600,48.51
20110524,51.07,51.36,51.07,51.22,2200,48.43
20110523,51.34,51.34,51.12,51.20,3200,48.42
20110520,51.25,51.33,51.25,51.32,2500,48.53
20110519,51.16,51.27,51.06,51.19,5000,48.41
20110518,51.07,51.15,51.05,51.05,4900,48.27
20110517,51.27,51.27,51.10,51.10,3300,48.32
20110516,51.12,51.15,50.95,51.15,1900,48.37
20110513,51.07,51.15,50.92,51.12,5900,48.34
20110512,50.87,51.10,50.87,50.90,16100,48.13
20110511,50.91,51.10,50.80,50.90,58100,48.13
20110510,50.92,51.13,50.92,51.06,8600,48.28
20110509,51.12,51.15,51.03,51.13,11400,48.35
20110506,51.01,51.12,50.99,51.04,11000,48.26
20110505,50.92,51.02,50.92,50.99,1800,48.22
20110504,50.83,50.91,50.76,50.82,3200,48.06
20110503,50.81,50.87,50.74,50.86,3900,48.09
20110502,50.73,50.79,50.73,50.77,10000,48.01
20110429,50.75,50.81,50.73,50.79,23400,48.03
20110428,50.81,50.81,50.72,50.74,12600,47.90
20110427,50.70,50.70,50.40,50.54,5100,47.72
20110426,50.76,50.81,50.66,50.81,6900,47.97
20110425,50.80,50.85,50.72,50.75,5800,47.91
20110421,50.75,50.80,50.71,50.78,13800,47.94
20110420,50.60,50.78,50.60,50.71,2000,47.88
20110419,50.52,50.82,50.52,50.65,5200,47.82
20110418,50.66,50.77,50.47,50.76,20400,47.92
20110415,50.66,50.67,50.45,50.64,14800,47.81
20110414,50.57,50.57,50.36,50.36,6800,47.55
20110413,50.42,50.52,50.30,50.52,14000,47.70
20110412,50.32,50.37,50.15,50.30,6000,47.49
20110411,50.24,50.24,50.04,50.13,1000,47.33
20110408,50.19,50.27,50.19,50.26,6400,47.45
20110407,50.28,50.28,50.12,50.27,3400,47.46
20110406,50.27,50.27,50.19,50.19,2100,47.39
20110405,50.42,50.42,50.10,50.36,4500,47.55
20110404,50.11,50.45,50.11,50.38,5000,47.56
20110401,50.37,50.37,49.98,50.36,17900,47.55
20110331,50.43,50.43,50.11,50.15,14500,47.35
20110330,50.38,50.45,50.14,50.44,2800,47.52
20110329,50.38,50.38,50.13,50.13,7300,47.23
20110328,50.44,50.53,50.33,50.49,10400,47.57
20110325,50.65,50.65,50.32,50.50,5300,47.58
20110324,50.52,50.55,50.31,50.55,13800,47.63
20110323,50.40,50.54,50.30,50.52,7100,47.60
20110322,50.51,50.53,50.40,50.40,5400,47.48
20110321,50.50,50.65,50.40,50.62,10500,47.69
20110318,50.49,50.71,50.49,50.71,4600,47.78
20110317,50.73,50.77,50.50,50.74,2800,47.81
20110316,50.84,50.84,50.55,50.81,4800,47.87
20110315,50.72,50.72,50.51,50.51,1700,47.59
20110314,50.62,50.66,50.43,50.46,30400,47.54
20110311,50.56,50.57,50.25,50.56,5500,47.64
20110310,50.40,50.57,50.40,50.57,9200,47.64
20110309,50.43,50.44,50.37,50.40,5200,47.48
20110308,50.40,50.42,50.16,50.37,10800,47.46
20110307,50.44,50.60,50.28,50.40,4200,47.48
20110304,50.14,50.43,50.14,50.43,5500,47.51
20110303,50.20,50.22,50.18,50.19,2900,47.29
20110302,50.34,50.41,50.34,50.34,4600,47.43
20110301,50.26,50.41,50.16,50.38,3200,47.47
20110228,50.33,50.34,50.19,50.34,5600,47.43
20110225,50.36,50.40,50.31,50.38,5000,47.39
20110224,50.36,50.39,50.16,50.36,6800,47.37
20110223,50.30,50.31,50.07,50.29,8300,47.30
20110222,49.97,50.31,49.97,50.31,5000,47.32
20110218,50.10,50.19,50.05,50.19,3300,47.21
20110217,50.01,50.20,49.95,50.19,4000,47.21
20110216,50.12,50.12,50.04,50.06,4300,47.08
20110215,50.03,50.09,49.78,50.08,6600,47.10
20110214,49.67,50.03,49.67,50.03,3400,47.06
20110211,50.02,50.02,49.60,49.67,4300,46.72
20110210,49.94,49.94,49.55,49.71,8500,46.76
20110209,49.74,50.50,49.46,49.82,17600,46.86
20110208,49.74,49.88,49.61,49.73,7800,46.77
20110207,49.74,49.93,49.74,49.93,3300,46.96
20110204,50.00,50.00,49.77,49.95,3200,46.98
20110203,50.12,50.20,50.03,50.10,5500,47.12
20110202,50.31,50.31,50.10,50.21,17400,47.23
20110201,50.26,50.27,50.12,50.25,10700,47.26
20110131,50.38,50.42,50.15,50.34,7400,47.35
20110128,50.36,50.48,50.35,50.45,10300,47.37
20110127,50.28,50.42,50.28,50.38,11000,47.30
20110126,50.35,50.35,50.30,50.34,1700,47.27
20110125,50.26,50.48,50.26,50.43,2900,47.35
20110124,50.22,50.38,50.22,50.38,4600,47.30
20110121,50.30,50.38,50.23,50.33,8400,47.26
20110120,50.39,50.39,50.20,50.30,10700,47.23
20110119,50.37,50.45,50.28,50.35,4400,47.28
20110118,50.46,50.46,50.14,50.37,5200,47.30
20110114,50.47,50.47,50.30,50.40,7200,47.32
20110113,50.27,50.41,50.27,50.41,5000,47.33
20110112,50.06,50.28,50.06,50.28,5600,47.21
20110111,50.40,50.40,50.25,50.31,9600,47.24
20110110,50.35,50.40,50.27,50.40,12500,47.32
20110107,50.29,50.38,50.22,50.36,6500,47.29
20110106,50.13,50.17,50.01,50.16,8200,47.10
20110105,50.25,50.25,50.02,50.10,15700,47.04
20110104,50.26,50.33,50.20,50.29,6700,47.22
20110103,50.23,50.35,50.23,50.35,4300,47.28
20101231,50.49,50.49,50.12,50.28,7700,47.21
20101230,50.19,50.19,49.94,50.10,3200,47.04
20101229,49.92,50.17,49.89,50.17,3700,47.11
20101228,50.15,50.15,50.00,50.02,18100,46.97
20101227,50.13,50.18,50.04,50.18,5500,47.12
20101223,51.15,51.15,50.88,51.03,4100,47.06
20101222,51.14,51.18,50.94,51.18,10500,47.20
20101221,51.06,51.15,50.97,51.14,7500,47.16
20101220,51.10,51.12,50.50,50.86,1300,46.91
20101217,50.82,50.96,50.80,50.92,3300,46.96
20101216,50.58,51.65,50.33,50.65,4900,46.71
20101215,50.78,50.79,50.42,50.42,5200,46.50
20101214,50.76,50.85,50.69,50.73,17200,46.79
20101213,50.64,50.98,50.64,50.95,4000,46.99
20101210,50.95,50.95,50.73,50.80,3400,46.85
20101209,50.87,51.06,50.84,50.85,12500,46.90
20101208,50.85,50.98,50.79,50.98,4900,47.02
20101207,51.19,51.20,51.05,51.05,1900,47.08
20101206,51.49,51.49,51.23,51.23,2800,47.25
20101203,51.32,51.32,51.09,51.09,2600,47.12
20101202,51.05,51.15,51.00,51.15,3900,47.17
20101201,51.25,51.26,51.05,51.11,25100,47.14
20101130,51.55,51.55,51.39,51.41,6800,47.41
20101129,51.57,51.57,51.51,51.55,1100,47.46
20101126,51.49,51.51,51.37,51.51,4500,47.42
20101124,51.69,51.69,51.56,51.58,4400,47.49
20101123,51.83,51.83,51.72,51.72,6100,47.61
20101122,51.74,51.76,51.68,51.69,9200,47.59
20101119,51.50,51.60,51.50,51.60,700,47.50
20101118,51.55,51.55,51.47,51.53,5600,47.44
20101117,51.44,51.44,51.37,51.37,4100,47.29
20101116,51.33,51.43,51.25,51.25,3000,47.18
20101115,51.45,51.45,51.36,51.40,4400,47.32
20101112,51.61,51.61,51.45,51.48,4300,47.39
20101111,51.46,51.61,51.42,51.51,9200,47.42
20101110,51.48,51.64,51.46,51.46,5500,47.37
20101109,51.73,51.73,51.47,51.58,4100,47.49
20101108,51.88,51.88,51.80,51.84,5700,47.72
20101105,51.94,51.94,51.65,51.84,9200,47.72
20101104,52.00,52.00,51.83,51.96,2800,47.83
20101103,51.87,52.12,51.48,51.78,18300,47.67
20101102,51.74,51.75,51.73,51.75,4900,47.64
20101101,51.73,51.75,51.68,51.69,2700,47.59
20101029,51.75,51.75,51.72,51.73,4400,47.62
20101028,51.79,51.79,51.70,51.74,2200,47.51
20101027,51.58,51.78,51.58,51.74,4300,47.51
20101026,51.67,51.78,51.64,51.76,8600,47.53
20101025,51.75,51.84,51.75,51.75,3400,47.52
20101022,51.80,51.86,51.77,51.79,1900,47.55
20101021,51.67,51.82,51.67,51.82,3000,47.58
20101020,51.67,51.82,51.65,51.79,6900,47.55
20101019,51.52,51.71,51.52,51.71,4600,47.48
20101018,51.43,51.65,51.43,51.65,1300,47.42
20101015,51.62,51.62,51.39,51.53,23800,47.31
20101014,51.67,51.70,51.41,51.41,11300,47.20
20101013,51.59,51.69,51.53,51.68,4100,47.45
20101012,51.46,51.62,51.46,51.61,2900,47.39
20101011,51.58,51.58,51.42,51.56,4300,47.34
20101008,51.51,51.68,51.51,51.60,7800,47.38
20101007,51.36,51.45,51.36,51.38,9100,47.18
20101006,51.26,51.33,51.26,51.33,800,47.13
20101005,51.22,51.33,51.22,51.31,2200,47.11
20101004,51.28,51.31,51.22,51.22,11000,47.03
20101001,51.20,51.22,51.10,51.22,4000,47.03
20100930,51.16,51.20,50.97,51.20,6300,47.01
20100929,51.28,51.28,51.17,51.20,6400,46.95
20100928,51.19,51.27,51.19,51.24,1700,46.99
20100927,51.20,51.23,51.10,51.23,2800,46.98
20100924,51.15,51.18,51.04,51.13,31000,46.89
20100923,51.27,51.27,51.16,51.20,7200,46.95
20100922,51.17,51.27,51.17,51.25,6500,47.00
20100921,51.21,51.28,51.15,51.27,4000,47.01
20100920,51.02,51.17,51.00,51.09,37600,46.85
20100917,51.06,51.20,51.06,51.15,8900,46.90
20100916,51.18,51.18,51.15,51.16,3600,46.91
20100915,51.16,51.25,51.16,51.23,4800,46.98
20100914,51.23,51.27,51.21,51.26,1700,47.00
20100913,50.95,51.28,50.95,51.27,9400,47.01
20100910,51.18,51.22,51.10,51.22,14400,46.97
20100909,51.25,51.27,51.22,51.22,6000,46.97
20100908,51.34,51.37,51.27,51.33,11500,47.07
20100907,51.40,51.40,51.30,51.40,30600,47.13
20100903,51.21,51.30,51.21,51.30,21800,47.04
20100902,51.35,51.35,51.28,51.34,4900,47.08
20100901,51.38,51.38,51.32,51.36,3100,47.10
20100831,51.30,51.44,51.30,51.44,6000,47.17
20100830,51.38,51.48,51.38,51.46,2700,47.10
20100827,51.38,51.41,51.32,51.36,4100,47.01
20100826,51.40,51.43,51.38,51.43,3700,47.07
20100825,51.37,51.43,51.32,51.33,5600,46.98
20100824,51.23,51.32,51.09,51.32,17900,46.97
20100823,51.31,51.31,51.27,51.29,4600,46.94
20100820,51.28,51.31,51.23,51.27,5600,46.93
20100819,51.21,51.35,51.21,51.35,6100,47.00
20100818,51.34,51.36,51.25,51.25,4400,46.91
20100817,51.42,51.44,51.35,51.40,8500,47.05
20100816,51.51,51.52,51.44,51.44,8200,47.08
20100813,51.40,51.44,51.40,51.44,1900,47.08
20100812,51.34,51.42,51.34,51.37,2100,47.02
20100811,51.50,51.50,51.41,51.50,42200,47.14
20100810,51.52,51.56,51.48,51.56,2400,47.19
20100809,51.50,51.51,51.45,51.50,6500,47.14
20100806,51.51,51.53,51.49,51.51,2800,47.15
20100805,51.43,51.51,51.43,51.48,34500,47.12
20100804,51.49,51.50,51.47,51.47,1400,47.11
20100803,51.47,51.51,51.43,51.50,19500,47.14
20100802,51.45,51.45,51.34,51.42,5900,47.06
20100730,51.45,51.52,51.45,51.52,6200,47.16
20100729,51.54,51.63,51.48,51.57,28200,47.11
20100728,51.56,51.58,51.48,51.58,2700,47.12
20100727,51.47,51.55,51.45,51.54,3200,47.08
20100726,51.54,51.54,51.51,51.53,2900,47.07
20100723,51.50,51.51,51.49,51.49,7900,47.03
20100722,51.49,51.49,51.37,51.46,4700,47.01
20100721,51.41,51.48,51.34,51.48,8000,47.02
20100720,51.46,51.46,51.33,51.40,5600,46.95
20100719,51.42,51.43,51.34,51.39,13800,46.94
20100716,51.47,51.47,51.47,51.47,300,47.02
20100715,51.41,51.45,51.39,51.39,18800,46.94
20100714,51.34,51.40,51.29,51.40,2500,46.95
20100713,51.31,54.34,51.21,51.31,30200,46.87
20100712,51.31,51.35,51.24,51.34,58500,46.90
20100709,51.29,51.29,51.29,51.29,100,46.85
20100708,51.21,51.27,51.21,51.26,4300,46.82
20100707,51.24,51.24,51.19,51.21,2500,46.78
20100706,51.15,51.24,51.15,51.24,4200,46.81
20100702,51.15,51.16,51.15,51.15,2300,46.72
20100701,51.11,51.20,51.11,51.19,17000,46.76
20100630,51.13,51.19,51.13,51.18,1500,46.75
20100629,51.41,51.41,51.30,51.31,3500,46.78
20100628,51.38,51.38,51.28,51.37,2100,46.84
20100625,51.21,51.28,51.17,51.26,1100,46.74
20100624,51.25,51.25,51.16,51.17,9500,46.66
20100623,51.28,51.29,51.20,51.29,9900,46.77
20100622,51.16,51.21,51.16,51.19,1400,46.67
20100621,51.12,51.13,51.00,51.13,4500,46.62
20100618,51.03,51.14,51.03,51.12,11100,46.61
20100617,51.08,51.12,51.02,51.12,3600,46.61
20100616,50.90,50.98,50.90,50.97,800,46.47
20100615,50.89,51.00,50.87,50.87,413500,46.38
20100614,50.94,51.00,50.90,51.00,2600,46.50
20100611,50.86,51.00,50.86,51.00,2500,46.50
20100610,50.94,50.94,50.75,50.75,2500,46.27
20100609,50.92,50.92,50.92,50.92,400,46.43
20100608,51.05,51.06,50.97,51.00,1500,46.50
20100607,50.99,51.00,50.91,50.99,1300,46.49
20100604,50.93,50.99,50.91,50.99,2800,46.49
20100603,50.72,50.82,50.69,50.82,44100,46.34
20100602,50.81,50.81,50.79,50.79,1000,46.31
20100601,50.62,50.76,50.62,50.75,1600,46.27
20100528,50.73,50.75,50.72,50.74,1000,46.26
20100527,50.78,50.81,50.63,50.77,2400,46.21
20100526,50.94,50.94,50.73,50.73,2000,46.18
20100525,50.91,50.92,50.74,50.83,32700,46.27
20100524,50.89,50.89,50.68,50.73,2700,46.18
20100521,50.85,50.95,50.79,50.91,3700,46.34
20100520,51.10,51.10,50.74,50.77,5000,46.21
20100519,50.70,50.77,50.68,50.77,4100,46.21
20100518,50.63,50.76,50.63,50.75,5500,46.20
20100517,50.83,50.83,50.67,50.67,3800,46.12
20100514,50.66,50.68,50.60,50.60,5800,46.06
20100513,50.57,50.57,50.55,50.55,800,46.01
20100512,50.47,50.48,50.46,50.48,2000,45.95
20100511,50.34,50.43,50.34,50.39,44500,45.87
20100510,50.61,50.61,50.36,50.36,1900,45.84
20100507,50.42,50.51,50.42,50.50,1900,45.97
20100506,50.54,53.20,50.54,53.20,900,48.43
20100505,50.32,50.45,49.82,50.33,27100,45.81
20100504,50.38,50.38,50.23,50.29,1600,45.78
20100503,50.26,50.28,50.12,50.23,11100,45.72
20100430,50.25,50.33,50.16,50.21,12300,45.70
20100429,50.34,50.34,50.17,50.22,4800,45.65
20100428,50.23,50.36,50.07,50.10,5800,45.54
20100427,50.34,50.34,50.29,50.32,1100,45.74
20100426,50.23,50.23,50.16,50.19,2400,45.62
20100423,50.07,50.16,50.07,50.16,600,45.59
20100422,50.17,50.17,50.03,50.03,21700,45.47
20100421,50.10,50.28,50.07,50.13,26200,45.56
20100420,50.17,50.19,50.02,50.19,8000,45.62
20100419,50.18,50.24,50.18,50.19,7100,45.62
20100416,50.30,50.30,50.15,50.20,1300,45.63
20100415,50.18,50.22,50.08,50.09,10400,45.53
20100414,50.26,50.26,50.06,50.06,3200,45.50
20100413,50.28,50.28,50.20,50.22,1700,45.65
20100412,50.19,50.28,50.09,50.21,3100,45.64
20100409,49.97,49.97,49.97,49.97,500,45.42
20100408,50.12,50.15,50.12,50.15,200,45.58
20100407,50.04,50.15,49.95,50.05,3100,45.49
20100406,49.87,49.92,49.82,49.91,1800,45.36
20100405,49.98,49.98,49.91,49.91,1700,45.36
20100401,50.04,50.06,49.97,50.06,1400,45.50
20100331,50.00,50.09,49.96,50.06,1700,45.50
20100330,50.18,50.20,50.05,50.18,3600,45.54
20100329,50.18,50.22,50.13,50.16,2500,45.52
20100326,50.27,50.32,50.11,50.13,33600,45.50
20100325,50.15,50.23,50.15,50.23,1500,45.59
20100324,50.50,50.50,50.29,50.29,3400,45.64
20100323,50.44,50.56,50.44,50.56,10300,45.89
20100322,50.43,50.46,50.42,50.46,21400,45.79
20100319,50.40,50.40,50.34,50.40,2100,45.74
20100318,50.32,50.33,50.32,50.33,600,45.68
20100317,50.34,50.37,50.30,50.37,6400,45.71
20100316,50.29,50.48,50.28,50.48,23600,45.81
20100315,50.28,50.30,50.28,50.30,2400,45.65
20100312,50.25,50.30,50.24,50.30,9100,45.65
20100311,50.22,50.25,50.19,50.24,30200,45.60
20100310,50.19,50.28,50.18,50.27,5200,45.62
20100309,50.29,50.31,50.27,50.29,4400,45.64
20100308,50.22,50.25,50.22,50.24,2900,45.60
20100305,50.25,50.25,50.19,50.24,3900,45.60
20100304,50.28,50.28,50.26,50.28,1100,45.63
20100303,50.17,50.23,50.17,50.23,2300,45.59
20100302,50.02,50.03,50.02,50.03,600,45.40
20100301,49.96,50.06,49.96,50.03,1900,45.40
20100226,49.97,50.04,49.97,50.02,4100,45.40
20100225,50.12,50.17,50.12,50.13,5600,45.39
20100224,50.17,50.17,50.11,50.13,1300,45.39
20100223,50.13,50.19,50.13,50.19,5300,45.45
20100222,50.00,50.06,50.00,50.06,2800,45.33
20100219,49.96,49.99,49.95,49.99,5900,45.27
20100218,50.09,50.09,49.99,50.01,5000,45.29
20100217,50.29,50.29,50.07,50.08,1600,45.35
20100216,50.07,50.16,50.07,50.14,6000,45.40
20100212,50.13,50.13,50.12,50.13,1800,45.39
20100211,50.11,50.12,50.06,50.08,1200,45.35
20100210,50.24,50.25,50.18,50.19,1700,45.45
20100209,50.28,50.28,50.26,50.26,2200,45.51
20100208,50.28,50.28,50.28,50.28,500,45.53
20100205,50.30,50.34,50.28,50.32,2100,45.57
20100204,50.13,50.26,50.13,50.26,400,45.51
20100203,50.15,50.15,50.12,50.14,3000,45.40
20100202,50.16,50.18,50.13,50.13,2100,45.39
20100201,50.19,50.19,50.10,50.17,9200,45.43
20100129,50.17,50.17,50.17,50.17,300,45.43
20100128,50.16,50.24,50.16,50.24,4700,45.40
20100127,50.23,50.23,50.23,50.23,300,45.39
20100126,50.23,50.25,50.19,50.19,1000,45.35
20100125,50.16,50.17,50.16,50.17,1100,45.33
20100122,50.20,50.20,50.16,50.17,4900,45.33
20100121,50.17,50.23,50.17,50.22,6300,45.38
20100120,50.16,50.19,50.12,50.17,7300,45.33
20100119,50.15,50.15,50.08,50.13,7700,45.30
20100115,50.04,50.16,50.04,50.14,4100,45.31
20100114,49.93,49.96,49.93,49.95,1000,45.13
20100113,49.90,49.99,49.90,49.97,54400,45.15
20100112,49.98,50.03,49.97,50.02,54400,45.20
20100111,49.83,49.91,49.83,49.87,4400,45.06
20100108,49.83,49.83,49.83,49.83,000,45.03
20100107,49.85,49.87,49.82,49.83,92400,45.03
20100106,49.88,49.88,49.79,49.81,32500,45.01
20100105,49.79,49.81,49.77,49.81,800,45.01
20100104,49.69,49.70,49.69,49.70,800,44.91
20091231,49.57,49.59,49.55,49.55,3000,44.77
20091230,49.67,49.68,49.67,49.68,400,44.89
20091229,49.65,49.66,49.65,49.66,900,44.87
20091228,49.69,49.69,49.56,49.57,400,44.79
20091224,49.71,49.72,49.65,49.69,3300,44.90
20091223,49.81,49.88,49.81,49.88,1400,44.98
20091222,49.87,49.89,49.81,49.81,5500,44.92
20091221,50.22,50.22,49.95,49.95,7900,45.05
20091218,50.14,50.15,50.14,50.15,16200,45.23
20091217,50.21,50.28,50.21,50.28,2900,45.34
20091216,50.13,50.13,50.06,50.12,5000,45.20
20091215,50.09,50.11,50.01,50.09,6100,45.17
20091214,50.18,50.21,50.17,50.17,2300,45.24
20091211,50.15,50.19,50.15,50.19,700,45.26
20091210,50.20,50.24,50.20,50.22,2000,45.29
20091209,50.26,50.30,50.26,50.26,27200,45.33
20091208,50.27,50.29,50.26,50.29,24900,45.35
20091207,50.19,50.25,50.19,50.25,3700,45.32
20091204,50.11,50.15,50.06,50.15,2500,45.23
20091203,50.20,50.31,50.19,50.20,57400,45.27
20091202,50.27,50.30,50.25,50.25,4900,45.32
20091201,50.38,50.38,50.30,50.30,4400,45.36
20091130,50.32,50.39,50.32,50.39,2400,45.44
20091127,50.29,50.31,50.29,50.31,600,45.37
20091125,50.25,50.25,50.22,50.23,15600,45.30
20091124,50.19,50.23,50.18,50.22,11400,45.29
20091123,50.11,50.15,50.10,50.15,2000,45.23
