20140814,58.78,58.91,58.69,58.77,141600,58.77
20140813,59.00,59.00,58.55,58.74,90400,58.74
20140812,58.26,58.32,58.06,58.32,119600,58.32
20140811,58.21,58.32,58.04,58.25,103100,58.25
20140808,57.40,57.79,57.33,57.71,121600,57.71
20140807,57.83,57.83,57.29,57.42,108600,57.42
20140806,57.50,57.76,57.34,57.63,88700,57.63
20140805,58.40,58.40,57.76,57.86,131500,57.86
20140804,58.63,58.76,58.33,58.66,112600,58.66
20140801,58.53,58.67,58.28,58.51,103200,58.51
20140731,59.16,59.16,58.61,58.65,91100,58.65
20140730,59.45,59.45,59.00,59.22,84000,59.22
20140729,59.47,59.55,59.22,59.22,140700,59.22
20140728,58.90,59.27,58.90,59.22,105400,59.22
20140725,59.26,59.26,58.96,59.02,92400,59.02
20140724,59.53,59.53,59.26,59.41,108000,59.41
20140723,59.55,59.56,59.22,59.44,81600,59.44
20140722,59.13,59.25,59.08,59.15,95800,59.15
20140721,58.71,58.90,58.51,58.88,114000,58.88
20140718,58.75,59.00,58.70,58.95,66700,58.95
20140717,58.86,58.86,58.32,58.37,173500,58.37
20140716,59.00,59.02,58.91,59.01,92500,59.01
20140715,58.74,58.75,58.32,58.55,131500,58.55
20140714,58.64,58.66,58.48,58.48,136300,58.48
20140711,58.38,58.51,58.20,58.35,240000,58.35
20140710,57.98,58.42,57.85,58.37,10854300,58.37
20140709,58.27,58.43,58.12,58.39,180700,58.39
20140708,58.39,58.45,57.92,58.02,78800,58.02
20140707,58.47,58.47,58.18,58.29,112700,58.29
20140703,58.50,58.56,58.41,58.49,46100,58.49
20140702,58.34,58.42,58.25,58.33,110000,58.33
20140701,58.31,58.35,58.10,58.26,87300,58.26
20140630,58.06,58.11,57.85,58.05,74200,58.05
20140627,57.92,58.00,57.75,58.00,92400,58.00
20140626,57.71,58.00,57.56,57.89,51400,57.89
20140625,57.23,57.74,57.23,57.63,70300,57.63
20140624,57.53,57.64,57.19,57.24,66600,57.24
20140623,57.97,57.99,57.75,57.90,52600,57.55
20140620,58.26,58.26,58.01,58.22,193800,57.87
20140619,58.03,58.15,57.82,57.99,55200,57.64
20140618,57.56,57.85,57.27,57.84,67400,57.49
20140617,57.51,57.51,57.10,57.39,99000,57.04
20140616,57.64,57.64,57.40,57.52,129100,57.17
20140613,57.83,57.83,57.48,57.65,146300,57.30
20140612,57.97,57.97,57.51,57.58,130200,57.23
20140611,57.60,57.70,57.58,57.68,143500,57.33
20140610,58.00,58.00,57.90,57.95,136000,57.60
20140609,58.30,58.40,58.16,58.32,83800,57.97
20140606,58.06,58.29,58.06,58.27,42900,57.92
20140605,57.80,58.02,57.65,57.97,98800,57.62
20140604,57.55,57.70,57.40,57.60,176400,57.25
20140603,57.94,57.99,57.71,57.89,147400,57.54
20140602,57.92,58.05,57.65,57.87,212400,57.52
20140530,57.55,57.87,57.46,57.87,544200,57.52
20140529,57.43,57.49,57.25,57.49,56200,57.14
20140528,57.20,57.20,57.02,57.15,87300,56.80
20140527,57.00,57.30,56.98,57.23,226400,56.88
20140523,56.86,57.21,56.86,57.13,95300,56.78
20140522,56.70,56.73,56.56,56.64,52100,56.30
20140521,56.65,56.70,56.45,56.64,110100,56.30
20140520,56.58,56.58,56.17,56.28,90900,55.94
20140519,56.75,56.86,56.62,56.85,90100,56.50
20140516,56.94,56.95,56.61,56.91,87100,56.56
20140515,56.70,56.84,56.37,56.60,71000,56.26
20140514,56.64,56.90,56.64,56.75,119900,56.40
20140513,56.54,56.63,56.41,56.55,79200,56.21
20140512,56.21,56.29,56.03,56.23,89700,55.89
20140509,55.82,55.85,55.57,55.77,150300,55.43
20140508,55.71,55.87,55.55,55.63,158700,55.29
20140507,55.66,55.76,55.39,55.72,52200,55.38
20140506,55.51,55.63,55.35,55.49,86700,55.15
20140505,55.10,55.41,55.08,55.41,100300,55.07
20140502,55.50,55.62,55.33,55.48,141600,55.14
20140501,55.49,55.49,55.35,55.45,92200,55.11
20140430,55.15,55.33,55.00,55.29,61700,54.95
20140429,55.40,55.42,55.04,55.29,55600,54.95
20140428,55.03,55.04,54.59,54.93,71000,54.60
20140425,55.07,55.07,54.69,54.76,98000,54.43
20140424,55.30,55.32,55.02,55.13,1243600,54.79
20140423,55.25,55.25,55.03,55.16,58900,54.82
20140422,55.45,55.47,55.31,55.35,71600,55.01
20140421,55.45,55.59,55.18,55.27,69500,54.93
20140417,55.48,55.60,55.33,55.60,79200,55.26
20140416,55.10,55.27,54.93,55.20,77800,54.86
20140415,54.82,54.95,54.21,54.79,116800,54.46
20140414,54.88,55.02,54.73,54.97,68900,54.64
20140411,54.85,54.98,54.58,54.71,74100,54.38
20140410,55.50,55.50,54.74,54.79,121300,54.46
20140409,55.27,55.57,55.01,55.56,85700,55.22
20140408,55.07,55.22,54.91,55.02,120000,54.69
20140407,54.61,55.13,54.61,54.87,89800,54.54
20140404,55.08,55.30,54.66,54.81,141800,54.48
20140403,55.02,55.04,54.60,54.84,91100,54.51
20140402,54.69,55.04,54.69,55.00,80800,54.67
20140401,54.42,54.50,54.29,54.43,112400,54.10
20140331,54.25,54.26,54.07,54.07,62200,53.74
20140328,53.61,54.00,53.61,53.82,70200,53.49
20140327,53.20,53.43,53.13,53.37,170600,53.05
20140326,53.35,53.35,52.78,52.87,119600,52.55
20140325,52.97,53.18,52.79,52.96,152500,52.64
20140324,52.89,53.00,52.43,52.56,66600,52.24
20140321,52.64,52.97,52.55,52.58,48800,52.26
20140320,52.25,52.42,51.96,52.26,175600,51.94
20140319,53.30,53.45,52.70,52.77,104600,52.45
20140318,53.47,53.56,53.07,53.46,91700,53.13
20140317,53.00,53.32,52.96,53.26,95700,52.94
20140314,52.68,52.88,52.55,52.71,112600,52.39
20140313,53.49,53.49,52.40,52.57,85600,52.25
20140312,53.06,53.42,53.01,53.36,100600,53.04
20140311,54.07,54.07,53.45,53.52,81700,53.19
20140310,54.09,54.09,53.76,54.04,105500,53.71
20140307,54.64,54.64,54.16,54.33,82600,54.00
20140306,54.36,54.74,54.08,54.60,80000,54.27
20140305,54.05,54.05,53.80,53.92,44000,53.59
20140304,53.79,54.04,53.74,53.89,99000,53.56
20140303,53.22,53.38,52.76,52.96,89200,52.64
20140228,53.61,53.91,53.51,53.63,80000,53.30
20140227,53.16,53.66,53.13,53.61,66000,53.28
20140226,53.71,53.71,53.26,53.37,90800,53.05
20140225,53.86,53.86,53.40,53.46,82300,53.13
20140224,53.56,54.02,53.53,53.81,120500,53.48
20140221,54.00,54.02,53.77,53.84,67400,53.51
20140220,53.76,53.98,53.55,53.92,195600,53.59
20140219,53.76,54.05,53.56,53.60,75700,53.27
20140218,53.98,53.98,53.69,53.77,129700,53.44
20140214,53.36,53.65,53.28,53.54,52800,53.21
20140213,52.92,53.49,52.80,53.36,85100,53.04
20140212,53.54,53.56,53.33,53.44,107700,53.12
20140211,52.90,53.39,52.81,53.33,185100,53.01
20140210,52.35,52.59,52.33,52.46,187500,52.14
20140207,52.35,52.80,52.32,52.78,112600,52.46
20140206,51.86,52.32,51.64,52.27,174400,51.95
20140205,51.50,51.62,51.20,51.58,152200,51.27
20140204,51.21,51.63,51.14,51.57,250900,51.26
20140203,51.69,51.69,50.65,50.65,164300,50.34
20140131,51.42,51.87,51.28,51.58,176400,51.27
20140130,52.10,52.36,51.99,52.27,196800,51.95
20140129,52.19,52.21,51.78,51.86,174700,51.54
20140128,52.59,53.14,52.34,53.14,118500,52.82
20140127,52.64,52.69,51.92,52.27,142000,51.95
20140124,53.31,53.31,52.41,52.42,396100,52.10
20140123,53.71,53.75,53.20,53.41,128800,53.09
20140122,54.21,54.22,54.01,54.18,122600,53.85
20140121,54.21,54.21,53.72,53.93,102400,53.60
20140117,54.00,54.17,53.90,53.97,65600,53.64
20140116,53.76,53.77,53.61,53.76,88400,53.43
20140115,54.00,54.05,53.75,53.88,218500,53.55
20140114,53.55,53.88,53.51,53.86,111700,53.53
20140113,54.00,54.04,53.41,53.53,137900,53.20
20140110,53.78,54.10,53.57,54.06,87600,53.73
20140109,53.55,53.56,53.37,53.53,66500,53.20
20140108,53.70,53.70,53.42,53.54,122400,53.21
20140107,53.70,53.70,53.51,53.60,73700,53.27
20140106,53.68,53.72,53.42,53.51,366200,53.18
20140103,53.73,53.86,53.58,53.69,88200,53.36
20140102,54.21,54.24,53.51,53.65,176300,53.32
20131231,54.23,54.61,54.09,54.48,201700,54.15
20131230,54.00,54.35,53.86,54.25,186600,53.92
20131227,54.00,54.00,53.60,53.86,165900,53.53
20131226,53.38,53.67,53.37,53.67,244200,53.34
20131224,53.51,53.51,53.21,53.26,96100,52.94
20131223,53.59,53.66,53.40,53.46,357700,53.13
20131220,53.25,53.35,53.00,53.28,139500,52.96
20131219,54.63,54.66,54.21,54.66,160000,52.76
20131218,54.30,54.90,54.02,54.59,371800,52.69
20131217,54.50,54.53,53.83,54.11,244400,52.23
20131216,54.23,54.72,54.23,54.46,155600,52.57
20131213,54.52,54.52,54.13,54.48,83800,52.59
20131212,54.50,54.54,54.20,54.38,62400,52.49
20131211,55.14,55.14,54.50,54.58,149200,52.68
20131210,55.19,55.32,55.03,55.29,67000,53.37
20131209,55.36,55.36,55.12,55.24,104300,53.32
20131206,55.21,55.59,55.05,55.55,130600,53.62
20131205,55.22,55.22,54.92,54.98,106900,53.07
20131204,55.25,55.49,55.03,55.43,140800,53.50
20131203,55.64,55.65,55.28,55.50,72700,53.57
20131202,56.25,56.25,55.67,55.77,80800,53.83
20131129,56.53,56.71,56.27,56.30,40600,54.34
20131127,56.40,56.52,56.15,56.52,56800,54.56
20131126,55.90,56.21,55.89,56.15,98700,54.20
20131125,56.40,56.40,56.00,56.01,147900,54.06
20131122,56.50,56.69,56.37,56.67,57900,54.70
20131121,56.50,56.60,56.29,56.52,61000,54.56
20131120,57.24,57.24,56.61,56.63,49000,54.66
20131119,57.51,57.51,57.11,57.33,119500,55.34
20131118,57.87,57.99,57.61,57.67,119000,55.67
20131115,57.56,57.83,57.22,57.77,216600,55.76
20131114,56.90,57.02,56.66,56.85,457600,54.88
20131113,56.30,56.74,56.00,56.72,69400,54.75
20131112,56.60,56.60,56.21,56.39,62200,54.43
20131111,56.61,56.64,56.45,56.50,50000,54.54
20131108,56.49,56.73,56.26,56.71,78100,54.74
20131107,57.24,57.24,56.42,56.46,93600,54.50
20131106,57.41,57.50,57.18,57.23,84800,55.24
20131105,57.36,57.37,57.08,57.24,57900,55.25
20131104,57.77,57.79,57.45,57.77,84900,55.76
20131101,57.72,57.82,57.36,57.58,65100,55.58
20131031,58.14,58.14,57.76,57.85,53100,55.84
20131030,58.21,58.36,57.77,58.09,81200,56.07
20131029,58.36,58.38,58.18,58.36,83600,56.33
20131028,58.31,58.40,58.15,58.19,120700,56.17
20131025,58.46,58.48,58.26,58.36,49800,56.33
20131024,58.64,58.64,58.24,58.32,109900,56.29
20131023,58.45,58.50,58.10,58.32,64800,56.29
20131022,58.75,59.12,58.69,59.03,71100,56.98
20131021,58.27,58.70,58.27,58.59,107600,56.55
20131018,58.65,58.91,58.49,58.73,53800,56.69
20131017,57.96,58.38,57.82,58.33,95700,56.30
20131016,57.53,57.80,57.25,57.72,89000,55.71
20131015,57.48,57.48,57.09,57.26,120900,55.27
20131014,57.46,58.00,57.16,57.93,154900,55.92
20131011,57.36,57.74,57.20,57.69,368100,55.69
20131010,57.08,57.67,57.08,57.61,172900,55.61
20131009,56.67,56.84,56.35,56.70,5561800,54.73
20131008,56.09,56.26,55.70,55.91,96800,53.97
20131007,56.17,56.17,55.69,55.88,80800,53.94
20131004,56.62,56.69,56.41,56.64,54900,54.67
20131003,56.88,56.88,56.18,56.39,74300,54.43
20131002,56.70,56.92,56.41,56.92,150900,54.94
20131001,56.96,57.00,56.57,56.90,131600,54.92
20130930,56.40,56.76,56.10,56.72,152900,54.75
20130927,56.83,56.98,56.75,56.95,154900,54.97
20130926,56.88,57.14,56.73,56.90,101600,54.92
20130925,57.41,57.41,56.62,56.73,120000,54.76
20130924,56.99,57.17,56.72,56.89,75900,54.91
20130923,57.22,57.43,56.98,57.35,74600,55.36
20130920,58.24,58.24,57.25,57.25,146000,55.18
20130919,58.25,58.34,57.94,58.17,80500,56.06
20130918,56.20,57.84,56.00,57.83,129700,55.73
20130917,55.98,56.19,55.95,56.11,80100,54.08
20130916,56.03,56.58,55.59,55.94,105500,53.91
20130913,55.36,55.51,55.17,55.49,354400,53.48
20130912,55.39,55.41,55.15,55.19,82800,53.19
20130911,55.29,55.64,55.16,55.64,187900,53.62
20130910,55.37,55.53,55.19,55.49,111200,53.48
20130909,54.58,54.96,54.01,54.96,61400,52.97
20130906,53.56,53.90,53.32,53.58,72300,51.64
20130905,53.48,53.63,53.36,53.62,115100,51.68
20130904,53.36,53.72,53.24,53.62,73900,51.68
20130903,53.26,53.60,52.98,53.18,67000,51.25
20130830,52.67,52.87,52.42,52.50,49600,50.60
20130829,52.50,52.73,52.45,52.52,55900,50.62
20130828,52.43,52.68,52.31,52.42,39300,50.52
20130827,52.59,52.76,52.29,52.36,79000,50.46
20130826,53.51,53.58,53.24,53.31,78300,51.38
20130823,53.25,53.56,53.15,53.53,158400,51.59
20130822,53.38,53.38,53.00,53.07,59600,51.15
20130821,53.55,53.58,52.92,52.99,88400,51.07
20130820,53.90,54.00,53.77,53.81,72100,51.86
20130819,54.47,54.53,53.92,53.99,105300,52.03
20130816,54.78,54.86,54.50,54.57,64600,52.59
20130815,54.64,54.69,54.32,54.62,54900,52.64
20130814,55.13,55.30,55.13,55.17,39500,53.17
20130813,55.10,55.31,54.93,55.09,264200,53.09
20130812,54.97,55.12,54.80,54.85,51900,52.86
20130809,55.21,55.48,54.90,55.29,52400,53.29
20130808,55.03,55.43,54.85,55.23,35100,53.23
20130807,54.81,54.83,54.56,54.62,59600,52.64
20130806,55.26,55.50,55.03,55.10,125000,53.10
20130805,55.21,55.21,54.96,55.05,59700,53.06
20130802,54.92,55.14,54.74,55.08,83100,53.08
20130801,54.52,54.99,54.52,54.83,102900,52.84
20130731,54.06,54.34,53.72,54.02,113000,52.06
20130730,54.50,54.60,54.04,54.17,45000,52.21
20130729,54.64,54.72,54.41,54.51,60500,52.53
20130726,54.97,55.01,54.51,55.00,53200,53.01
20130725,54.72,55.29,54.72,55.27,125800,53.27
20130724,55.57,55.60,54.90,55.10,69900,53.10
20130723,55.50,55.77,55.30,55.57,83200,53.56
20130722,55.19,55.47,55.09,55.37,78900,53.36
20130719,55.12,55.15,54.90,55.11,86700,53.11
20130718,55.15,55.20,54.92,54.97,88600,52.98
20130717,55.25,55.25,54.90,55.15,120900,53.15
20130716,55.04,55.09,54.80,54.88,85800,52.89
20130715,55.01,55.29,54.85,55.29,71200,53.29
20130712,54.80,54.86,54.50,54.65,65600,52.67
20130711,54.59,55.35,54.44,55.35,68300,53.34
20130710,53.42,53.61,53.20,53.22,83500,51.29
20130709,53.36,53.67,53.31,53.53,58000,51.59
20130708,53.37,53.51,53.07,53.21,82300,51.28
20130705,53.14,53.98,53.14,53.53,77500,51.59
20130703,53.18,53.64,53.11,53.43,68700,51.49
20130702,53.49,53.94,53.23,53.48,71900,51.54
20130701,53.62,53.62,53.21,53.27,107800,51.34
20130628,53.19,53.60,53.00,53.38,123300,51.45
20130627,52.53,53.03,52.53,52.96,90100,51.04
20130626,51.66,51.88,51.46,51.71,122800,49.84
20130625,50.84,51.31,50.58,51.22,158500,49.36
20130624,50.39,50.68,49.76,50.44,207200,48.61
20130621,51.33,51.58,50.75,51.37,154200,49.40
20130620,52.11,52.18,50.66,50.92,184200,48.96
20130619,54.56,54.81,53.41,53.41,142900,51.36
20130618,54.30,54.80,54.30,54.71,85200,52.61
20130617,54.27,54.55,54.01,54.18,104300,52.10
20130614,54.09,54.36,53.77,53.93,58500,51.86
20130613,53.01,53.97,52.99,53.95,96500,51.88
20130612,53.30,53.48,52.66,52.67,167400,50.65
20130611,53.32,53.40,52.97,53.02,198700,50.98
20130610,55.03,55.03,54.51,54.51,95700,52.42
20130607,55.06,55.37,54.54,55.36,161600,53.23
20130606,54.18,54.40,53.69,54.36,155400,52.27
20130605,55.12,55.12,54.17,54.19,233400,52.11
20130604,55.84,56.15,55.36,55.59,124100,53.45
20130603,55.03,55.20,54.62,55.16,264600,53.04
20130531,55.85,55.96,55.16,55.20,198600,53.08
20130530,56.37,56.37,56.00,56.08,254600,53.92
20130529,57.14,57.14,56.48,56.65,210300,54.47
20130528,58.12,58.23,57.52,57.69,133000,55.47
20130524,57.42,57.42,57.05,57.28,130500,55.08
20130523,57.76,58.00,56.75,57.98,216900,55.75
20130522,60.18,60.41,59.09,59.31,248200,57.03
20130521,60.34,60.43,59.97,60.31,138800,57.99
20130520,60.66,60.74,60.52,60.73,113400,58.40
20130517,60.01,60.46,59.87,60.46,75800,58.14
20130516,59.66,59.85,59.50,59.72,75300,57.42
20130515,59.78,59.90,59.51,59.73,180600,57.43
20130514,60.12,60.29,59.40,60.22,284000,57.91
20130513,60.65,60.68,60.45,60.60,99900,58.27
20130510,61.08,61.08,60.79,61.00,129800,58.66
20130509,61.54,61.68,61.02,61.18,96800,58.83
20130508,61.81,61.88,61.60,61.86,82700,59.48
20130507,61.81,61.93,61.60,61.82,161100,59.44
20130506,62.05,62.05,61.81,61.98,134100,59.60
20130503,61.54,62.10,61.52,62.05,142500,59.67
20130502,61.39,61.52,61.13,61.41,561900,59.05
20130501,61.54,61.54,60.95,61.06,111100,58.71
20130430,61.23,61.38,60.92,61.32,129800,58.96
20130429,60.86,61.08,60.61,61.08,90300,58.73
20130426,60.52,60.53,60.15,60.32,98200,58.00
20130425,60.83,60.95,60.63,60.75,69500,58.42
20130424,60.19,60.61,60.19,60.48,77000,58.16
20130423,59.93,60.17,59.78,60.12,62700,57.81
20130422,60.17,60.20,59.73,60.09,104500,57.78
20130419,60.12,60.29,60.00,60.24,114800,57.92
20130418,59.47,59.47,59.00,59.10,81100,56.83
20130417,59.54,59.54,58.81,59.16,104500,56.89
20130416,59.66,59.74,59.18,59.69,68300,57.40
20130415,59.52,59.52,58.61,58.66,134100,56.41
20130412,60.01,60.09,59.68,59.99,95800,57.68
20130411,59.42,59.65,59.32,59.50,142500,57.21
20130410,59.14,59.42,59.00,59.31,155700,57.03
20130409,58.56,58.91,58.30,58.80,103400,56.54
20130408,58.79,59.02,58.54,59.02,85000,56.75
20130405,58.23,58.77,57.99,58.75,111400,56.49
20130404,57.76,58.00,57.66,58.00,81900,55.77
20130403,57.48,57.51,56.73,56.82,98100,54.64
20130402,57.22,57.48,57.09,57.28,110300,55.08
20130401,56.90,56.90,56.11,56.19,104200,54.03
20130328,57.27,57.38,57.09,57.38,107300,55.17
20130327,57.24,57.43,57.05,57.41,126000,55.20
20130326,56.76,57.10,56.71,57.10,87000,54.91
20130325,56.94,56.94,56.24,56.40,76700,54.23
20130322,56.23,56.50,56.23,56.44,69400,54.27
20130321,56.09,56.20,55.83,55.88,116100,53.73
20130320,56.39,56.41,56.19,56.29,90000,54.13
20130319,56.23,56.23,55.56,55.79,82900,53.65
20130318,56.21,56.50,56.04,56.19,101600,54.03
20130315,56.72,56.72,56.50,56.65,59000,54.47
20130314,56.44,56.72,56.40,56.72,43400,54.54
20130313,56.17,56.17,55.86,55.99,126100,53.84
20130312,56.49,56.57,56.11,56.18,104400,54.02
20130311,56.74,56.75,56.47,56.60,59100,54.42
20130308,56.72,56.78,56.43,56.72,84600,54.54
20130307,56.86,56.86,56.62,56.68,112300,54.50
20130306,56.70,56.71,56.41,56.56,101400,54.39
20130305,56.39,56.44,56.22,56.33,177400,54.17
20130304,56.13,56.23,55.91,56.19,403300,54.03
20130301,56.22,56.33,55.98,56.26,82500,54.10
20130228,55.94,56.31,55.87,55.87,111400,53.72
20130227,55.21,55.93,55.21,55.88,90600,53.73
20130226,54.80,55.21,54.75,54.99,106000,52.88
20130225,55.44,55.44,54.32,54.32,64700,52.23
20130222,55.16,55.16,54.71,54.93,157200,52.82
20130221,55.04,55.06,54.55,54.71,142100,52.61
20130220,55.75,55.75,55.09,55.12,244900,53.00
20130219,55.58,55.70,55.52,55.68,117700,53.54
20130215,55.48,55.48,55.10,55.20,109400,53.08
20130214,55.29,55.39,55.20,55.33,93100,53.20
20130213,55.69,55.69,55.39,55.50,95100,53.37
20130212,55.27,55.40,55.07,55.31,73700,53.18
20130211,55.28,55.30,55.07,55.26,101600,53.14
20130208,54.85,55.22,54.85,55.16,129900,53.04
20130207,55.20,55.29,54.55,54.85,115000,52.74
20130206,55.15,55.31,54.99,55.31,134800,53.18
20130205,55.39,55.39,55.10,55.33,142400,53.20
20130204,55.88,55.88,55.15,55.28,144800,53.16
20130201,56.10,56.20,55.84,56.08,108900,53.92
20130131,56.03,56.11,55.83,55.92,158700,53.77
20130130,55.97,56.13,55.90,55.96,81100,53.81
20130129,55.62,55.74,55.46,55.71,76300,53.57
20130128,55.70,55.70,55.31,55.35,224800,53.22
20130125,55.58,55.73,55.42,55.61,124300,53.47
20130124,55.71,55.82,55.48,55.56,115600,53.42
20130123,55.56,55.56,55.28,55.37,150900,53.24
20130122,55.75,55.75,55.46,55.62,193400,53.48
20130118,55.70,55.74,55.45,55.65,144900,53.51
20130117,55.75,55.91,55.52,55.70,140400,53.56
20130116,55.59,55.73,55.45,55.71,84100,53.57
20130115,55.64,55.81,55.56,55.68,204700,53.54
20130114,55.77,55.77,55.47,55.60,165200,53.46
20130111,55.52,55.58,55.30,55.47,111400,53.34
20130110,55.89,55.89,55.47,55.82,106000,53.67
20130109,55.40,55.48,55.30,55.37,178600,53.24
20130108,55.10,55.10,54.64,54.80,195400,52.69
20130107,55.40,55.45,55.18,55.45,209500,53.32
20130104,55.16,55.43,55.07,55.35,158200,53.22
20130103,55.50,55.57,55.14,55.38,747300,53.25
20130102,55.62,55.86,55.49,55.86,158900,53.71
20121231,54.38,55.14,54.33,55.03,153300,52.92
20121228,54.22,54.34,54.12,54.19,116700,52.11
20121227,54.52,54.62,54.13,54.52,117900,52.42
20121226,54.58,54.87,54.18,54.35,85600,52.26
20121224,54.31,54.31,53.90,54.07,59800,51.99
20121221,53.87,54.23,53.78,54.19,130500,52.11
20121220,54.26,54.40,53.95,54.40,129400,52.31
20121219,56.16,56.16,55.90,55.90,174400,51.51
20121218,55.80,56.08,55.65,56.04,108100,51.63
20121217,55.59,55.74,55.42,55.64,86900,51.27
20121214,55.43,55.54,55.28,55.35,107700,51.00
20121213,55.32,55.32,54.90,55.06,61600,50.73
20121212,55.23,55.59,55.20,55.31,100000,50.96
20121211,55.17,55.30,55.10,55.21,60200,50.87
20121210,55.27,55.30,55.05,55.27,163700,50.92
20121207,55.01,55.16,54.88,55.10,49900,50.77
20121206,54.76,54.78,54.50,54.78,40300,50.47
20121205,54.63,54.80,54.38,54.53,51000,50.24
20121204,54.61,54.63,54.41,54.48,69400,50.20
20121203,54.75,54.75,54.28,54.36,70900,50.09
20121130,54.35,54.38,54.14,54.28,86600,50.01
20121129,54.13,54.25,53.96,54.25,30500,49.99
20121128,53.36,53.83,53.17,53.79,57100,49.56
20121127,53.71,53.72,53.37,53.39,39000,49.19
20121126,53.58,53.58,53.12,53.56,52300,49.35
20121123,53.25,53.65,53.25,53.65,23700,49.43
20121121,52.82,52.82,52.52,52.73,36100,48.58
20121120,52.74,52.79,52.48,52.79,27900,48.64
20121119,52.88,53.03,52.65,53.03,64100,48.86
20121116,52.05,52.25,51.77,52.22,38700,48.11
20121115,51.94,52.15,51.85,52.09,39800,47.99
20121114,52.60,52.62,51.65,51.95,124100,47.87
20121113,52.29,52.47,52.10,52.22,38500,48.11
20121112,52.69,52.69,52.42,52.50,46800,48.37
20121109,52.55,52.73,52.31,52.42,28700,48.30
20121108,53.09,53.09,52.42,52.45,48700,48.33
20121107,53.47,53.47,52.69,53.01,88700,48.84
20121106,53.57,53.90,53.38,53.78,61000,49.55
20121105,53.43,53.51,53.12,53.51,51600,49.30
20121102,53.71,53.99,53.11,53.31,56300,49.12
20121101,53.25,53.70,53.16,53.62,79900,49.40
20121031,53.14,53.49,52.57,52.89,58000,48.73
20121026,52.94,52.94,52.58,52.80,34600,48.65
20121025,53.20,53.20,52.80,53.07,25500,48.90
20121024,52.77,52.96,52.55,52.63,28200,48.49
20121023,52.45,52.45,51.87,52.13,83700,48.03
20121022,52.84,52.94,52.60,52.92,31100,48.76
20121019,52.85,52.85,52.14,52.40,45500,48.28
20121018,53.09,53.16,52.80,52.89,72700,48.73
20121017,53.21,53.32,52.93,53.22,77900,49.04
20121016,52.75,52.93,52.66,52.89,63300,48.73
20121015,52.19,52.32,51.86,52.22,63400,48.11
20121012,52.03,52.05,51.70,51.77,33700,47.70
20121011,52.02,52.02,51.70,51.75,43900,47.68
20121010,51.80,51.80,51.46,51.54,23100,47.49
20121009,51.85,51.90,51.47,51.61,55800,47.55
20121008,51.96,51.96,51.73,51.79,11700,47.72
20121005,52.56,52.56,52.09,52.09,40600,47.99
20121004,52.16,52.28,51.90,52.26,28000,48.15
20121003,51.51,51.89,51.50,51.68,24800,47.62
20121002,51.79,52.00,51.33,51.50,27000,47.45
20121001,51.78,51.95,51.41,51.51,91800,47.46
20120928,51.81,51.81,51.27,51.43,43400,47.39
20120927,51.72,52.00,51.46,51.86,35400,47.78
20120926,51.45,51.45,51.00,51.20,25300,47.17
20120925,51.95,52.10,51.12,51.12,30600,47.10
20120924,51.51,51.61,51.27,51.44,42700,47.40
20120921,52.61,52.61,52.20,52.20,25600,47.42
20120920,52.14,52.21,51.87,52.20,36600,47.42
20120919,52.52,52.55,52.25,52.44,37700,47.64
20120918,52.40,52.46,52.22,52.35,59100,47.55
20120917,52.84,52.84,52.35,52.45,141200,47.65
20120914,53.06,53.26,52.79,52.88,182200,48.04
20120913,51.63,52.53,51.41,52.31,43600,47.52
20120912,51.67,51.67,51.39,51.52,38100,46.80
20120911,51.08,51.14,50.89,51.12,16900,46.44
20120910,51.03,51.03,50.51,50.62,61200,45.98
20120907,51.12,51.12,50.99,51.03,33900,46.36
20120906,50.12,50.57,49.84,50.55,86700,45.92
20120905,49.81,49.86,49.49,49.60,45700,45.06
20120904,50.03,50.03,49.47,49.73,41400,45.17
20120831,49.77,50.75,49.53,50.75,29500,46.10
20120830,49.69,49.69,49.22,49.30,21400,44.78
20120829,50.28,50.28,49.91,49.93,17900,45.36
20120828,49.87,50.01,49.79,49.94,29300,45.37
20120827,50.28,50.28,49.81,49.87,39400,45.30
20120824,50.00,50.23,49.82,50.11,19200,45.52
20120823,50.41,50.41,49.94,50.00,28900,45.42
20120822,50.10,50.38,49.88,50.27,32800,45.66
20120821,50.30,50.46,49.97,50.04,52900,45.46
20120820,50.20,50.20,49.83,50.12,32800,45.53
20120817,50.30,50.30,50.04,50.20,38400,45.60
20120816,50.05,50.25,49.85,50.11,36300,45.52
20120815,50.08,50.08,49.83,49.96,33600,45.38
20120814,50.25,50.25,49.88,49.96,29100,45.38
20120813,50.30,50.30,49.95,50.13,44600,45.54
20120810,50.12,50.24,49.92,50.24,28600,45.64
20120809,50.20,50.30,50.09,50.16,34900,45.57
20120808,50.22,50.40,50.00,50.25,47500,45.65
20120807,50.61,50.69,50.31,50.42,19600,45.80
20120806,50.51,50.65,50.35,50.35,47000,45.74
20120803,50.00,50.52,49.94,50.25,110400,45.65
20120802,49.16,49.39,48.74,48.99,31300,44.50
20120801,49.91,49.91,49.37,49.43,49900,44.90
20120731,49.53,49.60,49.20,49.20,46600,44.69
20120730,49.43,49.52,49.24,49.36,30500,44.84
20120727,49.13,49.74,48.99,49.58,17600,45.04
20120726,48.75,48.90,48.51,48.79,23500,44.32
20120725,47.97,48.04,47.63,47.84,86400,43.46
20120724,47.74,47.76,47.19,47.47,18300,43.12
20120723,47.63,47.87,47.34,47.84,36100,43.46
20120720,48.58,48.58,48.28,48.33,17000,43.90
20120719,48.95,49.16,48.82,49.12,28100,44.62
20120718,48.66,48.99,48.41,48.90,37900,44.42
20120717,48.85,48.86,48.29,48.82,28300,44.35
20120716,48.17,48.27,47.87,48.15,15000,43.74
20120713,47.81,48.23,47.70,48.17,68800,43.76
20120712,47.45,47.61,47.22,47.49,42400,43.14
20120711,47.75,48.03,47.67,47.92,11200,43.53
20120710,48.22,48.22,47.39,47.39,22700,43.05
20120709,47.91,47.91,47.59,47.83,20500,43.45
20120706,48.23,48.23,47.76,48.08,29300,43.68
20120705,48.54,48.54,48.00,48.18,61000,43.77
20120703,48.07,48.55,48.07,48.43,9000,43.99
20120702,48.14,48.18,47.80,48.18,29600,43.77
20120629,47.70,47.84,47.15,47.80,47000,43.42
20120628,46.36,46.55,46.02,46.48,32700,42.22
20120627,46.51,46.56,46.32,46.52,12300,42.26
20120626,45.80,45.93,45.53,45.85,18400,41.65
20120625,45.72,45.72,45.14,45.42,19700,41.26
20120622,45.46,45.98,45.46,45.83,23700,41.63
20120621,46.48,46.48,45.35,45.38,177200,41.22
20120620,46.77,46.86,46.47,46.57,22700,42.30
20120619,46.26,46.76,46.26,46.62,47900,42.35
20120618,45.89,46.01,45.63,45.96,36700,41.75
20120615,45.57,45.84,45.51,45.72,20000,41.53
20120614,45.07,45.23,44.91,45.19,15500,41.05
20120613,45.07,45.25,44.71,44.71,49300,40.61
20120612,44.78,45.24,44.75,45.24,24400,41.10
20120611,45.25,45.25,44.36,44.37,20200,40.31
20120608,44.60,44.87,44.26,44.87,19500,40.76
20120607,45.76,45.76,44.96,44.96,27500,40.84
20120606,44.65,45.13,44.46,45.12,30500,40.99
20120605,43.59,43.71,43.33,43.71,29600,39.71
20120604,43.39,43.39,43.02,43.31,30500,39.34
20120601,43.50,43.66,43.30,43.31,30800,39.34
20120531,44.24,44.40,43.85,44.32,26000,40.26
20120530,44.19,44.19,43.93,43.95,7500,39.92
20120529,44.73,44.91,44.49,44.79,15900,40.69
20120525,43.70,43.99,43.70,43.87,7600,39.85
20120524,44.39,44.39,43.53,43.78,92500,39.77
20120523,44.10,44.19,43.52,44.13,22900,40.09
20120522,44.72,44.83,44.13,44.18,20300,40.13
20120521,43.91,44.58,43.91,44.52,16900,40.44
20120518,44.15,44.17,43.51,43.51,46000,39.52
20120517,44.60,44.60,43.90,43.93,38800,39.91
20120516,44.87,44.89,44.31,44.35,24000,40.29
20120515,45.34,45.34,44.78,44.82,35700,40.71
20120514,45.34,45.51,45.20,45.23,21000,41.09
20120511,45.95,46.27,45.88,45.90,12300,41.70
20120510,46.66,46.66,46.20,46.21,22000,41.98
20120509,46.13,46.37,45.84,46.13,29000,41.90
20120508,46.95,47.37,46.31,46.79,39900,42.50
20120507,47.02,47.32,47.00,47.25,18700,42.92
20120504,47.54,47.54,47.00,47.05,16800,42.74
20120503,47.97,47.97,47.56,47.62,14400,43.26
20120502,47.57,47.96,47.57,47.93,20000,43.54
20120501,47.81,48.18,47.52,47.93,29000,43.54
20120430,47.97,47.97,47.67,47.89,21900,43.50
20120427,48.06,48.06,47.79,47.95,56000,43.56
20120426,47.59,47.99,47.50,47.90,24900,43.51
20120425,47.71,47.71,47.44,47.67,15300,43.30
20120424,46.97,47.32,46.97,47.04,9700,42.73
20120423,46.72,46.73,46.36,46.71,32100,42.43
20120420,47.21,47.53,47.10,47.36,9500,43.02
20120419,47.20,47.21,46.74,46.95,13200,42.65
20120418,47.16,47.20,46.94,47.12,19000,42.80
20120417,47.00,47.27,46.78,47.15,8100,42.83
20120416,46.80,46.85,46.51,46.69,11300,42.41
20120413,47.09,47.09,46.63,46.64,15800,42.37
20120412,46.57,47.06,46.57,46.99,24700,42.69
20120411,46.42,46.49,46.16,46.24,17500,42.00
20120410,46.43,46.43,45.60,45.69,49400,41.50
20120409,46.25,46.43,46.15,46.36,17300,42.11
20120405,46.22,46.70,46.22,46.55,19500,42.29
20120404,46.60,46.60,46.15,46.40,27700,42.15
20120403,47.59,47.59,46.90,47.15,22900,42.83
20120402,46.90,47.62,46.90,47.52,23900,43.17
20120330,47.02,47.06,46.74,47.01,21800,42.70
20120329,46.39,46.72,46.21,46.53,64900,42.27
20120328,47.52,47.52,46.97,47.16,21700,42.84
20120327,47.78,47.80,47.53,47.58,47300,43.22
20120326,47.42,47.57,47.20,47.57,19700,43.21
20120323,46.73,46.86,46.45,46.85,21000,42.56
20120322,46.90,46.90,46.56,46.77,24700,42.49
20120321,47.40,47.40,47.09,47.31,30800,42.98
20120320,47.71,47.71,47.39,47.56,38300,43.20
20120319,48.03,48.21,47.91,48.07,27000,43.67
20120316,48.36,48.36,48.12,48.35,15400,43.92
20120315,48.01,48.13,47.81,48.05,12700,43.65
20120314,48.24,48.24,47.69,47.77,40800,43.39
20120313,47.86,48.31,47.73,48.31,28700,43.88
20120312,47.57,47.57,47.18,47.39,19400,43.05
20120309,47.75,47.80,47.44,47.48,20500,43.13
20120308,47.43,47.82,47.34,47.77,30500,43.39
20120307,46.54,46.72,46.32,46.67,21500,42.39
20120306,46.50,46.50,45.89,46.08,34200,41.86
20120305,47.81,47.81,47.34,47.54,33400,43.19
20120302,47.75,47.88,47.61,47.85,32400,43.47
20120301,47.77,47.84,47.56,47.80,99000,43.42
20120229,48.22,48.22,47.55,47.64,41200,43.28
20120228,47.74,47.99,47.74,47.99,29000,43.59
20120227,47.29,47.50,46.98,47.40,279700,43.06
20120224,47.70,47.80,47.52,47.65,62700,43.28
20120223,47.10,47.34,46.95,47.29,26200,42.96
20120222,47.14,47.14,46.88,47.01,10300,42.70
20120221,47.31,47.31,46.98,47.08,62300,42.77
20120217,47.47,47.47,47.11,47.26,28700,42.93
20120216,46.49,46.95,46.38,46.95,30700,42.65
20120215,46.57,46.82,46.43,46.47,86800,42.21
20120214,46.03,46.15,45.73,45.91,34000,41.70
20120213,46.12,46.12,45.77,45.93,10100,41.72
20120210,45.78,45.78,45.51,45.60,27700,41.42
20120209,46.16,46.47,46.15,46.28,24600,42.04
20120208,45.95,46.17,45.92,46.11,19300,41.89
20120207,45.66,45.74,45.38,45.69,22400,41.50
20120206,45.55,45.65,45.46,45.65,23900,41.47
20120203,45.84,45.98,45.65,45.89,19000,41.69
20120202,45.50,45.60,45.37,45.46,14300,41.30
20120201,45.31,45.47,45.07,45.32,29200,41.17
20120131,44.89,44.91,44.34,44.56,24800,40.48
20120130,44.42,44.53,44.18,44.47,40200,40.40
20120127,44.74,45.05,44.69,44.93,43500,40.81
20120126,45.37,45.37,44.73,44.83,29300,40.72
20120125,44.36,44.83,44.02,44.74,45600,40.64
20120124,44.05,44.29,43.98,44.28,40700,40.22
20120123,44.48,44.68,44.32,44.54,24900,40.46
20120120,44.02,44.21,43.86,44.20,31600,40.15
20120119,43.71,43.99,43.44,43.76,30900,39.75
20120118,42.62,43.09,42.61,43.08,76400,39.13
20120117,42.54,42.60,42.33,42.40,53200,38.52
20120113,41.86,41.87,41.50,41.79,24200,37.96
20120112,42.05,42.13,41.84,42.13,15600,38.27
20120111,41.65,41.78,41.45,41.75,76800,37.93
20120110,41.82,42.05,41.66,41.76,46300,37.93
20120109,41.23,41.23,40.85,41.09,22700,37.33
20120106,41.31,41.31,40.75,40.87,18400,37.13
20120105,41.30,41.33,41.00,41.33,22200,37.54
20120104,41.61,41.65,41.27,41.49,35100,37.69
20120103,41.54,41.82,41.29,41.66,40300,37.84
20111230,40.55,40.85,40.55,40.70,94800,36.97
20111229,40.51,40.75,40.31,40.75,69600,37.02
20111228,40.99,41.00,40.24,40.38,71600,36.68
20111227,41.05,41.10,40.96,41.01,41900,37.25
20111223,41.11,41.11,40.85,41.05,36500,37.29
20111222,40.53,40.99,40.53,40.91,44200,37.16
20111221,40.56,40.56,40.04,40.35,42200,36.65
20111220,41.59,42.14,41.59,42.12,36700,37.05
20111219,41.25,41.25,40.56,40.65,58700,35.76
20111216,41.40,41.69,41.20,41.28,43000,36.31
20111215,41.51,41.51,41.18,41.26,72600,36.29
20111214,41.35,41.43,40.87,40.91,77100,35.99
20111213,42.10,42.35,41.36,41.47,22700,36.48
20111212,42.25,42.25,41.60,41.79,30300,36.76
20111209,42.81,43.20,42.80,43.05,10400,37.87
20111208,43.43,43.43,42.37,42.37,73600,37.27
20111207,43.43,43.98,43.27,43.85,73100,38.57
20111206,43.68,43.82,43.48,43.63,36100,38.38
20111205,44.00,44.21,43.70,43.92,38800,38.63
20111202,44.10,44.10,43.50,43.63,16500,38.38
20111201,43.76,43.83,43.57,43.71,16300,38.45
20111130,43.64,44.09,43.64,44.09,55200,38.78
20111129,42.14,42.29,41.90,42.02,16600,36.96
20111128,42.02,42.02,41.50,41.82,24600,36.79
20111125,40.40,40.94,40.40,40.50,6800,35.62
20111123,41.02,41.02,40.42,40.44,33700,35.57
20111122,41.41,41.60,41.12,41.46,33400,36.47
20111121,41.62,41.62,40.92,41.33,28700,36.35
20111118,42.82,42.82,42.25,42.41,23200,37.30
20111117,42.79,42.91,42.03,42.12,51700,37.05
20111116,43.24,43.57,42.81,42.82,57400,37.67
20111115,44.00,44.27,43.57,44.11,15000,38.80
20111114,44.44,44.44,43.88,44.01,13300,38.71
20111111,44.21,44.85,44.20,44.68,16000,39.30
20111110,44.23,44.57,43.76,43.99,44700,38.69
20111109,44.62,44.79,43.72,43.87,52800,38.59
20111108,45.24,45.83,45.12,45.83,23600,40.31
20111107,45.23,45.50,44.79,45.40,34200,39.93
20111104,45.46,45.46,44.83,45.23,38000,39.79
20111103,45.53,45.56,44.86,45.56,9100,40.08
20111102,45.21,45.21,44.58,44.91,9900,39.50
20111101,44.01,44.63,44.00,44.39,58000,39.05
20111031,46.12,46.12,45.49,45.49,25700,40.01
20111028,46.97,47.31,46.89,47.29,11600,41.60
20111027,46.58,47.35,46.47,47.09,36200,41.42
20111026,44.74,44.80,44.29,44.75,8100,39.36
20111025,45.00,45.00,44.50,44.50,19200,39.14
20111024,44.82,45.53,44.82,45.35,18500,39.89
20111021,43.94,44.52,43.94,44.52,15800,39.16
20111020,43.87,43.87,43.16,43.68,16600,38.42
20111019,44.59,44.59,43.81,43.92,18800,38.63
20111018,44.16,44.82,43.57,44.52,18500,39.16
20111017,45.27,45.27,44.18,44.29,6100,38.96
20111014,45.07,45.07,44.65,44.95,4300,39.54
20111013,44.34,44.55,43.95,44.45,10000,39.10
20111012,43.74,44.57,43.74,44.12,14900,38.81
20111011,42.50,43.25,42.50,43.05,8200,37.87
20111010,42.60,43.43,42.60,43.30,16300,38.09
20111007,42.35,42.50,41.90,41.90,54900,36.86
20111006,41.20,42.14,41.12,42.14,9000,37.07
20111005,40.43,41.16,40.13,41.06,25100,36.12
20111004,39.24,40.38,39.12,40.38,30000,35.52
20111003,40.80,40.92,39.90,39.90,32200,35.10
20110930,41.71,41.74,41.00,41.00,27900,36.06
20110929,43.00,43.00,41.88,42.39,23900,37.29
20110928,42.74,42.74,41.82,41.82,19800,36.79
20110927,42.36,43.04,42.36,42.49,26000,37.38
20110926,41.18,41.70,40.80,41.69,20000,36.67
20110923,41.26,41.61,41.26,41.35,9600,36.37
20110922,41.57,41.57,40.60,41.03,35900,36.09
20110921,44.05,44.05,42.70,42.70,32500,37.56
20110920,44.34,44.48,43.93,44.10,14500,38.79
20110919,44.13,44.35,43.76,44.35,46100,39.01
20110916,45.26,45.50,44.98,45.32,33900,39.86
20110915,44.98,45.16,44.67,45.12,8700,39.69
20110914,44.56,44.89,43.90,44.75,16600,39.36
20110913,44.98,45.13,44.39,44.89,7900,39.49
20110912,44.75,45.08,44.23,45.08,32200,39.65
20110909,45.83,45.83,45.02,45.21,17900,39.77
20110908,46.85,47.06,46.38,46.50,58300,40.90
20110907,46.93,47.46,46.90,47.29,6600,41.60
20110906,46.24,46.48,45.69,46.47,35800,40.88
20110902,47.52,47.70,47.25,47.40,10200,41.69
20110901,48.57,48.80,48.05,48.17,33000,42.37
20110831,48.44,48.70,48.16,48.39,66300,42.56
20110830,47.59,47.85,47.27,47.83,27200,42.07
20110829,47.11,47.66,47.11,47.55,15200,41.83
20110826,45.64,46.48,45.40,46.37,10400,40.79
20110825,46.71,46.71,45.67,45.86,14900,40.34
20110824,46.34,46.78,46.13,46.60,31000,40.99
20110823,45.96,46.72,45.96,46.72,13200,41.10
20110822,46.29,46.29,45.34,45.71,14000,40.21
20110819,45.36,46.29,45.35,45.38,27100,39.92
20110818,46.37,46.37,45.36,45.63,118800,40.14
20110817,48.06,48.26,47.39,47.65,212200,41.91
20110816,47.56,47.76,47.23,47.53,17000,41.81
20110815,47.61,48.00,47.53,48.00,42100,42.22
20110812,47.16,47.16,46.63,46.93,30300,41.28
20110811,45.49,47.16,45.25,46.77,59800,41.14
20110810,45.98,45.98,44.81,44.84,156400,39.44
20110809,45.73,47.10,44.88,47.10,59300,41.43
20110808,46.27,46.32,44.23,44.23,61900,38.91
20110805,48.51,48.55,46.67,47.92,33700,42.15
20110804,49.66,49.67,48.19,48.24,51300,42.43
20110803,51.15,51.15,50.25,50.95,35400,44.82
20110802,51.77,51.89,50.90,50.98,15900,44.84
20110801,52.28,52.36,51.45,51.89,40800,45.64
20110729,51.68,52.20,51.68,52.04,28000,45.78
20110728,51.83,52.10,51.61,51.68,63600,45.46
20110727,52.25,52.39,51.53,51.72,60800,45.49
20110726,52.38,52.58,52.20,52.28,19200,45.99
20110725,52.24,52.32,52.09,52.24,17500,45.95
20110722,52.44,52.44,52.11,52.29,35200,46.00
20110721,51.92,52.35,51.92,52.17,19500,45.89
20110720,51.62,51.77,51.50,51.56,7400,45.35
20110719,51.15,51.38,51.06,51.36,13700,45.18
20110718,50.93,50.93,50.43,50.64,32100,44.54
20110715,51.20,51.42,51.08,51.28,40800,45.11
20110714,51.37,51.72,51.03,51.13,10000,44.98
20110713,51.47,51.94,50.87,51.39,41900,45.20
20110712,51.00,51.12,50.87,50.90,21800,44.77
20110711,51.67,51.67,51.05,51.13,23000,44.98
20110708,52.38,52.38,52.03,52.31,26200,46.01
20110707,52.46,52.76,52.45,52.63,29400,46.29
20110706,52.32,52.32,52.00,52.23,17500,45.94
20110705,52.51,52.51,52.16,52.37,105900,46.07
20110701,51.66,52.44,51.66,52.40,31000,46.09
20110630,51.60,52.00,51.60,51.95,29600,45.70
20110629,51.01,51.30,50.85,51.22,134500,45.05
20110628,50.38,50.78,50.34,50.78,16500,44.67
20110627,49.71,50.34,49.64,50.26,17400,44.21
20110624,50.21,50.33,49.78,49.94,69800,43.93
20110623,49.88,50.09,49.50,50.09,142600,44.06
20110622,50.27,50.65,50.20,50.20,139500,44.16
20110621,50.40,50.80,50.33,50.77,37500,44.66
20110620,49.93,50.13,49.80,50.00,46400,43.98
20110617,50.53,50.53,50.18,50.24,12900,44.19
20110616,50.09,50.29,49.63,50.11,105100,44.08
20110615,50.95,50.95,50.18,50.29,12200,44.24
20110614,51.41,51.59,51.23,51.44,14500,45.25
20110613,50.99,50.99,50.41,50.68,17000,44.58
20110610,51.30,51.30,50.56,50.69,24600,44.59
20110609,51.50,51.79,51.26,51.70,27100,45.48
20110608,51.63,51.63,51.22,51.23,31100,45.06
20110607,51.68,52.06,51.68,51.74,9900,45.51
20110606,51.58,51.85,51.34,51.42,20600,45.23
20110603,51.55,52.21,51.51,51.90,9400,45.65
20110602,52.20,52.20,51.61,52.02,18500,45.76
20110601,52.53,52.53,51.62,51.67,50400,45.45
20110531,52.78,52.78,52.29,52.63,18300,46.29
20110527,51.81,51.94,51.62,51.79,10600,45.56
20110526,51.16,51.41,50.94,51.32,23800,45.14
20110525,50.84,51.15,50.75,51.02,21300,44.88
20110524,51.00,51.03,50.76,50.90,18500,44.77
20110523,50.65,50.68,50.37,50.62,16700,44.53
20110520,51.60,51.82,51.29,51.47,16000,45.27
20110519,51.96,51.99,51.58,51.86,11600,45.62
20110518,51.11,51.75,51.11,51.63,17100,45.41
20110517,50.79,51.06,50.47,51.05,23700,44.90
20110516,50.91,51.13,50.62,50.79,26800,44.68
20110513,51.61,51.61,50.73,50.98,98300,44.84
20110512,51.34,51.64,50.94,51.58,16000,45.37
20110511,52.08,52.08,51.17,51.34,23800,45.16
20110510,51.90,52.32,51.90,52.28,10100,45.99
20110509,51.78,51.92,51.51,51.90,16000,45.65
20110506,52.07,52.11,51.35,51.50,15100,45.30
20110505,51.61,51.61,50.86,51.04,39200,44.90
20110504,52.46,52.46,51.57,51.83,45000,45.59
20110503,52.72,52.72,52.15,52.28,15000,45.99
20110502,53.33,53.33,52.76,52.87,28000,46.51
20110429,52.85,52.97,52.67,52.85,108000,46.49
20110428,52.55,52.64,52.33,52.53,21500,46.21
20110427,52.46,52.73,51.96,52.65,247000,46.31
20110426,52.40,52.41,52.00,52.29,31400,46.00
20110425,52.20,52.20,51.71,51.98,30600,45.72
20110421,52.00,52.11,51.86,51.97,28200,45.71
20110420,51.68,51.74,51.50,51.65,26700,45.43
20110419,50.65,50.94,50.65,50.94,12600,44.81
20110418,50.91,50.91,50.15,50.61,78300,44.52
20110415,51.43,51.54,51.17,51.42,15800,45.23
20110414,51.23,51.47,51.00,51.41,15000,45.22
20110413,51.19,51.32,50.86,50.88,17600,44.76
20110412,51.00,51.00,50.60,50.72,13000,44.61
20110411,51.58,51.58,50.94,51.03,54400,44.89
20110408,51.65,51.67,51.30,51.48,61300,45.28
20110407,51.27,51.38,50.84,51.07,42500,44.92
20110406,51.35,51.61,51.35,51.55,26400,45.34
20110405,51.03,51.33,50.72,51.15,19200,44.99
20110404,51.34,51.34,51.03,51.13,17300,44.98
20110401,50.99,51.18,50.67,51.09,133800,44.94
20110331,50.57,50.67,50.48,50.59,93200,44.50
20110330,50.42,50.66,50.23,50.57,125100,44.48
20110329,49.63,49.92,49.52,49.85,50400,43.85
20110328,49.95,49.99,49.75,49.75,34200,43.76
20110325,50.12,50.28,49.92,49.92,38600,43.91
20110324,50.35,50.47,49.89,50.43,28200,44.36
20110323,49.59,50.06,49.25,49.96,60200,43.95
20110322,49.85,49.85,49.39,49.64,44900,43.66
20110321,49.32,49.97,49.32,49.92,49100,43.91
20110318,48.47,48.83,48.47,48.75,5400,42.88
20110317,47.59,47.90,47.42,47.76,11800,42.01
20110316,47.43,47.50,46.17,46.60,36400,40.99
20110315,46.84,47.80,46.39,47.69,142600,41.95
20110314,48.90,48.99,48.56,48.99,21600,43.09
20110311,49.35,49.95,49.35,49.92,9700,43.91
20110310,50.34,50.34,49.75,49.85,19200,43.85
20110309,51.00,51.00,50.69,50.94,16500,44.81
20110308,50.62,50.92,50.62,50.76,13400,44.65
20110307,51.50,51.50,50.42,50.52,16500,44.44
20110304,51.16,51.17,50.62,50.92,63800,44.79
20110303,50.89,51.15,50.65,51.10,55600,44.95
20110302,50.41,50.60,50.20,50.37,163500,44.31
20110301,51.03,51.03,50.13,50.25,85300,44.20
20110228,50.43,50.74,50.43,50.65,12500,44.55
20110225,49.96,50.19,49.88,50.18,18300,44.14
20110224,49.58,49.58,48.90,49.36,12800,43.42
20110223,49.19,49.53,49.00,49.38,14600,43.44
20110222,49.89,49.89,49.10,49.19,26400,43.27
20110218,50.68,50.70,50.40,50.61,8500,44.52
20110217,50.25,50.55,50.13,50.50,14000,44.42
20110216,49.63,50.25,49.63,50.16,24000,44.12
20110215,49.78,49.80,49.54,49.60,23700,43.63
20110214,50.10,50.10,49.81,49.97,18300,43.95
20110211,50.27,50.27,49.00,49.65,15800,43.67
20110210,50.19,50.36,49.22,49.69,21400,43.71
20110209,50.82,50.82,49.91,50.13,26100,44.10
20110208,51.38,51.38,50.50,50.88,17700,44.76
20110207,51.50,51.50,50.67,51.50,22500,45.30
20110204,51.21,51.21,50.60,51.00,24500,44.86
20110203,51.09,51.09,50.61,50.99,28600,44.85
20110202,51.21,51.21,50.63,50.82,16200,44.70
20110201,50.64,50.97,50.36,50.86,54100,44.74
20110131,50.67,50.67,49.90,50.08,12500,44.05
20110128,50.84,50.84,49.69,49.82,46600,43.82
20110127,50.98,50.98,50.63,50.84,132700,44.72
20110126,51.19,51.19,50.90,51.12,14800,44.97
20110125,50.80,50.90,50.49,50.90,23400,44.77
20110124,50.76,51.01,50.50,50.92,36400,44.79
20110121,51.04,51.04,50.50,50.59,16400,44.50
20110120,51.00,51.00,50.34,50.65,20700,44.55
20110119,51.82,51.82,51.02,51.20,56000,45.04
20110118,51.68,51.68,51.24,51.42,40800,45.23
20110114,51.25,51.50,51.14,51.45,25000,45.26
20110113,52.04,52.04,51.28,51.35,23300,45.17
20110112,51.29,51.37,51.00,51.34,26200,45.16
20110111,50.77,50.77,50.46,50.56,25200,44.47
20110110,50.44,50.44,50.00,50.38,33900,44.32
20110107,51.05,51.05,50.25,50.59,24300,44.50
20110106,51.27,51.27,50.58,50.76,25300,44.65
20110105,51.04,51.34,51.00,51.30,24200,45.12
20110104,51.36,51.36,50.75,51.08,37200,44.93
20110103,51.23,51.23,50.76,50.91,73100,44.78
20101231,50.28,50.61,50.18,50.60,14900,44.51
20101230,50.26,50.28,50.10,50.28,20400,44.23
20101229,50.36,50.36,50.10,50.24,30200,44.19
20101228,49.94,49.94,49.64,49.70,22500,43.72
20101227,49.69,49.80,49.47,49.79,40200,43.80
20101223,50.17,50.17,49.54,49.69,270200,43.71
20101222,49.58,49.62,49.50,49.62,11000,43.65
20101221,49.82,49.82,49.53,49.62,16000,43.25
20101220,49.42,49.42,48.98,49.20,134400,42.89
20101217,49.32,49.32,48.97,49.03,10300,42.74
20101216,49.46,49.46,49.08,49.42,15100,43.08
20101215,49.79,49.86,49.25,49.33,27300,43.00
20101214,50.39,50.52,49.82,49.90,30300,43.50
20101213,49.71,49.97,49.54,49.66,74600,43.29
20101210,49.26,49.42,49.12,49.42,44700,43.08
20101209,49.39,49.39,49.01,49.22,16400,42.91
20101208,49.29,49.41,48.97,49.25,20600,42.93
20101207,49.99,49.99,49.28,49.28,35000,42.96
20101206,49.26,49.50,49.15,49.48,29900,43.13
20101203,49.24,49.66,49.15,49.61,10700,43.24
20101202,48.73,49.46,48.73,49.45,25900,43.11
20101201,48.53,48.74,48.28,48.67,19100,42.43
20101130,47.27,47.70,47.17,47.46,18200,41.37
20101129,47.62,47.83,47.28,47.81,40400,41.68
20101126,47.73,47.85,47.63,47.71,14400,41.59
20101124,48.36,48.42,48.15,48.41,39300,42.20
20101123,48.03,48.03,47.48,47.66,44600,41.55
20101122,48.80,48.99,48.25,48.81,32800,42.55
20101119,49.10,49.21,48.77,49.20,20200,42.89
20101118,49.56,49.72,49.45,49.64,25000,43.27
20101117,48.90,49.09,48.81,48.88,37500,42.61
20101116,49.52,49.52,48.50,48.77,78400,42.51
20101115,50.21,50.25,49.75,49.75,29000,43.37
20101112,50.47,50.47,49.75,49.96,44200,43.55
20101111,50.68,50.68,50.31,50.53,26500,44.05
20101110,51.18,51.24,50.61,51.17,66500,44.60
20101109,52.09,52.09,51.00,51.00,70100,44.46
20101108,52.08,52.51,51.67,51.92,92600,45.26
20101105,52.14,52.27,52.00,52.21,89500,45.51
20101104,52.53,54.18,51.60,52.34,90700,45.62
20101103,51.01,51.36,50.66,51.36,76500,44.77
20101102,50.83,50.86,50.65,50.83,41200,44.31
20101101,50.39,50.44,49.92,50.23,19200,43.79
