20140814,85.33,85.74,85.33,85.68,104800,85.68
20140813,84.96,85.29,84.75,85.24,126600,85.24
20140812,84.68,84.94,84.42,84.66,112500,84.66
20140811,84.90,85.20,84.74,84.74,295300,84.74
20140808,83.71,84.57,83.50,84.52,415700,84.52
20140807,84.45,84.61,83.40,83.59,183900,83.59
20140806,83.67,84.57,83.67,84.18,259200,84.18
20140805,84.67,85.04,84.05,84.24,201400,84.24
20140804,84.81,85.09,84.20,84.95,374900,84.95
20140801,84.50,84.97,84.00,84.59,511900,84.59
20140731,85.62,85.78,84.68,84.68,220400,84.68
20140730,86.81,86.81,85.95,86.22,88000,86.22
20140729,87.00,87.19,86.42,86.46,175700,86.46
20140728,86.83,87.01,86.45,86.88,213300,86.88
20140725,86.89,87.09,86.71,86.82,121500,86.82
20140724,87.12,87.26,86.98,87.16,255800,87.16
20140723,87.03,87.03,86.63,86.91,171300,86.91
20140722,86.84,87.00,86.79,86.89,110400,86.89
20140721,86.39,86.58,86.10,86.48,111400,86.48
20140718,86.08,86.70,86.05,86.70,203100,86.70
20140717,86.63,86.97,85.79,85.93,188000,85.93
20140716,87.28,87.28,86.82,87.01,134100,87.01
20140715,86.91,87.35,86.50,86.88,173000,86.88
20140714,87.28,87.28,86.84,86.91,155700,86.91
20140711,86.68,86.78,86.34,86.69,81500,86.69
20140710,85.75,86.86,85.74,86.64,138000,86.64
20140709,86.83,86.93,86.56,86.86,109100,86.86
20140708,86.88,86.97,86.29,86.55,117000,86.55
20140707,87.40,87.40,86.86,86.96,437000,86.96
20140703,87.44,87.53,87.25,87.49,184000,87.49
20140702,87.49,87.49,87.04,87.12,229200,87.12
20140701,87.09,87.71,86.97,87.44,398900,87.44
20140630,86.78,86.96,86.56,86.94,135600,86.94
20140627,86.36,86.79,86.36,86.76,128500,86.76
20140626,86.57,86.58,85.93,86.54,93300,86.54
20140625,86.00,86.46,85.90,86.46,99000,86.46
20140624,86.58,86.93,86.06,86.12,342700,86.12
20140623,86.80,86.86,86.50,86.65,124500,86.65
20140620,86.93,86.93,86.55,86.69,280200,86.69
20140619,86.61,86.61,86.17,86.47,165200,86.47
20140618,85.82,86.44,85.66,86.41,176800,86.41
20140617,85.38,85.95,85.17,85.86,146900,85.86
20140616,85.20,85.53,85.11,85.39,113900,85.39
20140613,85.19,85.39,84.85,85.31,100100,85.31
20140612,85.45,85.45,84.76,84.98,153000,84.98
20140611,85.67,85.70,85.34,85.47,141600,85.47
20140610,86.10,86.10,85.71,85.94,115700,85.94
20140609,86.20,86.43,85.97,86.17,439500,86.17
20140606,85.98,86.24,85.83,86.16,264700,86.16
20140605,85.47,85.82,84.95,85.78,145800,85.78
20140604,84.78,85.19,84.68,85.18,137600,85.18
20140603,84.68,84.93,84.53,84.85,164400,84.85
20140602,84.83,84.91,84.38,84.84,292600,84.84
20140530,84.54,84.72,84.38,84.59,177400,84.59
20140529,84.36,84.54,84.09,84.54,156300,84.54
20140528,84.21,84.30,83.89,84.13,122700,84.13
20140527,84.20,84.20,83.89,84.12,136600,84.12
20140523,83.31,83.70,83.22,83.67,184500,83.67
20140522,82.88,83.33,82.83,83.19,91300,83.19
20140521,82.77,82.95,82.51,82.83,90800,82.83
20140520,82.88,82.93,82.12,82.40,324000,82.40
20140519,82.51,83.11,82.51,83.08,138400,83.08
20140516,82.66,82.76,82.07,82.76,123000,82.76
20140515,83.02,83.04,81.90,82.56,601700,82.56
20140514,83.65,83.72,83.21,83.30,456200,83.30
20140513,83.80,83.97,83.60,83.67,121800,83.67
20140512,83.14,83.74,83.14,83.68,149600,83.68
20140509,82.86,82.86,82.33,82.82,102300,82.82
20140508,83.09,83.72,82.61,82.82,162900,82.82
20140507,82.70,83.17,82.25,83.17,131900,83.17
20140506,83.05,83.06,82.45,82.48,620200,82.48
20140505,82.75,83.23,82.40,83.10,258200,83.10
20140502,83.12,83.75,83.02,83.17,321500,83.17
20140501,82.96,83.39,82.76,83.13,180400,83.13
20140430,82.64,83.17,82.57,83.17,145400,83.17
20140429,82.55,82.70,82.37,82.69,164100,82.69
20140428,82.68,82.79,81.51,82.34,185200,82.34
20140425,82.69,82.75,82.20,82.35,287300,82.35
20140424,83.42,83.42,82.64,82.92,441500,82.92
20140423,83.00,83.21,82.87,82.98,123200,82.98
20140422,82.75,83.17,82.57,82.99,168800,82.99
20140421,82.39,82.50,82.10,82.46,627400,82.46
20140417,82.16,82.43,81.97,82.22,562400,82.22
20140416,81.95,82.18,81.54,82.18,198500,82.18
20140415,80.85,81.29,80.02,81.18,213500,81.18
20140414,80.50,80.90,80.08,80.72,1031900,80.72
20140411,80.50,80.93,79.88,80.04,582700,80.04
20140410,82.58,82.75,80.92,81.01,204200,81.01
20140409,82.11,82.60,81.77,82.59,391400,82.59
20140408,81.42,82.00,81.06,81.84,333700,81.84
20140407,82.58,82.73,81.29,81.48,436700,81.48
20140404,84.28,84.33,82.65,82.81,181100,82.81
20140403,83.96,83.96,83.31,83.61,217100,83.61
20140402,83.65,83.89,83.36,83.80,375200,83.80
20140401,83.12,83.52,83.03,83.41,686000,83.41
20140331,82.31,82.86,82.20,82.83,144800,82.83
20140328,81.50,82.21,81.49,81.81,95900,81.81
20140327,81.39,81.54,80.95,81.23,163100,81.23
20140326,82.31,82.50,81.31,81.34,197500,81.34
20140325,82.06,82.30,81.55,81.93,157800,81.93
20140324,82.48,82.62,81.41,81.73,107100,81.71
20140321,82.67,82.95,82.15,82.22,104800,82.20
20140320,81.77,82.27,81.58,82.23,118500,82.21
20140319,82.39,82.53,81.52,81.91,118400,81.89
20140318,81.85,82.47,81.83,82.37,103400,82.35
20140317,81.58,81.93,81.52,81.74,119400,81.72
20140314,80.82,81.39,80.74,81.10,154300,81.08
20140313,81.95,82.00,80.75,80.98,183400,80.96
20140312,81.31,81.71,81.06,81.70,845200,81.68
20140311,82.33,82.42,81.55,81.73,145200,81.71
20140310,82.50,82.50,81.86,82.16,188800,82.14
20140307,82.78,82.82,82.16,82.46,162600,82.44
20140306,82.52,82.64,82.38,82.43,117000,82.41
20140305,82.47,82.49,82.18,82.31,97300,82.29
20140304,82.08,82.53,82.08,82.43,161500,82.41
20140303,81.16,81.60,80.87,81.34,349300,81.32
20140228,81.70,82.26,81.48,81.91,446900,81.89
20140227,81.50,81.85,81.33,81.82,85300,81.80
20140226,81.39,81.77,81.22,81.47,93900,81.45
20140225,81.26,81.54,80.94,81.19,118700,81.17
20140224,80.90,81.75,80.90,81.23,114200,81.21
20140221,80.93,81.05,80.75,80.88,459900,80.86
20140220,80.20,80.80,79.95,80.71,98700,80.69
20140219,80.21,80.80,79.98,80.08,137200,80.06
20140218,80.09,80.36,79.85,80.31,190000,80.29
20140214,79.42,79.96,79.37,79.92,121200,79.90
20140213,78.61,79.55,78.50,79.50,114900,79.48
20140212,79.00,79.25,78.82,78.94,195100,78.92
20140211,78.22,78.91,78.05,78.72,118100,78.70
20140210,78.00,78.09,77.67,78.08,463100,78.06
20140207,77.60,77.97,77.23,77.94,173600,77.92
20140206,76.21,77.06,76.21,77.04,86500,77.02
20140205,75.76,76.20,75.26,76.06,243900,76.04
20140204,76.00,76.28,75.51,76.18,166000,76.16
20140203,77.66,77.71,75.53,75.67,531800,75.65
20140131,77.17,78.17,77.12,77.72,130800,77.70
20140130,77.94,78.31,77.73,78.17,131100,78.15
20140129,77.42,77.98,77.27,77.41,313700,77.39
20140128,77.61,78.15,77.61,78.05,124900,78.03
20140127,77.87,78.15,76.97,77.45,174500,77.43
20140124,79.23,79.32,77.82,77.82,258300,77.80
20140123,80.17,80.24,79.38,79.79,203800,79.77
20140122,80.46,80.69,80.30,80.66,130600,80.64
20140121,80.50,80.51,79.81,80.27,140600,80.25
20140117,80.15,80.17,79.81,79.94,109800,79.92
20140116,80.15,80.22,79.89,80.21,143900,80.19
20140115,80.24,80.43,80.14,80.33,110000,80.31
20140114,79.31,80.08,79.25,80.07,100500,80.05
20140113,80.00,80.21,78.98,79.15,156700,79.13
20140110,79.84,80.10,79.69,80.10,95200,80.08
20140109,79.81,79.89,79.35,79.75,106000,79.73
20140108,79.24,79.55,79.02,79.52,126900,79.50
20140107,78.95,79.36,78.92,79.18,167600,79.16
20140106,79.39,79.39,78.59,78.68,174000,78.66
20140103,79.10,79.19,78.80,79.00,198400,78.98
20140102,79.56,79.56,78.66,78.85,319000,78.83
20131231,79.54,79.85,79.54,79.78,153400,79.76
20131230,79.31,79.46,79.28,79.35,443100,79.33
20131227,79.86,79.86,79.16,79.23,93600,79.21
20131226,79.27,79.37,79.11,79.25,74400,79.23
20131224,78.91,79.17,78.73,79.07,70200,79.05
20131223,80.16,80.16,79.79,80.05,114800,78.83
20131220,79.07,79.65,79.06,79.56,84500,78.34
20131219,79.02,79.04,78.70,79.00,132000,77.79
20131218,78.40,79.14,77.41,79.10,119400,77.89
20131217,78.49,78.52,77.92,78.28,118300,77.08
20131216,78.37,78.60,78.26,78.39,128900,77.19
20131213,77.88,78.12,77.63,77.84,506600,76.65
20131212,77.65,77.97,77.47,77.70,80600,76.51
20131211,78.99,78.99,77.65,77.74,88000,76.55
20131210,79.09,79.33,78.89,78.97,84500,77.76
20131209,79.08,79.40,79.05,79.18,250600,77.97
20131206,78.67,79.07,78.67,79.02,105400,77.81
20131205,78.27,78.41,77.96,78.07,118300,76.88
20131204,78.22,78.68,77.73,78.46,110600,77.26
20131203,78.49,78.67,78.09,78.42,134600,77.22
20131202,78.67,79.21,78.54,78.65,204900,77.45
20131129,79.00,79.06,78.71,78.77,113000,77.57
20131127,78.80,78.99,78.70,78.97,96700,77.76
20131126,78.63,78.88,78.58,78.67,78100,77.47
20131125,78.80,78.90,78.55,78.65,120500,77.45
20131122,78.30,78.69,78.15,78.68,71500,77.48
20131121,77.70,78.34,77.70,78.23,121300,77.03
20131120,77.97,78.17,77.33,77.56,114200,76.37
20131119,78.16,78.28,77.63,77.76,100300,76.57
20131118,78.87,78.93,78.09,78.17,129500,76.98
20131115,78.66,78.73,78.35,78.73,138100,77.53
20131114,77.99,78.52,77.92,78.46,100200,77.26
20131113,76.93,77.88,76.93,77.86,95600,76.67
20131112,77.26,77.30,76.92,77.19,55300,76.01
20131111,77.07,77.34,77.02,77.28,78100,76.10
20131108,76.11,77.06,75.95,77.06,162000,75.88
20131107,77.42,77.42,75.97,76.02,96400,74.86
20131106,77.25,77.42,76.81,77.12,88800,75.94
20131105,77.06,77.12,76.67,76.94,137600,75.76
20131104,77.00,77.34,76.95,77.34,88900,76.16
20131101,76.72,76.84,76.18,76.73,74500,75.56
20131031,76.78,76.95,76.34,76.55,67800,75.38
20131030,77.50,77.51,76.51,76.86,118900,75.69
20131029,77.10,77.37,77.05,77.37,82900,76.19
20131028,76.94,77.08,76.75,76.99,127700,75.81
20131025,76.50,76.88,76.40,76.88,77700,75.71
20131024,76.44,76.54,76.18,76.50,85000,75.33
20131023,76.44,76.54,76.10,76.34,83300,75.17
20131022,76.49,76.93,76.43,76.65,120600,75.48
20131021,76.40,76.40,76.00,76.19,103200,75.03
20131018,76.29,76.33,75.84,76.28,182700,75.11
20131017,74.82,76.02,74.82,75.99,151200,74.83
20131016,74.57,75.12,74.51,75.08,119800,73.93
20131015,74.40,74.61,73.88,74.03,103400,72.90
20131014,74.17,74.67,73.84,74.64,56600,73.50
20131011,73.80,74.46,73.80,74.44,76800,73.30
20131010,73.10,73.98,73.10,73.94,85100,72.81
20131009,72.50,72.73,71.96,72.47,169100,71.36
20131008,73.20,73.37,72.37,72.41,76400,71.30
20131007,73.43,73.68,73.24,73.34,438600,72.22
20131004,73.57,74.14,73.46,74.04,65900,72.91
20131003,73.83,73.87,72.91,73.37,90000,72.25
20131002,73.47,73.97,73.32,73.95,75000,72.82
20131001,73.20,73.98,73.20,73.89,53600,72.76
20130930,72.79,73.39,72.50,73.23,122400,72.11
20130927,73.36,73.57,73.23,73.41,53100,72.29
20130926,73.79,74.03,73.51,73.76,60500,72.63
20130925,73.84,74.05,73.55,73.70,79700,72.57
20130924,73.65,74.15,73.44,73.75,223200,72.62
20130923,73.79,73.79,73.24,73.52,83600,72.40
20130920,74.68,74.69,73.79,73.91,97300,72.78
20130919,74.99,75.00,74.43,74.50,157600,73.36
20130918,73.91,74.92,73.69,74.76,96500,73.62
20130917,73.80,74.05,73.80,74.03,120200,72.90
20130916,74.30,74.30,73.53,73.68,101900,72.55
20130913,73.00,73.13,72.81,73.11,72900,71.99
20130912,73.39,73.39,72.83,72.85,52400,71.74
20130911,73.10,73.30,72.85,73.30,73400,72.18
20130910,73.17,73.17,72.88,73.13,129000,72.01
20130909,71.92,72.57,71.91,72.54,71200,71.43
20130906,71.89,71.91,71.00,71.50,77100,70.41
20130905,71.34,71.63,71.30,71.49,64700,70.40
20130904,70.79,71.39,70.45,71.29,98800,70.20
20130903,71.17,71.45,70.31,70.66,127900,69.58
20130830,70.87,70.87,70.24,70.42,82500,69.34
20130829,70.44,71.03,70.40,70.80,69200,69.72
20130828,70.40,70.79,70.25,70.56,68400,69.48
20130827,71.11,71.24,70.43,70.47,165500,69.39
20130826,72.26,72.34,71.84,71.97,92700,70.87
20130823,72.25,72.25,71.74,72.09,94500,70.99
20130822,71.45,72.33,71.38,71.95,67600,70.85
20130821,71.42,71.79,71.09,71.22,92300,70.13
20130820,71.12,71.95,71.10,71.80,110500,70.70
20130819,71.58,71.70,71.06,71.07,470100,69.98
20130816,71.71,72.01,71.51,71.64,100000,70.55
20130815,72.45,72.45,71.69,71.87,133600,70.77
20130814,73.25,73.25,72.89,72.91,67900,71.80
20130813,73.38,73.42,72.85,73.23,54200,72.11
20130812,73.11,73.34,72.89,73.20,117100,72.08
20130809,73.19,73.54,73.04,73.30,69900,72.18
20130808,73.20,73.45,72.95,73.30,83700,72.18
20130807,72.92,72.96,72.61,72.85,95500,71.74
20130806,73.64,73.71,73.09,73.16,82000,72.04
20130805,73.77,73.82,73.56,73.71,85100,72.58
20130802,73.76,73.84,73.41,73.81,137500,72.68
20130801,73.40,73.85,73.22,73.81,146900,72.68
20130731,72.54,73.11,72.50,72.54,84400,71.43
20130730,72.45,72.54,72.16,72.38,60300,71.27
20130729,72.14,72.41,71.94,72.09,462000,70.99
20130726,72.12,72.38,71.80,72.38,71700,71.27
20130725,71.92,72.40,71.87,72.40,70500,71.29
20130724,72.91,72.91,71.90,72.03,90000,70.93
20130723,72.94,72.94,72.53,72.61,90100,71.50
20130722,72.60,72.84,72.47,72.73,95800,71.62
20130719,72.45,72.54,72.18,72.53,97200,71.42
20130718,72.04,72.52,71.98,72.49,73200,71.38
20130717,71.90,72.02,71.68,71.75,187900,70.65
20130716,72.30,72.30,71.43,71.61,81500,70.52
20130715,72.04,72.14,71.77,72.10,85800,71.00
20130712,71.53,71.87,71.25,71.87,204800,70.77
20130711,71.73,71.73,71.13,71.51,131800,70.42
20130710,70.56,70.79,70.29,70.67,147100,69.59
20130709,70.59,70.74,70.27,70.61,124200,69.53
20130708,70.10,70.22,69.93,70.10,169100,69.03
20130705,69.56,69.72,68.85,69.71,284800,68.64
20130703,68.79,69.10,68.61,68.97,51800,67.92
20130702,69.30,69.59,68.79,69.08,74900,68.02
20130701,69.10,69.60,69.07,69.31,175500,68.25
20130628,68.73,69.13,68.47,68.67,130300,67.62
20130627,68.60,69.07,68.52,68.94,75400,67.89
20130626,68.21,68.22,67.65,68.06,94100,67.02
20130625,67.44,67.62,66.83,67.45,207200,66.42
20130624,66.69,67.11,65.96,66.60,230800,65.58
20130621,67.89,68.33,66.84,67.54,167500,66.51
20130620,68.69,68.69,67.42,67.58,182700,66.55
20130619,70.37,70.40,69.32,69.32,122600,68.26
20130618,69.95,70.48,69.84,70.36,126600,69.28
20130617,69.94,70.12,69.50,69.86,98900,68.79
20130614,69.68,69.99,69.24,69.42,97300,68.36
20130613,68.43,69.80,68.37,69.70,65900,68.63
20130612,69.69,69.69,68.44,68.53,101600,67.48
20130611,69.25,69.70,68.87,69.13,81100,68.07
20130610,69.99,69.99,69.50,69.82,113800,68.75
20130607,69.48,69.75,69.00,69.70,126200,68.63
20130606,68.15,68.87,67.87,68.87,112100,67.82
20130605,68.96,69.03,68.16,68.23,139500,67.19
20130604,69.62,69.88,68.80,69.19,104100,68.13
20130603,69.69,69.71,68.89,69.57,201000,68.51
20130531,70.14,70.68,69.59,69.61,96200,68.55
20130530,70.22,70.70,70.18,70.49,66000,69.41
20130529,70.50,70.50,69.66,70.11,110100,69.04
20130528,71.09,71.23,70.31,70.62,119100,69.54
20130524,70.00,70.22,69.61,70.22,97300,69.15
20130523,69.75,70.56,69.61,70.40,151700,69.32
20130522,71.65,72.13,70.37,70.57,189900,69.49
20130521,71.54,71.70,71.19,71.43,85800,70.34
20130520,71.37,71.71,71.27,71.45,368300,70.36
20130517,70.93,71.49,70.89,71.46,127900,70.37
20130516,70.98,71.18,70.53,70.65,109600,69.57
20130515,70.44,71.16,70.30,71.05,113800,69.96
20130514,69.87,70.58,69.87,70.56,94500,69.48
20130513,69.82,69.93,69.54,69.80,159800,68.73
20130510,69.80,69.96,69.55,69.96,75400,68.89
20130509,69.91,70.00,69.50,69.59,118900,68.53
20130508,69.55,69.97,69.55,69.92,269600,68.85
20130507,69.47,69.71,69.26,69.71,250500,68.64
20130506,69.03,69.33,68.97,69.26,353400,68.20
20130503,68.86,69.25,68.86,69.03,123500,67.98
20130502,67.85,68.28,67.70,68.22,78000,67.18
20130501,68.12,68.12,67.52,67.56,338500,66.53
20130430,68.00,68.34,67.68,68.33,105700,67.29
20130429,67.79,68.06,67.64,67.92,128100,66.88
20130426,67.80,67.97,67.40,67.57,62700,66.54
20130425,67.88,68.25,67.73,67.91,126900,66.87
20130424,67.32,67.67,67.27,67.54,73100,66.51
20130423,66.88,67.23,66.64,67.23,81600,66.20
20130422,66.40,66.70,65.77,66.48,76500,65.46
20130419,65.83,66.37,65.68,66.36,62000,65.35
20130418,66.02,66.02,65.35,65.58,118500,64.58
20130417,66.29,66.34,65.39,65.84,84800,64.83
20130416,66.36,66.86,66.14,66.83,127000,65.81
20130415,67.33,67.35,65.68,65.71,125500,64.71
20130412,67.58,67.75,67.33,67.67,105400,66.64
20130411,67.77,68.05,67.54,67.87,102900,66.83
20130410,67.06,67.61,67.06,67.60,89000,66.57
20130409,66.84,67.08,66.48,66.85,87500,65.83
20130408,66.25,66.69,65.96,66.68,127000,65.66
20130405,65.50,66.15,65.17,66.13,128200,65.12
20130404,65.89,66.26,65.84,66.23,125600,65.22
20130403,66.80,66.80,65.62,65.80,155300,64.79
20130402,67.04,67.06,66.47,66.60,200000,65.58
20130401,67.27,67.29,66.55,66.72,349700,65.70
20130328,66.74,67.29,66.68,67.19,184900,66.16
20130327,66.36,66.79,66.15,66.77,90600,65.75
20130326,66.54,66.74,66.46,66.69,119400,65.67
20130325,66.69,66.83,65.97,66.24,165900,65.23
20130322,66.39,66.45,66.25,66.40,66000,65.39
20130321,66.43,66.57,66.00,66.13,111800,65.12
20130320,66.51,66.78,66.39,66.66,140800,65.64
20130319,66.56,66.59,65.73,66.12,116100,65.09
20130318,66.02,66.68,66.00,66.43,122600,65.40
20130315,66.71,66.84,66.57,66.79,144000,65.75
20130314,66.49,66.82,66.48,66.80,94600,65.76
20130313,66.16,66.39,65.96,66.30,94000,65.27
20130312,66.03,66.23,65.91,66.13,105200,65.10
20130311,65.72,66.10,65.66,66.06,185700,65.03
20130308,65.75,65.84,65.34,65.80,263200,64.78
20130307,65.25,65.41,65.21,65.30,131500,64.28
20130306,65.35,65.38,65.10,65.19,128800,64.18
20130305,64.77,65.20,64.77,65.09,158700,64.08
20130304,64.08,64.39,63.89,64.38,321100,63.38
20130301,63.77,64.20,63.39,64.11,150400,63.11
20130228,64.05,64.48,63.97,64.01,147800,63.01
20130227,63.11,64.20,63.11,64.08,65800,63.08
20130226,62.90,63.22,62.51,63.16,84600,62.18
20130225,64.35,64.36,62.71,62.73,210300,61.75
20130222,63.64,64.00,63.63,64.00,78500,63.00
20130221,63.69,63.96,63.06,63.34,111100,62.36
20130220,64.95,65.02,63.82,63.86,137700,62.87
20130219,64.78,65.02,64.73,65.00,219200,63.99
20130215,64.65,64.76,64.37,64.56,93300,63.56
20130214,64.29,64.67,64.26,64.62,89500,63.62
20130213,64.44,64.66,64.33,64.46,70800,63.46
20130212,64.21,64.46,64.15,64.40,114900,63.40
20130211,64.16,64.22,64.02,64.14,178700,63.14
20130208,63.90,64.17,63.87,64.17,136600,63.17
20130207,63.92,63.94,63.28,63.71,353000,62.72
20130206,63.43,63.87,63.32,63.87,120800,62.88
20130205,63.33,63.69,63.26,63.54,102800,62.55
20130204,63.37,63.39,62.96,62.98,225100,62.00
20130201,63.58,63.64,63.35,63.57,121200,62.58
20130131,62.82,63.17,62.77,63.08,90600,62.10
20130130,63.24,63.24,62.88,62.92,98000,61.94
20130129,62.91,63.17,62.77,63.14,113700,62.16
20130128,63.21,63.21,62.65,62.91,160600,61.93
20130125,62.96,62.98,62.65,62.98,95700,62.00
20130124,62.28,62.89,62.28,62.62,90900,61.65
20130123,62.56,62.56,62.27,62.45,101700,61.48
20130122,62.02,62.59,62.02,62.56,127600,61.59
20130118,61.86,62.01,61.60,61.97,113800,61.01
20130117,61.35,61.85,61.35,61.73,67700,60.77
20130116,61.11,61.22,61.00,61.12,69400,60.17
20130115,60.66,61.22,60.64,61.18,110900,60.23
20130114,60.82,60.95,60.65,60.91,148400,59.96
20130111,61.00,61.10,60.68,60.87,88300,59.92
20130110,60.93,61.00,60.61,61.00,839600,60.05
20130109,60.39,60.62,60.39,60.60,102500,59.66
20130108,60.32,60.37,60.03,60.20,71700,59.26
20130107,60.47,60.51,60.30,60.42,448200,59.48
20130104,60.53,60.72,60.24,60.67,159800,59.73
20130103,60.25,60.53,60.12,60.25,206600,59.31
20130102,60.17,60.22,59.73,60.20,192100,59.26
20121231,57.82,58.86,57.71,58.81,334600,57.90
20121228,58.14,58.28,57.82,57.84,122900,56.94
20121227,58.53,58.53,57.77,58.38,142300,57.47
20121226,59.00,59.03,58.43,58.46,111400,57.55
20121224,58.92,58.95,58.66,58.81,66000,57.90
20121221,59.80,60.25,59.74,60.04,131700,57.99
20121220,60.35,60.64,60.14,60.64,107100,58.57
20121219,60.43,60.43,60.11,60.11,174900,58.06
20121218,59.67,60.34,59.63,60.31,150600,58.25
20121217,59.05,59.55,59.05,59.54,137100,57.51
20121214,58.96,59.16,58.88,58.92,68100,56.91
20121213,59.53,59.58,58.96,59.08,105500,57.07
20121212,59.69,59.82,59.35,59.39,102200,57.37
20121211,59.47,59.62,59.32,59.48,87100,57.45
20121210,59.06,59.36,59.01,59.29,141400,57.27
20121207,59.01,59.11,58.83,59.06,96200,57.05
20121206,58.58,58.87,58.54,58.87,44400,56.86
20121205,58.53,58.81,58.15,58.65,88800,56.65
20121204,58.30,58.48,58.11,58.36,132000,56.37
20121203,58.90,58.93,58.23,58.31,188300,56.32
20121130,58.50,58.60,58.29,58.56,86800,56.56
20121129,58.41,58.55,58.10,58.35,90300,56.36
20121128,57.52,58.13,57.21,58.12,109200,56.14
20121127,57.96,58.11,57.71,57.72,130800,55.75
20121126,57.88,58.01,57.72,57.91,268700,55.94
20121123,57.78,58.01,57.65,58.01,55600,56.03
20121121,57.32,57.47,57.14,57.47,141600,55.51
20121120,57.04,57.29,56.84,57.23,107800,55.28
20121119,56.81,57.09,56.81,57.09,92200,55.14
20121116,55.84,56.21,55.40,56.18,104300,54.27
20121115,55.86,56.15,55.52,55.76,95700,53.86
20121114,57.04,57.04,55.82,55.91,90300,54.00
20121113,56.68,57.35,56.60,56.81,55500,54.87
20121112,57.43,57.43,56.94,57.04,80400,55.10
20121109,56.72,57.58,56.45,57.09,98800,55.14
20121108,57.82,57.87,57.08,57.09,60300,55.14
20121107,58.28,58.32,57.41,57.79,127400,55.82
20121106,58.56,59.14,58.56,58.99,73400,56.98
20121105,58.17,58.46,57.98,58.39,60700,56.40
20121102,59.03,59.03,58.22,58.23,42500,56.25
20121101,57.92,58.75,57.92,58.73,72800,56.73
20121031,57.78,57.98,57.58,57.85,94300,55.88
20121026,57.79,57.99,57.33,57.62,48800,55.66
20121025,57.98,58.10,57.44,57.72,73600,55.75
20121024,58.09,58.09,57.53,57.62,50400,55.66
20121023,57.77,58.03,57.40,57.84,48900,55.87
20121022,58.52,58.71,58.18,58.56,55700,56.56
20121019,59.15,59.22,58.41,58.56,82900,56.56
20121018,59.21,59.52,59.18,59.36,64800,57.34
20121017,58.82,59.33,58.82,59.27,40500,57.25
20121016,58.48,58.83,58.46,58.80,65000,56.80
20121015,58.03,58.24,57.68,58.21,80400,56.23
20121012,58.12,58.22,57.69,57.76,49300,55.79
20121011,58.10,58.42,58.10,58.11,90900,56.13
20121010,58.33,58.33,57.78,57.87,51800,55.90
20121009,58.67,58.78,58.20,58.24,47900,56.26
20121008,58.58,58.82,58.58,58.70,36100,56.70
20121005,59.08,59.25,58.74,58.86,39100,56.85
20121004,58.62,58.76,58.42,58.73,97100,56.73
20121003,58.25,58.48,58.00,58.25,66500,56.26
20121002,58.07,58.19,57.87,58.14,41200,56.16
20121001,58.11,58.40,57.77,57.91,48000,55.94
20120928,57.81,58.06,57.61,57.93,58000,55.96
20120927,57.88,58.20,57.60,58.07,62500,56.09
20120926,58.04,58.04,57.45,57.62,99700,55.66
20120925,59.00,59.00,57.90,57.93,76600,55.96
20120924,58.53,58.91,58.37,58.75,65200,56.75
20120921,59.12,59.29,58.81,58.83,55900,56.83
20120920,58.80,58.91,58.50,58.88,378300,56.87
20120919,59.02,59.23,58.87,59.13,57900,57.11
20120918,59.12,59.12,58.78,58.94,33100,56.93
20120917,59.53,59.74,59.05,59.17,88200,57.15
20120914,59.57,60.00,59.57,59.73,68000,57.69
20120913,58.64,59.40,58.30,59.24,79600,57.22
20120912,58.59,58.63,58.39,58.58,41600,56.58
20120911,58.19,58.50,58.11,58.36,34300,56.37
20120910,58.16,58.45,58.08,58.13,61000,56.15
20120907,58.07,58.41,57.91,58.32,111800,56.33
20120906,57.24,58.06,57.19,58.01,48900,56.03
20120905,56.95,57.04,56.76,56.92,54800,54.98
20120904,56.81,57.05,56.40,56.93,56200,54.99
20120831,56.94,56.99,56.52,56.78,44100,54.85
20120830,56.63,56.67,56.36,56.55,52900,54.62
20120829,56.90,57.01,56.66,56.93,57600,54.99
20120828,56.78,56.97,56.57,56.80,155100,54.86
20120827,57.24,57.24,56.80,56.83,135200,54.89
20120824,56.63,57.10,56.58,56.98,59300,55.04
20120823,57.17,57.17,56.58,56.70,71000,54.77
20120822,57.15,57.29,56.90,57.17,91900,55.22
20120821,57.62,57.79,57.27,57.32,96700,55.37
20120820,57.24,57.39,57.10,57.38,57700,55.42
20120817,57.33,57.42,57.21,57.38,49900,55.42
20120816,56.82,57.24,56.68,57.17,94900,55.22
20120815,56.55,56.75,56.50,56.72,94600,54.79
20120814,56.87,56.87,56.40,56.55,70200,54.62
20120813,56.63,56.73,56.29,56.60,57700,54.67
20120810,56.32,56.70,56.25,56.66,99800,54.73
20120809,56.38,56.58,56.33,56.52,37000,54.59
20120808,56.08,56.42,56.08,56.35,37100,54.43
20120807,56.34,56.55,56.22,56.27,78100,54.35
20120806,55.96,56.19,55.94,55.98,130200,54.07
20120803,55.76,55.90,55.51,55.79,47800,53.89
20120802,54.73,55.12,54.31,54.78,56100,52.91
20120801,55.61,55.66,55.13,55.18,29400,53.30
20120731,55.54,55.72,55.33,55.39,33600,53.50
20120730,55.63,55.74,55.46,55.66,53000,53.76
20120727,54.97,55.78,54.93,55.58,62800,53.69
20120726,54.59,54.68,54.18,54.59,24000,52.73
20120725,53.97,54.16,53.60,53.84,42200,52.01
20120724,54.52,54.54,53.49,53.81,46000,51.98
20120723,54.12,54.51,53.97,54.40,42900,52.55
20120720,55.11,55.24,54.88,54.92,59800,53.05
20120719,55.63,55.63,55.18,55.43,30100,53.54
20120718,54.91,55.60,54.91,55.42,50900,53.53
20120717,54.73,55.16,54.40,55.16,33200,53.28
20120716,54.72,54.80,54.40,54.69,54300,52.83
20120713,54.26,54.89,54.26,54.83,54500,52.96
20120712,53.88,54.24,53.57,54.05,43700,52.21
20120711,54.32,54.45,54.11,54.34,96600,52.49
20120710,55.08,55.13,54.06,54.29,69400,52.44
20120709,55.01,55.01,54.58,54.81,85700,52.94
20120706,55.06,55.13,54.82,55.09,94100,53.21
20120705,55.71,55.75,55.29,55.49,44700,53.60
20120703,55.24,55.76,55.21,55.71,28600,53.81
20120702,55.13,55.25,54.81,55.24,94800,53.36
20120629,54.70,54.96,54.56,54.96,113800,53.09
20120628,53.05,53.66,52.86,53.66,75000,51.83
20120627,52.98,53.44,52.95,53.39,56900,51.57
20120626,52.61,52.98,52.38,52.82,82800,51.02
20120625,52.75,52.82,52.26,52.50,57300,50.71
20120622,53.29,53.56,53.12,53.36,60100,51.54
20120621,54.33,54.39,53.04,53.11,43200,51.30
20120620,54.39,54.62,54.03,54.36,82100,52.51
20120619,53.98,54.59,53.88,54.39,101200,52.54
20120618,53.24,53.78,53.08,53.68,81700,51.85
20120615,53.13,53.51,53.06,53.45,68500,51.63
20120614,52.69,53.04,52.57,53.02,34500,51.21
20120613,52.92,53.17,52.42,52.61,45800,50.82
20120612,52.66,53.07,52.37,53.05,225900,51.24
20120611,53.93,53.93,52.42,52.47,110500,50.68
20120608,52.87,53.45,52.59,53.40,186500,51.58
20120607,53.78,53.84,52.90,52.98,43900,51.17
20120606,52.37,53.12,52.35,53.10,90100,51.29
20120605,51.02,51.98,50.95,51.90,62100,50.13
20120604,51.72,51.82,50.89,51.24,318500,49.49
20120601,52.08,52.38,51.66,51.69,268100,49.93
20120531,53.19,53.49,52.53,53.17,66600,51.36
20120530,53.83,53.83,53.19,53.25,56500,51.44
20120529,54.16,54.41,53.90,54.32,157000,52.47
20120525,53.72,53.78,53.52,53.64,38100,51.81
20120524,53.52,53.68,53.03,53.58,57200,51.75
20120523,52.71,53.43,52.43,53.39,60500,51.57
20120522,53.36,53.65,52.92,53.24,101300,51.43
20120521,52.16,53.21,52.10,53.20,202600,51.39
20120518,52.84,52.89,51.92,51.97,70000,50.20
20120517,54.10,54.10,52.67,52.67,141100,50.88
20120516,54.79,54.94,54.01,54.04,47800,52.20
20120515,54.96,55.14,54.44,54.55,66800,52.69
20120514,55.03,55.37,54.91,54.98,66800,53.11
20120511,55.22,56.10,55.22,55.65,54000,53.75
20120510,56.03,56.03,55.55,55.69,51000,53.79
20120509,55.18,55.88,54.94,55.64,57500,53.74
20120508,55.69,55.86,55.15,55.78,74900,53.88
20120507,55.74,56.16,55.74,56.04,86100,54.13
20120504,56.43,56.48,55.84,55.98,66800,54.07
20120503,57.40,57.43,56.65,56.72,77900,54.79
20120502,57.07,57.36,56.89,57.31,86200,55.36
20120501,57.11,57.84,56.95,57.40,60000,55.44
20120430,57.33,57.33,56.92,57.02,71100,55.08
20120427,57.47,57.47,56.86,57.33,69900,55.38
20120426,56.61,57.32,56.61,57.21,36500,55.26
20120425,56.73,56.81,56.34,56.78,78200,54.85
20120424,55.76,56.05,55.67,55.92,57700,54.01
20120423,55.44,55.65,55.26,55.64,38800,53.74
20120420,56.37,56.50,56.14,56.20,34800,54.28
20120419,56.27,56.57,55.78,56.08,58300,54.17
20120418,56.18,56.48,56.14,56.22,35700,54.30
20120417,56.24,56.72,56.15,56.55,61300,54.62
20120416,56.02,56.14,55.52,55.79,49200,53.89
20120413,56.13,56.20,55.70,55.70,57200,53.80
20120412,55.50,56.38,55.50,56.37,31700,54.45
20120411,55.35,55.62,55.29,55.40,53900,53.51
20120410,55.84,55.94,54.72,54.78,77100,52.91
20120409,55.80,56.11,55.72,55.97,56100,54.06
20120405,56.83,56.99,56.57,56.70,59800,54.77
20120404,57.07,57.24,56.80,57.01,47400,55.07
20120403,57.67,57.90,57.27,57.72,93000,55.75
20120402,57.37,58.00,57.27,57.79,105600,55.82
20120330,57.73,57.73,57.19,57.46,68800,55.50
20120329,57.08,57.44,56.71,57.36,68400,55.41
20120328,57.72,57.77,57.03,57.46,55700,55.50
20120327,57.87,58.03,57.73,57.75,189400,55.78
20120326,57.79,57.89,57.60,57.89,41800,55.92
20120323,57.01,57.28,56.51,57.20,88700,55.25
20120322,56.97,57.14,56.66,56.98,79200,55.04
20120321,57.72,57.72,57.35,57.45,86500,55.49
20120320,57.45,57.71,57.20,57.60,47600,55.63
20120319,57.62,58.12,57.62,57.85,54900,55.87
20120316,57.82,57.95,57.68,57.76,78100,55.79
20120315,57.35,57.82,57.19,57.82,43100,55.84
20120314,57.52,57.76,57.19,57.34,129700,55.38
20120313,57.04,57.61,56.83,57.61,402800,55.64
20120312,56.63,56.78,56.46,56.54,39200,54.61
20120309,56.18,56.75,56.18,56.62,30800,54.68
20120308,55.90,56.24,55.68,56.17,43600,54.25
20120307,55.18,55.63,55.12,55.58,61100,53.68
20120306,55.56,55.56,54.89,55.01,135800,53.13
20120305,56.24,56.25,55.92,56.13,62200,54.21
20120302,56.64,56.80,56.23,56.39,72400,54.46
20120301,56.58,56.83,56.47,56.67,131400,54.73
20120229,56.69,56.92,56.30,56.34,63400,54.41
20120228,56.65,56.79,56.38,56.59,108000,54.66
20120227,56.23,56.81,56.03,56.64,134100,54.70
20120224,56.73,56.89,56.56,56.61,112700,54.68
20120223,56.24,56.64,56.00,56.60,102200,54.67
20120222,56.50,56.67,56.13,56.20,123600,54.28
20120221,57.16,57.16,56.46,56.64,74600,54.70
20120217,57.09,57.12,56.82,56.93,94400,54.98
20120216,56.11,56.88,56.06,56.83,83900,54.89
20120215,56.57,56.57,56.00,56.08,125100,54.16
20120214,56.20,56.27,55.86,56.22,88000,54.30
20120213,56.62,56.69,56.07,56.37,72400,54.44
20120210,56.01,56.19,55.83,56.06,54000,54.14
20120209,56.62,56.65,56.13,56.61,63200,54.68
20120208,56.41,56.66,56.18,56.46,112600,54.53
20120207,56.12,56.40,55.90,56.28,54800,54.36
20120206,56.20,56.25,56.02,56.20,73400,54.28
20120203,56.15,56.47,56.03,56.46,173200,54.53
20120202,55.42,55.61,55.27,55.44,190300,53.55
20120201,54.84,55.52,54.84,55.34,192500,53.45
20120131,54.78,54.87,54.12,54.37,54100,52.51
20120130,54.36,54.51,53.95,54.36,65600,52.50
20120127,54.40,54.88,54.40,54.76,42300,52.89
20120126,55.29,55.34,54.40,54.59,89500,52.72
20120125,54.31,55.02,54.02,54.97,109300,53.09
20120124,53.94,54.38,53.76,54.33,100100,52.47
20120123,54.34,54.63,54.00,54.24,156500,52.39
20120120,54.18,54.26,54.06,54.24,209200,52.39
20120119,54.21,54.35,53.91,54.25,104600,52.40
20120118,53.25,53.94,53.08,53.93,392500,52.09
20120117,53.72,53.80,53.07,53.19,114600,51.37
20120113,53.00,53.20,52.64,53.17,131700,51.35
20120112,53.50,53.51,52.95,53.48,46900,51.65
20120111,52.98,53.39,52.93,53.34,54100,51.52
20120110,53.12,53.22,53.00,53.13,73400,51.31
20120109,52.67,52.67,52.30,52.51,148600,50.72
20120106,52.43,52.69,52.22,52.40,69300,50.61
20120105,51.93,52.61,51.54,52.51,208100,50.72
20120104,51.99,52.26,51.80,52.15,183300,50.37
20120103,52.70,52.85,52.14,52.21,269400,50.43
20111230,51.91,52.02,51.65,51.67,110900,49.90
20111229,51.42,51.91,51.42,51.87,49700,50.10
20111228,52.06,52.10,51.22,51.27,51900,49.52
20111227,51.91,52.14,51.78,52.00,41700,50.22
20111223,51.91,51.99,51.68,51.99,49200,50.21
20111222,52.32,52.91,52.25,52.80,98800,49.90
20111221,51.71,52.23,51.50,52.12,58600,49.26
20111220,51.09,51.90,51.08,51.81,71700,48.97
20111219,51.24,51.35,50.09,50.18,174100,47.43
20111216,51.07,51.52,50.80,50.97,67300,48.18
20111215,50.93,50.97,50.48,50.75,78100,47.97
20111214,50.54,50.77,50.19,50.29,71800,47.53
20111213,51.99,52.10,50.64,50.85,53200,48.06
20111212,51.82,51.82,51.14,51.60,85400,48.77
20111209,51.47,52.51,51.47,52.38,63600,49.51
20111208,52.33,52.35,51.26,51.35,86100,48.53
20111207,52.28,52.82,51.92,52.67,49300,49.78
20111206,52.65,52.90,52.35,52.62,101200,49.73
20111205,52.93,53.21,52.42,52.70,131900,49.81
20111202,52.62,52.81,52.00,52.07,141800,49.21
20111201,51.97,52.48,51.82,52.06,226300,49.21
20111130,51.65,52.27,51.37,52.22,348200,49.36
20111129,49.89,50.22,49.69,49.93,41900,47.19
20111128,49.80,49.98,49.38,49.69,45700,46.97
20111125,48.14,48.89,48.11,48.36,34400,45.71
20111123,49.14,49.17,48.39,48.39,65400,45.74
20111122,49.79,50.08,49.42,49.63,57000,46.91
20111121,50.09,50.18,49.50,49.93,91500,47.19
20111118,51.01,51.12,50.68,50.88,41900,48.09
20111117,51.55,51.71,50.51,50.74,59300,47.96
20111116,51.80,52.49,51.61,51.61,34800,48.78
20111115,51.75,52.55,51.56,52.42,38200,49.55
20111114,52.29,52.42,51.76,51.92,38000,49.07
20111111,52.00,52.71,52.00,52.56,35400,49.68
20111110,51.87,51.88,50.99,51.40,61600,48.58
20111109,51.99,52.03,51.01,51.08,45600,48.28
20111108,52.95,53.25,52.27,53.20,39200,50.28
20111107,52.59,52.73,51.85,52.68,39900,49.79
20111104,52.17,52.65,51.76,52.57,84400,49.69
20111103,52.21,52.71,51.31,52.60,89200,49.72
20111102,51.23,51.86,51.06,51.63,95800,48.80
20111101,50.49,51.33,50.24,50.61,70600,47.84
20111031,52.73,52.85,52.10,52.14,81200,49.28
20111028,53.15,53.33,52.95,53.21,143300,50.29
20111027,53.02,53.73,52.49,53.31,94200,50.39
20111026,51.47,51.68,50.52,51.47,59800,48.65
20111025,51.73,51.73,50.71,50.80,69800,48.01
20111024,51.06,52.08,50.93,51.96,112800,49.11
20111021,50.23,50.87,50.23,50.87,61100,48.08
20111020,49.44,49.77,48.83,49.70,57700,46.97
20111019,49.91,50.24,49.24,49.33,82700,46.63
20111018,48.87,50.32,48.39,49.98,47100,47.24
20111017,49.64,49.76,48.75,48.77,41800,46.10
20111014,49.80,50.05,49.35,49.96,51900,47.22
20111013,49.03,49.41,48.58,49.25,44000,46.55
20111012,49.10,49.85,49.09,49.31,50400,46.61
20111011,48.43,48.91,48.34,48.62,76200,45.95
20111010,48.02,48.74,48.01,48.74,47100,46.07
20111007,47.97,48.04,46.90,47.09,125000,44.51
20111006,46.59,47.77,46.36,47.74,463500,45.12
20111005,45.95,46.81,45.40,46.67,294600,44.11
20111004,44.06,45.79,43.53,45.79,361000,43.28
20111003,46.01,46.53,44.53,44.53,139600,42.09
20110930,46.80,47.29,46.36,46.40,61500,43.86
20110929,47.94,48.10,46.75,47.54,41700,44.93
20110928,48.56,48.56,47.00,47.02,42400,44.44
20110927,48.75,49.26,48.10,48.34,73100,45.69
20110926,47.16,47.77,46.35,47.77,38200,45.15
20110923,46.05,46.92,45.96,46.68,116000,44.12
20110922,46.21,46.84,45.75,46.33,127600,43.79
20110921,49.39,49.48,47.68,47.68,43400,45.07
20110920,49.97,50.37,49.36,49.36,79200,46.65
20110919,49.35,49.97,49.16,49.74,33600,47.01
20110916,50.41,50.61,49.92,50.28,34700,47.52
20110915,50.08,50.20,49.43,50.14,53300,47.39
20110914,49.02,50.01,48.27,49.49,66700,46.78
20110913,48.37,48.91,48.04,48.74,56300,46.07
20110912,47.21,48.13,47.06,48.13,60600,45.49
20110909,48.68,48.90,47.65,47.92,36000,45.29
20110908,49.49,50.05,49.09,49.21,36000,46.51
20110907,48.98,49.87,48.82,49.78,27500,47.05
20110906,46.86,48.18,46.86,48.16,65500,45.52
20110902,48.95,49.29,48.50,48.59,63600,45.93
20110901,50.84,51.12,50.02,50.03,96800,47.29
20110831,50.93,51.38,50.38,50.82,154100,48.03
20110830,50.06,50.79,49.73,50.51,93400,47.74
20110829,49.31,50.36,49.28,50.36,64400,47.60
20110826,47.21,48.71,46.59,48.55,51000,45.89
20110825,48.99,49.03,47.40,47.58,26700,44.97
20110824,47.60,48.59,47.60,48.50,109200,45.84
20110823,46.54,47.83,46.15,47.79,55300,45.17
20110822,47.40,47.40,46.00,46.27,96600,43.73
20110819,46.43,47.54,46.11,46.21,134400,43.68
20110818,47.93,47.93,46.71,47.10,96300,44.52
20110817,49.78,50.14,49.10,49.44,66700,46.73
20110816,49.46,50.04,49.08,49.44,75700,46.73
20110815,49.23,50.12,49.23,50.12,138400,47.37
20110812,49.29,49.44,48.53,48.80,89100,46.12
20110811,46.53,49.26,46.47,48.69,114500,46.02
20110810,46.93,47.95,46.29,46.31,409900,43.77
20110809,46.34,48.01,45.00,48.01,218100,45.38
20110808,47.33,48.08,45.21,45.23,467700,42.75
20110805,50.12,50.26,47.91,49.11,433400,46.42
20110804,51.76,51.76,49.59,49.59,206500,46.87
20110803,52.39,52.55,51.25,52.53,257000,49.65
20110802,53.57,53.84,52.31,52.31,464800,49.44
20110801,55.11,55.11,53.51,53.95,110300,50.99
20110729,53.88,54.74,53.69,54.39,139400,51.41
20110728,54.97,55.37,54.55,54.59,307000,51.60
20110727,55.99,55.99,54.88,54.92,70500,51.91
20110726,56.42,56.49,56.17,56.22,35100,53.14
20110725,56.26,56.81,56.25,56.50,42800,53.40
20110722,56.82,57.01,56.60,56.88,46600,53.76
20110721,56.46,56.93,56.41,56.81,45100,53.70
20110720,56.30,56.38,56.09,56.28,60500,53.19
20110719,55.57,56.19,55.57,56.15,64700,53.07
20110718,55.73,55.73,54.92,55.23,43900,52.20
20110715,55.93,55.97,55.61,55.97,26900,52.90
20110714,56.37,56.62,55.58,55.65,73500,52.60
20110713,56.36,56.91,56.19,56.23,73300,53.15
20110712,56.10,56.61,56.03,56.14,71800,53.06
20110711,57.00,57.00,56.23,56.34,44000,53.25
20110708,57.43,57.61,57.13,57.60,50900,54.44
20110707,57.98,58.19,57.92,58.06,89600,54.88
20110706,57.40,57.52,57.13,57.48,200100,54.33
20110705,57.76,57.76,57.20,57.40,294600,54.25
20110701,56.71,57.65,56.62,57.60,44200,54.44
20110630,56.43,56.74,56.32,56.59,79100,53.49
20110629,56.04,56.35,55.89,56.24,38200,53.16
20110628,55.34,55.75,55.28,55.73,48500,52.67
20110627,54.84,55.25,54.72,55.12,38500,52.10
20110624,55.40,55.44,54.76,54.81,22600,51.80
20110623,54.85,55.34,54.47,55.31,116700,52.28
20110622,55.56,56.05,55.49,55.52,70200,52.48
20110621,55.35,55.86,55.26,55.81,75900,52.75
20110620,54.51,55.11,54.51,55.00,151500,51.98
20110617,54.94,54.94,54.48,54.62,73400,51.63
20110616,54.33,54.73,53.93,54.37,43300,51.39
20110615,54.83,55.04,54.20,54.37,50300,51.39
20110614,55.07,55.52,55.07,55.31,33000,52.28
20110613,54.63,54.79,54.25,54.48,73200,51.49
20110610,55.02,55.06,54.39,54.53,121900,51.54
20110609,55.07,55.49,54.94,55.27,39200,52.24
20110608,55.32,55.34,54.92,54.99,60000,51.97
20110607,55.65,55.84,55.40,55.41,58700,52.37
20110606,56.07,56.07,55.33,55.36,66200,52.32
20110603,56.08,56.60,55.98,56.06,119000,52.99
20110602,57.09,57.14,56.59,56.84,62400,53.72
20110601,58.29,58.29,56.93,56.98,104100,53.86
20110531,58.34,58.46,57.95,58.35,256400,55.15
20110527,57.59,57.82,57.50,57.74,40400,54.57
20110526,56.88,57.41,56.73,57.36,34500,54.21
20110525,56.69,57.19,56.60,57.04,41200,53.91
20110524,57.11,57.22,56.72,56.83,45000,53.71
20110523,56.84,57.18,56.82,56.95,84400,53.83
20110520,57.97,58.02,57.54,57.72,372600,54.56
20110519,58.28,58.29,57.76,58.09,35700,54.90
20110518,57.39,58.01,57.30,57.96,49500,54.78
20110517,57.22,57.44,56.95,57.31,85800,54.17
20110516,57.56,58.12,57.39,57.49,44000,54.34
20110513,58.25,58.32,57.64,57.74,37500,54.57
20110512,57.79,58.29,57.55,58.22,39500,55.03
20110511,58.53,58.53,57.79,57.98,49800,54.80
20110510,58.18,58.70,58.17,58.59,45200,55.38
20110509,57.67,58.04,57.59,57.95,36600,54.77
20110506,58.04,58.29,57.45,57.69,52300,54.53
20110505,57.42,57.95,57.24,57.42,58500,54.27
20110504,58.32,58.32,57.49,57.70,53000,54.54
20110503,58.50,58.53,57.85,58.19,43900,55.00
20110502,59.02,59.02,58.54,58.60,60000,55.39
20110429,58.73,58.75,58.50,58.67,55000,55.45
20110428,58.34,58.73,58.31,58.65,77900,55.43
20110427,58.29,58.41,57.97,58.37,89800,55.17
20110426,57.88,58.21,57.80,58.18,90900,54.99
20110425,57.60,57.66,57.36,57.60,114700,54.44
20110421,57.67,57.67,57.36,57.59,61100,54.43
20110420,57.25,57.40,57.19,57.31,57000,54.17
20110419,56.37,56.51,56.15,56.51,102500,53.41
20110418,56.35,56.35,55.79,56.15,57300,53.07
20110415,56.51,56.98,56.51,56.93,36900,53.81
20110414,56.09,56.50,55.96,56.47,90000,53.37
20110413,56.73,56.79,56.23,56.45,71300,53.35
20110412,56.58,56.65,56.24,56.38,44700,53.29
20110411,57.26,57.29,56.71,56.85,48900,53.73
20110408,57.92,57.92,56.93,57.14,47000,54.01
20110407,57.88,57.88,57.33,57.51,40900,54.36
20110406,57.96,57.97,57.52,57.77,72100,54.60
20110405,57.42,57.88,57.40,57.63,50600,54.47
20110404,57.63,57.67,57.30,57.43,46300,54.28
20110401,57.55,57.58,57.24,57.41,83200,54.26
20110331,56.91,57.10,56.76,57.01,132700,53.88
20110330,56.58,56.98,56.58,56.94,74000,53.82
20110329,55.90,56.37,55.72,56.35,41500,53.26
20110328,56.41,56.45,55.99,56.00,177700,52.93
20110325,56.07,56.47,55.88,56.14,66100,53.06
20110324,55.89,55.97,55.27,55.89,51100,52.83
20110323,55.23,55.52,54.86,55.37,55600,52.33
20110322,55.77,55.77,55.25,55.34,44400,52.30
20110321,55.60,55.67,55.30,55.64,69700,52.58
20110318,55.00,55.05,54.56,54.72,52000,51.71
20110317,54.70,54.74,54.00,54.27,77800,51.29
20110316,54.42,54.67,53.45,53.69,97900,50.74
20110315,53.60,54.74,53.36,54.43,99800,51.44
20110314,55.05,55.22,54.62,54.99,55900,51.97
20110311,54.68,55.50,54.68,55.40,98100,52.35
20110310,55.40,55.40,54.88,54.89,90100,51.87
20110309,56.08,56.19,55.75,56.04,95200,52.96
20110308,55.54,56.32,55.33,56.18,60300,53.09
20110307,56.20,56.28,55.12,55.40,40600,52.35
20110304,56.54,56.54,55.60,55.94,88600,52.87
20110303,56.14,56.43,55.97,56.36,68600,53.26
20110302,55.11,55.60,55.11,55.32,309200,52.28
20110301,56.46,56.46,55.20,55.22,243700,52.18
20110228,56.47,56.47,56.00,56.29,82200,53.20
20110225,55.49,56.04,55.45,56.04,85400,52.96
20110224,55.03,55.40,54.54,55.08,79300,52.05
20110223,55.78,55.90,54.66,55.09,130100,52.06
20110222,56.61,56.74,55.70,55.78,70700,52.71
20110218,57.41,57.41,56.99,57.17,70800,54.03
20110217,56.64,57.16,56.64,57.13,38900,53.99
20110216,56.54,56.81,56.50,56.74,49100,53.62
20110215,56.29,56.41,56.13,56.27,63800,53.18
20110214,56.45,56.45,56.21,56.45,179000,53.35
20110211,55.74,56.34,55.72,56.27,54600,53.18
20110210,55.58,55.90,55.47,55.86,49600,52.79
20110209,55.89,55.97,55.69,55.80,696400,52.73
20110208,56.02,56.03,55.65,56.03,94100,52.95
20110207,55.57,56.00,55.57,55.83,63900,52.76
20110204,55.30,55.40,55.03,55.40,62900,52.35
20110203,54.96,55.29,54.69,55.23,88000,52.19
20110202,54.97,55.16,54.88,54.92,36200,51.90
20110201,54.77,55.15,54.64,55.09,84400,52.06
20110131,54.09,54.49,54.06,54.27,63300,51.29
20110128,55.01,55.03,53.85,53.91,74900,50.95
20110127,54.57,55.00,54.55,54.93,81300,51.91
20110126,54.34,54.59,54.15,54.52,84700,51.52
20110125,53.88,54.11,53.66,54.11,104300,51.14
20110124,53.68,54.11,53.63,54.04,64100,51.07
20110121,53.99,54.02,53.56,53.63,52400,50.68
20110120,53.71,53.82,53.35,53.65,55400,50.70
20110119,54.57,54.58,53.64,53.71,116200,50.76
20110118,54.28,54.59,54.22,54.58,163400,51.58
20110114,53.94,54.37,53.81,54.37,156200,51.38
20110113,54.11,54.12,53.85,53.96,70000,50.99
20110112,53.91,54.07,53.81,54.02,84300,51.05
20110111,53.61,53.69,53.39,53.57,59200,50.63
20110110,53.10,53.42,52.80,53.36,81000,50.43
20110107,53.62,53.72,52.85,53.32,78600,50.39
20110106,53.64,53.64,53.31,53.40,111200,50.46
20110105,53.28,53.55,53.11,53.52,93500,50.58
20110104,53.83,53.91,53.00,53.32,82500,50.39
20110103,53.50,53.78,53.42,53.66,193100,50.71
20101231,53.11,53.21,53.00,53.01,66500,50.10
20101230,53.16,53.24,53.06,53.14,52200,50.22
20101229,53.17,53.19,53.04,53.10,94200,50.18
20101228,53.14,53.21,52.87,53.02,80700,50.11
20101227,52.86,53.07,52.65,53.03,75700,50.12
20101223,54.09,54.14,53.89,53.94,49400,50.03
20101222,53.98,54.20,53.88,54.12,53700,50.20
20101221,53.69,53.87,53.56,53.84,73100,49.94
20101220,53.36,53.51,53.19,53.42,162800,49.55
20101217,53.14,53.33,53.05,53.25,47400,49.39
20101216,52.74,53.10,52.53,53.07,58900,49.22
20101215,52.99,53.24,52.64,52.66,83900,48.84
20101214,53.20,53.33,52.89,53.02,71900,49.18
20101213,53.42,53.45,53.06,53.07,74200,49.22
20101210,52.90,53.18,52.80,53.16,74500,49.31
20101209,52.85,52.93,52.53,52.73,37600,48.91
20101208,52.63,52.77,52.34,52.53,47900,48.72
20101207,53.07,53.07,52.49,52.50,125000,48.69
20101206,52.31,52.55,52.24,52.48,58200,48.67
20101203,52.04,52.55,52.00,52.50,82600,48.69
20101202,51.46,52.25,51.46,52.23,110500,48.44
20101201,51.09,51.40,51.05,51.34,67100,47.62
20101130,50.08,50.54,50.00,50.30,58700,46.65
20101129,50.29,50.68,50.00,50.62,117500,46.95
20101126,50.71,50.86,50.50,50.71,19600,47.03
20101124,50.52,51.00,50.52,50.97,37000,47.27
20101123,50.24,50.34,50.00,50.11,74000,46.48
20101122,50.41,50.84,50.31,50.82,34300,47.14
20101119,50.41,50.72,50.17,50.72,52400,47.04
20101118,50.33,50.75,50.33,50.55,37900,46.88
20101117,49.77,50.03,49.61,49.89,110300,46.27
20101116,50.25,50.27,49.42,49.71,65700,46.11
20101115,50.94,51.11,50.58,50.63,50300,46.96
20101112,51.02,51.20,50.45,50.65,40700,46.98
20101111,50.93,51.47,50.93,51.37,25000,47.65
20101110,51.20,51.48,50.75,51.48,45200,47.75
20101109,52.05,52.05,51.01,51.16,44200,47.45
20101108,51.85,51.94,51.57,51.87,43600,48.11
20101105,51.85,52.13,51.71,51.97,74900,48.20
20101104,51.42,51.79,51.22,51.78,47000,48.03
20101103,50.71,50.73,50.13,50.68,98500,47.01
20101102,50.53,50.68,50.37,50.62,54800,46.95
20101101,50.39,50.62,49.79,50.09,81100,46.46
20101029,49.81,50.19,49.81,50.12,46400,46.49
20101028,50.30,50.42,49.66,49.91,743800,46.29
20101027,49.83,50.06,49.59,50.05,67100,46.42
20101026,50.07,50.33,49.92,50.17,35400,46.53
20101025,50.52,50.83,50.32,50.36,37500,46.71
20101022,50.28,50.28,50.06,50.19,84000,46.55
20101021,50.37,50.63,49.79,50.07,103700,46.44
20101020,49.73,50.33,49.71,50.12,40800,46.49
20101019,49.73,50.18,49.35,49.57,91300,45.98
20101018,50.15,50.35,50.05,50.30,175700,46.65
20101015,50.46,50.46,49.68,50.04,111400,46.41
20101014,50.13,50.25,49.65,49.91,39100,46.29
20101013,50.17,50.43,49.88,50.17,38200,46.53
20101012,49.47,49.90,49.22,49.79,70700,46.18
20101011,49.56,49.81,49.52,49.65,62600,46.05
20101008,49.23,49.63,49.02,49.49,88300,45.90
20101007,49.40,49.40,48.87,49.17,70100,45.60
20101006,49.30,49.37,48.94,49.14,132900,45.58
20101005,48.78,49.36,48.66,49.32,51300,45.74
20101004,48.56,48.73,48.04,48.30,75100,44.80
20101001,48.85,48.89,48.33,48.65,159300,45.12
20100930,48.76,49.13,48.20,48.45,67800,44.94
20100929,48.35,48.64,48.16,48.46,87900,44.95
20100928,48.22,48.51,47.55,48.45,82700,44.94
20100927,48.22,48.31,47.97,48.03,349800,44.55
20100924,47.61,48.25,47.61,48.25,39700,44.75
20100923,47.17,47.66,47.00,47.06,57900,43.65
20100922,47.86,48.11,47.44,47.54,126400,44.09
20100921,48.23,48.41,47.82,47.97,132500,44.49
20100920,47.64,48.36,47.49,48.31,51100,44.81
20100917,47.69,47.69,47.25,47.47,77800,44.03
20100916,47.43,47.52,47.22,47.39,72200,43.95
20100915,47.28,47.64,47.10,47.56,93800,44.11
20100914,47.43,47.69,47.15,47.45,92800,44.01
20100913,47.35,47.55,47.26,47.52,79500,44.07
20100910,46.77,46.93,46.61,46.79,45700,43.40
20100909,47.09,47.09,46.50,46.69,71700,43.30
20100908,46.37,46.71,46.37,46.51,54600,43.14
20100907,46.89,46.89,46.24,46.24,43400,42.89
20100903,46.97,47.14,46.63,47.06,92700,43.65
20100902,45.93,46.41,45.83,46.35,176200,42.99
20100901,45.05,45.88,45.00,45.86,133400,42.53
20100831,44.25,44.69,43.97,44.36,151800,41.14
20100830,44.99,45.11,44.35,44.37,139100,41.15
20100827,44.60,45.11,43.81,45.10,81700,41.83
20100826,44.71,44.86,44.09,44.16,124700,40.96
20100825,43.89,44.57,43.64,44.45,138600,41.23
20100824,44.28,44.53,43.79,44.19,126200,40.99
20100823,45.34,45.52,44.82,44.82,86000,41.57
20100820,44.98,45.13,44.68,45.09,90800,41.82
20100819,45.89,45.97,45.08,45.27,91300,41.99
20100818,45.98,46.39,45.66,46.14,57500,42.79
20100817,45.58,46.28,45.54,45.97,62700,42.64
20100816,44.89,45.40,44.79,45.26,121500,41.98
20100813,45.14,45.56,45.14,45.26,152400,41.98
20100812,44.75,45.51,44.55,45.31,107200,42.02
20100811,46.26,46.27,45.61,45.68,100000,42.37
20100810,47.23,47.51,46.89,47.17,219800,43.75
20100809,47.85,47.85,47.44,47.76,56800,44.30
20100806,46.92,47.49,46.72,47.39,133700,43.95
20100805,47.34,47.58,47.25,47.49,127700,44.05
20100804,47.43,47.64,47.28,47.60,296300,44.15
20100803,47.52,47.67,47.17,47.29,440100,43.86
20100802,47.55,47.82,47.24,47.78,408700,44.32
20100730,46.07,46.94,45.95,46.76,100300,43.37
20100729,47.43,47.43,46.29,46.73,42300,43.34
20100728,47.59,47.60,46.89,47.05,77100,43.64
20100727,48.09,48.11,47.40,47.60,100100,44.15
20100726,47.10,47.79,46.88,47.79,138500,44.32
20100723,46.30,46.91,46.09,46.89,74500,43.49
20100722,45.66,46.47,45.66,46.32,128200,42.96
20100721,46.24,46.29,44.98,45.07,36500,41.80
20100720,44.57,45.92,44.50,45.83,37100,42.51
20100719,45.00,45.41,44.59,45.27,43700,41.99
20100716,46.02,46.13,44.78,44.84,204000,41.59
20100715,46.48,46.49,45.68,46.39,113500,43.03
20100714,46.49,46.64,46.06,46.45,166800,43.08
20100713,46.25,46.75,46.13,46.59,79500,43.21
20100712,45.66,45.90,45.31,45.68,92700,42.37
20100709,45.32,45.86,45.21,45.86,65400,42.53
20100708,45.28,45.42,44.77,45.26,79200,41.98
20100707,43.30,44.89,43.20,44.82,68700,41.57
20100706,43.85,44.20,42.85,43.22,87100,40.09
20100702,43.69,43.80,42.98,43.17,94800,40.04
20100701,43.73,43.92,42.64,43.48,227100,40.33
20100630,44.20,44.79,43.75,43.81,116100,40.63
20100629,45.27,45.27,44.02,44.26,116700,41.05
20100628,46.12,46.28,45.79,45.95,112900,42.62
20100625,45.76,46.17,45.38,46.05,52400,42.71
20100624,46.14,46.27,45.53,45.53,60700,42.23
20100623,46.51,46.74,46.00,46.43,60300,43.06
20100622,47.65,47.87,46.52,46.58,444100,43.20
20100621,48.61,48.64,47.43,47.64,109500,44.19
20100618,48.08,48.08,47.70,47.91,70300,44.44
20100617,48.21,48.21,47.45,47.97,59300,44.49
20100616,47.91,48.23,47.62,47.93,306100,44.45
20100615,47.36,48.17,47.16,48.14,55300,44.65
20100614,47.27,47.56,46.81,46.97,135200,43.56
20100611,45.94,46.77,45.88,46.76,153500,43.37
20100610,45.78,46.38,45.61,46.35,81700,42.99
20100609,45.15,45.91,44.64,44.78,147000,41.53
20100608,44.50,44.78,43.76,44.78,118800,41.53
20100607,45.36,45.45,44.32,44.33,163400,41.12
20100604,45.91,46.45,45.00,45.14,421800,41.87
20100603,47.02,47.19,46.55,47.10,63900,43.69
20100602,45.92,46.79,45.56,46.79,73200,43.40
20100601,46.15,46.79,45.50,45.50,196300,42.20
20100528,47.08,47.28,46.43,46.74,77700,43.35
20100527,46.62,47.20,46.10,47.20,119100,43.78
20100526,45.45,46.22,45.14,45.30,208700,42.02
20100525,43.91,45.26,43.50,45.22,256200,41.94
20100524,45.68,46.09,45.20,45.21,132900,41.93
20100521,44.21,45.94,43.97,45.81,265700,42.49
20100520,46.01,46.08,44.94,44.95,285600,41.69
20100519,47.15,47.81,46.34,47.13,245200,43.71
20100518,48.95,49.08,47.40,47.51,465300,44.07
20100517,48.52,48.72,47.28,48.42,164300,44.91
20100514,49.10,49.10,47.90,48.24,108300,44.74
20100513,49.98,50.20,49.38,49.44,122400,45.86
20100512,49.53,50.13,49.40,50.07,95300,46.44
20100511,48.57,49.79,48.40,49.04,157100,45.48
20100510,48.83,51.12,47.58,49.13,118800,45.57
20100507,47.14,47.96,45.92,46.58,185400,43.20
20100506,49.15,49.53,35.46,47.54,286400,44.09
20100505,49.48,50.04,48.91,49.32,120800,45.74
20100504,50.58,50.66,49.63,49.87,109700,46.25
20100503,50.73,51.33,50.73,51.25,75600,47.53
20100430,51.54,51.61,50.50,50.50,83800,46.84
20100429,51.04,51.61,51.00,51.47,107000,47.74
20100428,50.68,50.94,50.25,50.68,79200,47.01
20100427,51.66,51.77,50.26,50.33,133000,46.68
20100426,52.26,52.43,51.90,51.92,66100,48.16
20100423,51.73,52.17,51.56,52.17,93400,48.39
20100422,50.61,51.64,50.46,51.61,98600,47.87
20100421,50.89,51.10,50.68,51.02,39900,47.32
20100420,50.28,50.79,50.19,50.79,42600,47.11
20100419,49.81,50.10,49.29,49.96,89200,46.34
20100416,50.72,50.75,49.66,49.91,180500,46.29
20100415,50.86,50.99,50.72,50.79,132200,47.11
20100414,50.48,50.90,50.38,50.88,98600,47.19
20100413,50.10,50.31,49.88,50.26,42900,46.62
20100412,50.24,50.34,50.11,50.23,71500,46.59
20100409,49.85,50.13,49.75,50.13,97700,46.50
20100408,49.50,49.82,49.24,49.79,54200,46.18
20100407,50.10,50.10,49.43,49.71,103300,46.11
20100406,49.65,50.21,49.62,50.14,148600,46.50
20100405,49.30,49.80,49.22,49.79,945500,46.18
20100401,49.03,49.21,48.77,49.07,79300,45.51
20100331,48.59,48.93,48.50,48.59,73000,45.07
20100330,48.81,48.97,48.54,48.75,84500,45.22
20100329,48.66,48.84,48.55,48.78,63000,45.24
20100326,48.48,48.83,48.16,48.43,80700,44.92
20100325,49.04,49.17,48.36,48.37,128000,44.86
20100324,48.81,48.95,48.68,48.74,98200,45.21
20100323,48.67,48.99,48.51,48.98,72000,45.43
20100322,47.85,48.62,47.75,48.57,69300,45.04
20100319,48.18,48.73,48.01,48.18,60900,44.68
20100318,48.91,48.91,48.47,48.58,164100,45.05
20100317,48.66,49.07,48.60,48.86,134500,45.31
20100316,47.95,48.46,47.86,48.45,113200,44.93
20100315,47.90,47.90,47.41,47.79,111800,44.31
20100312,48.12,48.13,47.77,47.92,86000,44.43
20100311,47.48,47.90,47.30,47.86,72000,44.38
20100310,47.31,47.69,47.28,47.64,120800,44.17
20100309,47.10,47.48,47.02,47.28,77800,43.84
20100308,47.06,47.32,47.06,47.26,109000,43.82
20100305,46.73,47.15,46.59,47.12,188100,43.69
20100304,46.36,46.46,46.15,46.40,179600,43.03
20100303,46.37,46.56,46.18,46.26,88100,42.90
20100302,46.20,46.42,46.11,46.28,150000,42.91
20100301,45.59,46.04,45.54,46.00,124800,42.65
20100226,45.28,45.49,45.07,45.42,60300,42.12
20100225,44.59,45.34,44.49,45.31,122200,42.01
20100224,45.05,45.27,44.81,45.24,122900,41.95
20100223,45.48,45.48,44.83,44.90,154000,41.63
20100222,45.80,45.82,45.50,45.61,86600,42.29
20100219,45.29,45.64,45.12,45.58,174300,42.26
20100218,44.94,45.36,44.90,45.33,78100,42.03
20100217,45.00,45.05,44.76,44.94,93500,41.67
20100216,44.32,44.74,44.13,44.72,83600,41.47
20100212,43.26,43.87,43.10,43.87,56300,40.68
20100211,43.19,43.83,42.97,43.82,85800,40.63
20100210,43.19,43.53,42.76,43.30,59400,40.15
20100209,43.26,43.58,42.81,43.21,61100,40.07
20100208,43.08,43.35,42.66,42.66,50500,39.56
20100205,42.92,42.98,42.00,42.98,134600,39.85
20100204,44.04,44.04,42.86,42.86,121600,39.74
20100203,44.53,44.67,44.25,44.38,75600,41.15
20100202,44.18,44.83,43.97,44.81,72400,41.55
20100201,43.38,44.03,43.38,44.02,180700,40.82
20100129,44.06,44.38,43.19,43.36,96600,40.21
20100128,44.52,44.55,43.63,43.86,117300,40.67
20100127,44.22,44.38,43.60,44.36,112300,41.13
20100126,44.35,44.72,44.16,44.18,80300,40.97
20100125,44.64,44.75,44.17,44.41,98400,41.18
20100122,45.26,45.29,44.16,44.23,141300,41.01
20100121,46.07,46.29,45.28,45.31,133900,42.01
20100120,45.99,45.99,45.50,45.97,77100,42.63
20100119,45.80,46.35,45.66,46.35,55200,42.98
20100115,46.22,46.22,45.50,45.70,66200,42.38
20100114,46.00,46.26,45.93,46.22,67300,42.86
20100113,45.61,46.06,45.30,46.05,75100,42.70
20100112,45.77,45.77,45.25,45.46,41000,42.15
20100111,46.19,46.19,45.78,46.00,54300,42.65
20100108,45.69,45.96,45.60,45.96,70400,42.62
20100107,45.42,45.84,45.22,45.81,84800,42.48
20100106,45.14,45.49,45.14,45.48,172600,42.17
20100105,45.03,45.17,44.84,45.16,156100,41.88
20100104,44.80,45.10,44.72,45.02,143700,41.75
20091231,45.01,45.01,44.35,44.37,128200,41.14
20091230,44.82,44.89,44.66,44.89,155800,41.62
20091229,45.08,45.15,44.90,44.93,209000,41.66
20091228,45.19,45.28,44.87,45.02,70400,41.75
20091224,44.78,45.05,44.78,45.05,53400,41.77
20091223,45.46,45.60,45.26,45.55,230400,41.47
20091222,45.06,45.30,44.98,45.27,104900,41.22
20091221,44.62,44.99,44.62,44.93,73900,40.91
20091218,44.35,44.47,43.94,44.40,273500,40.43
20091217,44.42,44.52,44.14,44.22,164400,40.26
20091216,44.53,44.87,44.53,44.68,109400,40.68
20091215,44.47,44.64,44.25,44.36,141200,40.39
20091214,44.28,44.67,44.18,44.64,352500,40.65
20091211,43.85,44.06,43.64,44.06,143500,40.12
20091210,43.75,43.82,43.52,43.62,157300,39.72
20091209,43.33,43.54,43.07,43.44,329700,39.55
20091208,43.53,43.66,43.11,43.38,533100,39.50
20091207,43.70,44.08,43.58,43.77,84000,39.85
20091204,43.99,44.26,43.19,43.78,168900,39.86
20091203,43.95,44.23,43.24,43.30,57500,39.43
20091202,43.43,43.94,43.43,43.75,53900,39.83
20091201,43.32,43.63,43.20,43.46,92200,39.57
20091130,42.47,42.92,42.35,42.88,100100,39.04
20091127,41.92,42.98,41.74,42.54,47800,38.73
20091125,43.26,43.51,43.13,43.51,90700,39.62
20091124,43.28,43.28,42.75,43.08,542900,39.22
20091123,43.38,43.75,43.09,43.23,87000,39.36
20091120,42.66,42.83,42.47,42.73,91300,38.91
20091119,43.46,43.46,42.67,42.94,158100,39.10
20091118,43.78,43.93,43.56,43.81,93700,39.89
20091117,43.72,43.89,43.48,43.83,128700,39.91
20091116,43.46,44.09,43.41,43.86,86300,39.94
20091113,42.86,43.22,42.54,43.00,265700,39.15
20091112,43.35,43.53,42.60,42.65,136000,38.83
20091111,43.43,43.69,43.11,43.30,136800,39.43
20091110,42.97,43.21,42.63,43.00,165200,39.15
20091109,42.28,43.09,42.28,43.06,78700,39.21
20091106,41.61,42.16,41.52,41.88,151800,38.13
20091105,41.45,41.95,41.23,41.94,167100,38.19
20091104,41.52,41.86,40.93,40.98,433000,37.31
20091103,40.43,41.23,40.25,41.19,289500,37.50
20091102,40.71,41.32,40.02,40.67,379400,37.03
20091030,41.77,41.79,40.38,40.57,383800,36.94
20091029,41.07,42.04,41.07,41.93,227300,38.18
20091028,42.01,42.04,40.62,40.67,119200,37.03
20091027,42.71,42.81,42.07,42.12,173200,38.35
20091026,43.23,43.92,42.47,42.60,134000,38.79
20091023,44.12,44.12,43.09,43.22,101500,39.35
20091022,43.34,44.05,42.86,43.90,78100,39.97
20091021,43.72,44.35,43.34,43.35,96000,39.47
20091020,44.28,44.28,43.62,43.85,75500,39.93
20091019,43.85,44.40,43.65,44.26,68000,40.30
20091016,43.96,43.96,43.49,43.74,122800,39.83
20091015,43.85,44.30,43.77,44.30,110400,40.34
20091014,43.80,44.15,43.59,44.15,5517700,40.20
20091013,43.19,43.35,42.90,43.23,74800,39.36
20091012,43.42,43.68,43.26,43.41,60000,39.53
20091009,42.81,43.23,42.81,43.23,77100,39.36
20091008,42.71,43.14,42.57,42.98,150800,39.13
20091007,42.24,42.32,41.93,42.29,73700,38.51
20091006,42.06,42.63,41.82,42.23,81000,38.45
20091005,40.86,41.72,40.81,41.71,85300,37.98
20091002,40.55,41.12,40.10,40.64,128000,37.00
20091001,42.41,42.43,41.13,41.13,84800,37.45
20090930,42.96,43.04,42.12,42.62,74900,38.81
20090929,42.86,43.15,42.62,42.83,101300,39.00
20090928,41.83,42.80,41.82,42.80,38000,38.97
20090925,41.90,42.13,41.55,41.71,39300,37.98
20090924,43.00,43.07,41.82,41.98,126300,38.22
20090923,43.70,43.70,42.83,42.83,97300,39.00
20090922,43.36,43.57,43.21,43.46,125600,39.57
20090921,42.87,43.17,42.63,43.01,102500,39.16
20090918,43.65,43.65,42.99,43.24,58000,39.37
20090917,43.48,44.00,42.95,43.21,91500,39.34
20090916,42.75,43.68,42.73,43.61,147400,39.71
20090915,42.12,42.89,41.95,42.76,1600600,38.93
20090914,41.09,42.04,41.09,42.04,44000,38.28
20090911,41.61,41.82,41.26,41.51,59700,37.80
20090910,40.96,41.51,40.64,41.51,42600,37.80
20090909,40.50,41.06,40.24,40.96,65700,37.29
20090908,40.26,40.40,40.11,40.36,134700,36.75
20090904,39.28,39.83,39.00,39.83,62000,36.27
20090903,39.04,39.21,38.56,39.18,244600,35.67
20090902,38.96,39.10,38.61,38.69,41700,35.23
20090901,39.93,40.63,39.00,39.03,59300,35.54
20090831,40.16,40.37,39.99,40.23,335100,36.63
20090828,41.06,41.06,40.33,40.71,96000,37.07
20090827,40.48,40.66,39.77,40.53,56400,36.90
20090826,40.39,40.66,40.07,40.41,38200,36.79
20090825,40.46,40.92,40.36,40.46,79000,36.84
20090824,40.70,40.81,40.08,40.20,94700,36.60
20090821,39.94,40.46,39.80,40.34,161900,36.73
20090820,38.96,39.47,38.72,39.42,49400,35.89
20090819,38.25,39.07,38.14,38.99,48900,35.50
20090818,38.35,38.79,38.22,38.71,59100,35.25
20090817,38.70,38.70,38.14,38.17,55600,34.75
20090814,39.89,39.94,39.10,39.51,52500,35.97
20090813,39.81,39.94,39.29,39.91,44500,36.34
20090812,38.88,39.79,38.88,39.51,57500,35.97
20090811,39.36,39.40,38.68,38.87,59400,35.39
20090810,39.63,39.71,39.26,39.49,57900,35.96
20090807,39.34,40.08,39.07,39.80,74800,36.24
20090806,39.16,39.36,38.57,38.73,63600,35.26
20090805,39.10,39.15,38.49,39.04,65100,35.55
20090804,38.39,39.12,38.27,39.02,69100,35.53
20090803,38.10,38.55,37.92,38.50,105500,35.05
20090731,37.44,37.90,37.35,37.73,55400,34.35
20090730,37.30,37.80,37.30,37.51,32900,34.15
20090729,36.98,37.05,36.58,36.79,22500,33.50
20090728,37.15,37.40,36.83,37.27,39200,33.93
20090727,37.13,37.40,36.96,37.40,60700,34.05
20090724,36.41,37.12,36.35,37.10,69700,33.78
20090723,35.64,36.90,35.64,36.75,80500,33.46
20090722,35.34,35.82,35.22,35.62,101300,32.43
20090721,35.84,35.88,35.04,35.52,261000,32.34
20090720,35.34,35.63,35.19,35.58,71700,32.40
20090717,35.04,35.14,34.82,34.95,60100,31.82
20090716,34.41,35.30,34.39,35.14,70900,32.00
20090715,34.27,34.79,34.07,34.72,40900,31.61
20090714,33.25,33.62,33.09,33.62,60200,30.61
20090713,32.64,33.27,32.13,33.26,88100,30.28
20090710,32.29,32.51,32.00,32.42,116000,29.52
20090709,32.63,32.76,32.27,32.46,92700,29.56
20090708,32.60,32.62,31.71,32.20,173200,29.32
20090707,33.35,33.35,32.40,32.44,328100,29.54
20090706,32.92,33.22,32.69,33.22,49400,30.25
20090702,33.99,34.06,33.37,33.40,58700,30.41
20090701,34.29,34.71,34.29,34.46,51100,31.38
20090630,34.35,34.43,33.71,34.06,45100,31.01
20090629,34.00,34.35,33.74,34.28,68300,31.21
20090626,33.74,33.94,33.63,33.82,120300,30.79
20090625,32.92,33.92,32.86,33.86,140900,30.83
20090624,33.01,33.46,32.86,33.09,117600,30.13
20090623,32.84,32.96,32.35,32.69,86100,29.76
20090622,33.69,33.69,32.72,32.72,111000,29.79
20090619,34.28,34.35,33.87,34.07,88100,31.02
20090618,33.66,34.05,33.42,33.94,67100,30.90
20090617,33.84,33.93,33.18,33.58,124400,30.57
20090616,34.67,34.78,33.79,33.92,97000,30.88
20090615,35.12,35.15,34.33,34.51,80400,31.42
20090612,35.50,35.58,35.10,35.55,110200,32.37
20090611,35.41,36.07,35.41,36.02,94000,32.80
20090610,35.68,35.84,34.91,35.36,79200,32.20
20090609,35.47,35.64,35.08,35.49,91300,32.31
20090608,35.25,35.52,34.74,35.19,98600,32.04
20090605,35.83,36.06,35.10,35.37,122800,32.20
20090604,35.06,35.48,34.67,35.48,104900,32.30
20090603,35.28,35.28,34.41,34.71,93800,31.60
20090602,35.51,35.78,35.37,35.53,102400,32.35
20090601,35.19,35.81,34.80,35.58,75800,32.40
20090529,33.78,34.36,33.63,34.36,124400,31.29
20090528,33.56,33.74,32.89,33.70,110900,30.68
20090527,33.99,34.19,33.24,33.26,109100,30.28
20090526,32.32,34.03,32.32,33.96,86400,30.92
20090522,33.08,33.20,32.69,32.81,86600,29.87
20090521,33.13,33.23,32.52,32.94,125400,29.99
20090520,34.18,34.78,33.52,33.57,211500,30.57
20090519,33.92,34.35,33.60,33.87,130900,30.84
20090518,32.76,33.94,32.76,33.90,173600,30.87
20090515,32.84,33.14,32.22,32.44,169200,29.54
20090514,32.40,33.18,32.17,32.96,97400,30.01
20090513,33.29,33.31,32.32,32.39,161500,29.49
20090512,34.29,35.05,33.28,33.88,133200,30.85
20090511,34.75,35.90,34.31,34.37,266800,31.29
20090508,34.53,35.41,34.27,35.36,358100,32.20
20090507,35.38,35.54,33.70,33.89,2956300,30.86
20090506,34.93,35.00,34.22,34.82,344700,31.70
20090505,34.39,34.67,34.02,34.38,253500,31.30
20090504,33.43,34.58,33.35,34.56,258700,31.47
20090501,32.84,33.36,32.70,33.00,203500,30.05
20090430,33.46,33.74,32.89,32.98,415400,30.03
20090429,32.57,33.39,32.42,33.03,348700,30.07
20090428,31.76,32.63,31.73,32.17,378600,29.29
20090427,32.21,32.82,32.02,32.18,150400,29.30
20090424,32.57,33.14,32.16,32.82,471300,29.88
20090423,31.92,32.16,31.36,32.15,409100,29.27
20090422,31.46,32.72,31.38,31.79,211900,28.95
20090421,30.52,31.98,30.52,31.97,157800,29.11
20090420,32.08,32.17,30.83,30.86,113900,28.10
20090417,32.60,33.03,32.09,32.76,722400,29.83
20090416,31.64,32.62,31.27,32.31,84500,29.42
20090415,30.56,31.40,30.31,31.37,115800,28.56
20090414,31.13,31.64,30.67,30.70,138100,27.95
20090413,31.33,31.84,30.64,31.70,319500,28.86
20090409,31.00,31.64,30.62,31.64,99100,28.81
20090408,29.72,29.91,29.42,29.90,84300,27.22
20090407,29.90,30.01,29.42,29.42,87600,26.79
20090406,30.40,30.51,29.95,30.47,107500,27.74
20090403,30.00,30.78,29.81,30.77,77700,28.02
20090402,29.49,30.43,29.49,30.08,72200,27.39
20090401,27.90,28.97,27.84,28.91,145400,26.32
20090331,28.36,28.81,27.93,28.30,59600,25.77
20090330,28.34,28.34,27.68,27.89,99800,25.39
20090327,29.47,29.50,28.93,29.10,130900,26.50
20090326,29.40,29.84,29.00,29.82,203200,27.15
20090325,28.91,29.51,27.95,28.99,340900,26.40
20090324,28.82,29.34,28.51,28.53,122300,25.98
20090323,27.80,29.33,27.80,29.33,149300,26.71
20090320,28.21,28.21,27.05,27.20,90600,24.73
20090319,28.65,28.65,27.96,28.01,101500,25.46
20090318,27.07,28.45,26.75,28.19,173100,25.63
20090317,26.28,27.11,25.91,27.11,117500,24.65
20090316,26.66,27.14,26.14,26.15,211200,23.77
20090313,26.42,26.63,25.93,26.40,137100,24.00
20090312,25.15,26.33,24.78,26.27,71100,23.88
20090311,25.20,25.51,24.78,25.05,183000,22.77
20090310,23.91,24.97,23.72,24.96,169500,22.69
20090309,23.28,23.88,23.14,23.28,99200,21.16
20090306,23.77,24.13,22.84,23.45,178500,21.32
20090305,24.44,24.54,23.46,23.67,171800,21.52
20090304,24.75,25.43,24.49,24.97,164700,22.70
20090303,25.03,25.03,24.06,24.24,203800,22.04
20090302,25.51,25.74,24.54,24.62,193700,22.38
20090227,26.07,26.79,25.94,26.15,221100,23.77
20090226,27.39,27.63,26.51,26.56,139300,24.15
20090225,27.34,27.68,26.56,27.07,324800,24.61
20090224,26.37,27.53,26.09,27.43,170600,24.94
20090223,27.51,27.56,26.13,26.15,173100,23.77
20090220,26.93,27.62,26.46,27.28,398500,24.80
20090219,28.34,28.52,27.38,27.46,209400,24.96
20090218,28.52,28.52,27.70,27.99,305000,25.45
20090217,28.73,28.90,28.32,28.35,241900,25.77
20090213,30.18,30.45,29.74,29.83,188900,27.12
20090212,29.56,30.28,29.11,30.28,377600,27.53
20090211,29.97,30.33,29.51,30.04,456400,27.31
20090210,31.27,31.54,29.64,29.80,329100,27.09
20090209,31.37,31.80,31.18,31.49,332000,28.63
20090206,30.34,31.57,30.34,31.47,334200,28.61
20090205,29.65,30.66,29.43,30.31,284200,27.56
20090204,30.08,30.54,29.82,29.88,177300,27.17
20090203,29.68,30.15,29.36,29.97,133100,27.25
20090202,29.20,29.73,29.05,29.64,223500,26.95
20090130,30.90,30.98,29.50,29.74,174100,27.04
20090129,31.72,31.72,30.64,30.65,249400,27.87
20090128,31.51,32.17,31.42,32.07,481900,29.16
20090127,30.59,30.98,30.29,30.89,332400,28.08
20090126,30.38,31.19,30.08,30.49,468200,27.72
20090123,29.11,30.57,28.96,30.31,890000,27.56
20090122,30.04,30.55,29.40,29.84,851600,27.13
20090121,29.84,30.77,29.22,30.72,427000,27.93
20090120,31.15,31.15,29.27,29.34,697900,26.67
20090116,31.32,31.50,30.36,31.28,456900,28.44
20090115,30.55,31.22,29.50,30.74,503200,27.95
20090114,31.21,31.21,30.28,30.50,333200,27.73
20090113,31.51,32.01,31.30,31.85,507200,28.96
20090112,32.69,32.69,31.32,31.58,449700,28.71
20090109,33.66,33.66,32.63,32.70,611100,29.73
20090108,33.18,33.66,33.00,33.60,483100,30.55
20090107,34.02,34.02,33.17,33.38,274500,30.35
20090106,34.20,34.81,34.00,34.53,383800,31.39
20090105,33.56,34.17,33.29,33.89,235800,30.81
20090102,32.95,33.83,32.56,33.65,222100,30.59
20081231,32.11,32.94,31.97,32.73,217900,29.76
20081230,31.49,32.04,31.13,32.03,216200,29.12
20081229,31.56,31.56,30.63,31.05,811100,28.23
20081226,31.35,31.41,30.93,31.41,105500,28.56
20081224,31.35,31.35,30.70,31.09,768600,28.27
20081223,32.24,32.33,31.58,31.74,206700,28.08
20081222,32.70,32.76,31.34,32.06,341100,28.36
20081219,32.69,33.24,32.47,32.72,348300,28.94
20081218,33.41,33.41,32.04,32.39,268900,28.65
20081217,32.80,33.72,32.48,33.18,422900,29.35
20081216,33.10,33.15,31.49,33.10,391300,29.28
20081215,31.99,31.99,30.58,31.07,288000,27.48
20081212,30.33,31.86,29.94,31.74,680700,28.08
20081211,32.26,32.78,30.70,30.92,309700,27.35
20081210,31.86,32.65,31.72,32.51,355900,28.76
20081209,32.19,32.97,31.49,31.68,525100,28.02
20081208,31.70,32.57,31.61,32.38,476300,28.64
20081205,29.33,31.14,28.77,31.14,766400,27.55
20081204,30.28,31.24,29.20,29.75,291600,26.32
20081203,29.49,30.71,28.90,30.63,312700,27.10
20081202,28.78,29.80,28.53,29.80,245700,26.36
20081201,31.11,31.11,28.34,28.42,336600,25.14
20081128,31.47,31.85,31.14,31.83,80700,28.16
20081126,29.45,31.48,29.42,31.42,191900,27.79
20081125,29.76,30.17,28.86,29.98,1362400,26.52
20081124,27.52,29.69,27.39,29.24,436600,25.87
20081121,26.39,27.35,25.16,27.23,443300,24.09
20081120,27.70,28.02,25.65,25.79,410300,22.81
20081119,29.94,30.20,27.87,27.88,304800,24.66
20081118,30.11,30.54,29.08,30.07,369800,26.60
20081117,30.46,31.10,30.06,30.06,179000,26.59
20081114,31.77,32.14,30.75,30.80,139200,27.25
20081113,30.05,32.33,28.87,32.32,1019800,28.59
20081112,31.12,31.23,30.00,30.04,464200,26.57
20081111,32.05,32.34,31.16,31.70,416600,28.04
20081110,33.92,33.93,32.05,32.41,421200,28.67
20081107,32.71,33.28,32.39,33.24,547600,29.40
20081106,33.84,34.02,32.30,32.40,483900,28.66
20081105,35.36,35.64,33.97,33.98,648600,30.06
20081104,35.27,35.78,34.91,35.74,484800,31.62
20081103,34.63,34.82,34.28,34.56,293500,30.57
20081031,33.84,34.89,33.31,34.49,338800,30.51
20081030,33.86,34.02,32.73,33.70,238000,29.81
20081029,32.48,33.92,32.20,32.80,285900,29.01
20081028,30.57,32.73,29.40,32.73,159800,28.95
20081027,30.50,31.26,29.77,29.77,148600,26.33
20081024,29.70,31.53,29.70,31.01,282600,27.43
20081023,32.92,33.08,30.29,31.90,838600,28.22
20081022,33.73,33.77,31.72,32.71,178000,28.94
20081021,35.26,35.56,34.55,34.58,132800,30.59
20081020,34.81,35.59,34.10,35.59,166400,31.48
20081017,33.38,35.50,33.08,34.14,614900,30.20
20081016,33.25,34.36,31.48,34.36,294900,30.39
20081015,36.18,36.18,33.21,33.25,209800,29.41
20081014,40.65,40.65,35.49,36.80,334100,32.55
20081013,36.80,36.91,34.40,36.91,314800,32.65
20081010,32.86,34.55,30.71,33.09,391500,29.27
20081009,37.00,37.00,33.48,33.73,162300,29.84
20081008,36.07,37.71,35.80,36.39,100100,32.19
20081007,39.49,39.70,37.07,37.07,417600,32.79
20081006,40.15,40.21,37.49,39.52,553100,34.96
20081003,42.65,43.20,41.07,41.16,210400,36.41
20081002,44.29,44.29,42.02,42.10,262200,37.24
20081001,44.54,44.54,43.59,44.31,535000,39.20
20080930,43.95,44.31,42.85,44.31,205200,39.20
20080929,44.84,45.56,42.70,42.89,676500,37.94
20080926,45.53,46.27,45.40,46.27,381200,40.93
20080925,46.07,46.57,45.77,46.38,301100,41.03
20080924,46.00,46.14,45.56,45.82,429200,40.53
20080923,46.47,47.04,45.83,45.96,560400,40.66
20080922,48.60,48.60,46.39,46.44,125000,41.08
20080919,48.95,52.39,47.90,48.78,227600,43.15
20080918,45.88,47.18,43.63,47.18,990300,41.74
20080917,46.81,46.81,44.65,44.67,669700,39.51
20080916,45.08,47.11,45.08,47.11,376100,41.67
20080915,47.20,47.78,46.29,46.31,221800,40.97
20080912,47.56,48.38,47.37,48.33,580200,42.75
20080911,47.08,47.81,46.45,47.81,472500,42.29
20080910,47.28,47.87,46.75,47.43,286500,41.96
20080909,48.90,48.95,47.14,47.14,438700,41.70
20080908,48.97,49.46,48.13,49.01,461100,43.35
20080905,47.26,47.93,46.63,47.73,523100,42.22
20080904,48.35,48.40,47.24,47.24,278800,41.79
20080903,48.53,48.88,48.30,48.72,457000,43.10
20080902,49.14,49.74,48.28,48.58,287700,42.97
20080829,48.90,49.13,48.70,48.78,257700,43.15
20080828,48.36,49.12,48.36,49.12,249200,43.45
20080827,47.78,48.37,47.78,48.21,181800,42.65
20080826,47.60,47.84,47.33,47.73,268500,42.22
20080825,48.31,48.31,47.48,47.60,474300,42.11
20080822,47.86,48.58,47.86,48.58,259400,42.97
20080821,47.84,47.98,47.49,47.87,1333600,42.35
20080820,47.76,47.98,47.37,47.97,594200,42.43
20080819,48.03,48.12,47.56,47.86,404500,42.34
20080818,49.32,49.32,48.16,48.57,477600,42.96
20080815,49.13,49.47,48.89,49.13,505800,43.46
20080814,48.14,49.08,48.14,48.94,636900,43.29
20080813,48.46,48.74,47.94,48.46,755200,42.87
20080812,49.23,49.23,48.44,48.63,700400,43.02
20080811,48.61,49.54,48.40,49.26,641600,43.58
20080808,47.44,48.68,47.28,48.56,626000,42.96
20080807,47.85,48.05,47.23,47.37,364800,41.90
20080806,47.67,48.29,47.63,48.21,301400,42.65
20080805,47.02,48.00,47.00,48.00,519800,42.46
20080804,47.22,47.22,46.55,46.70,357200,41.31
20080801,47.44,47.66,46.78,47.21,1192100,41.76
20080731,47.42,47.83,47.27,47.27,1057000,41.81
20080730,47.45,47.85,47.11,47.78,813400,42.27
20080729,46.27,47.18,46.19,47.18,629800,41.74
20080728,46.46,46.96,46.01,46.06,627400,40.74
20080725,46.90,47.08,46.51,46.74,829600,41.35
20080724,48.41,48.45,46.60,46.84,759200,41.43
20080723,48.26,48.80,47.95,48.56,991900,42.96
20080722,47.06,48.06,46.60,48.00,863500,42.46
20080721,47.08,47.36,46.89,47.28,811200,41.82
20080718,47.35,47.35,46.78,47.24,756100,41.79
20080717,46.39,47.40,46.04,47.40,865000,41.93
20080716,44.97,46.26,44.55,46.16,1660000,40.83
20080715,45.08,45.62,43.98,44.88,954000,39.70
20080714,45.36,46.43,45.13,45.20,788500,39.98
20080711,45.82,46.41,45.21,45.88,516200,40.59
20080710,46.38,46.65,45.82,46.43,799800,41.07
20080709,47.46,47.61,46.19,46.40,606800,41.05
20080708,46.08,47.47,45.80,47.46,1178500,41.98
20080707,46.87,47.08,45.73,46.12,903400,40.80
20080703,47.43,47.43,46.49,46.65,429100,41.27
20080702,48.28,48.47,47.13,47.13,899000,41.69
20080701,47.61,48.16,47.30,48.12,1092500,42.57
20080630,48.14,48.53,47.81,48.01,718300,42.47
20080627,48.41,48.58,47.88,48.06,476300,42.51
20080626,49.45,49.45,48.40,48.40,480600,42.81
20080625,49.61,50.25,49.58,49.81,405600,44.06
20080624,49.60,49.96,49.14,49.41,97300,43.71
20080623,50.25,50.25,49.51,49.51,76900,43.80
20080620,50.62,50.62,49.94,50.00,137200,44.23
20080619,50.70,50.95,50.43,50.95,31700,45.07
20080618,51.34,51.34,50.46,50.69,41000,44.84
20080617,52.78,52.78,51.33,51.33,73500,45.41
20080616,51.54,51.86,51.30,51.86,49300,45.87
20080613,51.31,51.53,51.02,51.53,31200,45.58
20080612,51.20,51.36,50.57,50.88,25500,45.01
20080611,51.76,51.76,50.68,50.69,23900,44.84
20080610,51.60,51.89,51.46,51.72,26800,45.75
20080609,52.26,52.30,51.55,51.90,33800,45.91
20080606,52.92,53.24,52.00,52.00,34500,46.00
20080605,52.91,53.61,52.88,53.61,26000,47.42
20080604,52.74,53.19,52.59,52.70,44000,46.62
20080603,53.02,53.07,52.30,52.72,40600,46.64
20080602,53.34,53.34,52.48,52.86,126100,46.76
20080530,53.22,53.39,53.10,53.24,116600,47.10
20080529,53.11,53.41,52.89,53.23,42700,47.09
20080528,52.84,52.92,52.47,52.92,56700,46.81
20080527,52.34,52.65,52.17,52.61,125800,46.54
20080523,52.73,52.75,52.08,52.27,120300,46.24
20080522,52.64,53.12,52.64,52.86,379800,46.76
20080521,53.69,53.85,52.65,52.68,112400,46.60
20080520,53.68,53.75,53.35,53.66,62300,47.47
20080519,54.00,54.41,53.75,53.91,22100,47.69
20080516,53.98,53.98,53.49,53.89,74400,47.67
20080515,53.56,53.80,53.10,53.80,185500,47.59
20080514,53.19,53.62,53.18,53.24,70600,47.10
20080513,52.99,52.99,52.56,52.91,61500,46.80
20080512,52.33,52.83,52.00,52.74,118800,46.65
20080509,51.76,52.13,51.73,51.97,19800,45.97
20080508,52.08,52.29,51.80,52.08,37700,46.07
20080507,52.84,52.86,51.91,51.91,33100,45.92
20080506,52.04,52.74,51.89,52.69,46400,46.61
20080505,52.51,52.66,52.00,52.29,31400,46.26
20080502,52.92,52.92,52.19,52.40,50600,46.35
20080501,51.57,52.32,51.35,52.28,56400,46.25
20080430,51.93,52.25,51.35,51.35,105000,45.42
20080429,52.05,52.05,51.54,51.75,52900,45.78
20080428,52.01,52.14,51.63,51.89,54900,45.90
20080425,51.72,51.94,51.20,51.92,54800,45.93
20080424,51.48,51.69,50.57,51.53,67100,45.58
20080423,51.33,51.39,50.82,51.11,52000,45.21
20080422,51.47,51.47,50.84,51.24,35900,45.33
20080421,51.75,51.75,51.28,51.64,38200,45.68
20080418,52.23,52.23,51.69,51.73,65400,45.76
20080417,51.42,51.42,50.75,51.12,85500,45.22
20080416,50.30,51.05,50.13,50.99,42100,45.11
20080415,49.80,49.80,49.27,49.64,45500,43.91
20080414,49.61,49.78,49.42,49.47,40800,43.76
20080411,49.95,50.22,49.58,49.68,27100,43.95
20080410,50.17,50.58,49.89,50.41,32100,44.59
20080409,51.05,51.05,50.00,50.12,29500,44.34
20080408,50.84,51.03,50.65,50.79,41100,44.93
20080407,51.28,51.53,50.93,51.07,41000,45.18
20080404,50.74,51.35,50.74,50.97,29600,45.09
20080403,50.12,51.08,50.12,50.95,16100,45.07
20080402,50.96,51.17,50.63,50.74,52300,44.88
20080401,49.69,50.63,49.24,50.59,98200,44.75
20080331,49.10,49.10,48.31,48.78,67500,43.15
20080328,48.99,49.13,48.42,48.44,18600,42.85
20080327,49.60,49.67,48.83,48.83,44500,43.19
20080326,50.30,50.30,49.37,49.40,31600,43.70
20080325,49.91,50.24,49.64,50.12,119200,44.34
20080324,49.50,50.14,49.10,49.85,58500,44.10
20080320,47.44,48.93,47.44,48.92,57500,43.27
20080319,49.49,49.49,47.91,47.91,43000,42.38
20080318,47.49,48.72,47.49,48.69,172400,43.07
20080317,46.32,47.47,46.32,47.05,74100,41.62
20080314,48.80,48.89,47.25,47.75,130400,42.24
20080313,47.64,48.73,47.25,48.55,92200,42.95
20080312,48.29,49.15,48.21,48.24,1958600,42.67
20080311,47.79,48.72,47.43,48.72,66400,43.05
20080310,48.00,48.00,47.03,47.05,117800,41.58
20080307,47.80,48.40,47.40,47.77,168600,42.22
20080306,49.02,49.02,47.94,48.08,84200,42.49
20080305,49.36,49.71,48.89,49.29,120200,43.56
20080304,48.79,49.27,48.47,49.14,41600,43.43
20080303,49.06,49.35,48.76,49.35,36300,43.61
20080229,50.15,50.18,49.08,49.23,54900,43.51
20080228,51.16,51.16,50.60,50.75,90100,44.85
20080227,51.39,51.84,51.26,51.36,71600,45.39
20080226,51.06,51.79,50.92,51.59,136800,45.59
20080225,50.38,51.25,49.97,51.15,184900,45.20
20080222,49.90,50.31,49.33,50.31,89600,44.46
20080221,50.77,51.00,49.78,49.82,111700,44.03
20080220,49.69,50.69,49.62,50.66,138400,44.77
20080219,52.20,52.40,49.96,50.08,67300,44.26
20080215,50.05,50.14,49.64,50.11,115800,44.28
20080214,50.90,50.90,50.03,50.10,74300,44.27
20080213,50.87,50.99,50.42,50.82,65700,44.91
20080212,50.45,50.75,49.94,50.30,48900,44.45
20080211,49.93,50.17,49.50,50.05,78400,44.23
20080208,50.07,50.39,49.70,49.92,60500,44.12
20080207,49.83,50.41,49.64,50.22,94300,44.38
20080206,50.75,50.97,49.96,50.01,30400,44.19
20080205,51.33,51.36,50.44,50.44,61900,44.57
20080204,52.30,52.30,51.75,51.79,158400,45.77
20080201,51.37,52.32,51.31,52.31,76400,46.23
20080131,49.52,51.60,49.50,51.18,175500,45.23
20080130,50.51,51.43,50.14,50.21,159500,44.37
20080129,50.27,50.56,49.88,50.53,140300,44.65
20080128,48.89,50.01,48.48,50.01,150200,44.19
20080125,49.90,50.04,48.73,48.95,36900,43.26
20080124,49.58,49.61,49.00,49.47,108100,43.72
20080123,46.41,49.24,46.41,49.24,140900,43.51
20080122,44.39,47.81,40.00,47.45,342400,41.93
20080118,47.89,48.35,47.00,47.35,178600,41.84
20080117,48.98,49.14,47.65,47.67,147300,42.13
20080116,48.82,49.69,48.68,49.07,124000,43.36
20080115,49.55,49.60,48.93,49.00,195600,43.30
20080114,50.14,50.19,49.72,50.15,53200,44.32
20080111,50.03,50.27,49.54,49.81,75600,44.02
20080110,49.20,50.66,49.20,50.24,162100,44.40
20080109,50.07,50.07,48.48,49.72,82300,43.94
20080108,50.55,50.87,49.20,49.20,128700,43.48
20080107,50.74,50.80,49.96,50.48,146800,44.61
20080104,51.42,51.42,50.30,50.36,83500,44.50
20080103,52.49,52.49,51.70,51.77,49900,45.75
20080102,52.65,53.17,52.21,52.35,53900,46.26
20071231,53.47,53.47,52.89,53.14,79600,46.96
20071228,53.50,53.69,53.08,53.41,47200,47.20
20071227,54.24,54.24,53.37,53.41,87400,47.20
20071226,54.00,54.16,53.81,54.11,125700,47.82
20071224,53.56,54.27,53.56,54.27,23800,47.96
20071221,53.49,53.79,53.28,53.79,50700,47.54
20071220,52.91,52.99,52.31,52.99,60400,46.83
20071219,53.75,54.07,53.54,53.80,105900,46.59
20071218,53.85,54.03,53.19,53.83,34600,46.62
20071217,53.93,54.21,53.52,53.60,70900,46.42
20071214,54.01,55.02,54.01,54.30,60100,47.02
20071213,54.79,55.27,53.91,55.15,24200,47.76
20071212,56.83,56.83,54.76,55.25,63000,47.85
20071211,57.38,57.38,55.07,55.17,55900,47.78
20071210,56.89,57.14,56.53,57.08,62400,49.43
20071207,56.67,56.67,56.35,56.48,25400,48.91
20071206,55.61,56.41,55.40,56.41,77400,48.85
20071205,55.52,55.57,55.06,55.42,35300,47.99
20071204,55.50,55.50,54.61,54.72,37500,47.39
20071203,55.59,55.59,54.94,55.16,122200,47.77
20071130,55.69,55.69,54.98,55.17,24000,47.78
20071129,55.50,55.50,54.25,54.83,43700,47.48
20071128,53.98,54.82,53.98,54.82,42200,47.47
20071127,53.48,53.48,52.63,53.24,89900,46.10
20071126,54.44,54.44,52.75,52.75,99500,45.68
20071123,53.81,54.08,53.54,53.97,3000,46.74
20071121,54.61,54.61,52.90,53.21,52100,46.08
20071120,54.21,54.44,53.00,53.80,51200,46.59
20071119,54.94,54.94,53.86,53.90,33800,46.68
20071116,55.57,55.57,54.59,55.07,38300,47.69
20071115,56.28,56.28,54.92,55.14,48300,47.75
20071114,56.57,56.94,55.90,55.97,27200,48.47
20071113,55.63,56.35,55.34,56.33,22300,48.78
20071112,55.54,55.84,54.85,54.85,18500,47.50
20071109,55.10,56.07,55.05,55.46,22600,48.03
20071108,55.84,55.99,54.91,55.88,46700,48.39
20071107,57.14,57.14,55.53,55.57,41100,48.12
20071106,57.44,57.44,56.22,57.06,21900,49.41
20071105,56.46,56.69,56.04,56.49,41300,48.92
20071102,57.41,57.41,56.35,56.75,60600,49.14
20071101,57.81,57.86,57.12,57.12,44000,49.46
20071031,58.27,58.64,57.94,58.59,13900,50.74
20071030,58.05,58.20,57.92,57.92,29800,50.16
20071029,58.30,58.39,57.98,58.11,28200,50.32
20071026,58.08,58.17,57.46,58.04,54600,50.26
20071025,57.75,57.93,56.93,57.63,94400,49.91
20071024,57.73,57.73,56.81,57.55,58600,49.84
20071023,57.84,58.01,57.39,57.93,60800,50.17
20071022,56.79,57.63,56.47,57.60,144400,49.88
20071019,58.37,58.37,57.22,57.22,36900,49.55
20071018,58.50,58.71,58.27,58.52,20900,50.68
20071017,59.12,59.12,58.10,58.60,24600,50.75
20071016,59.07,59.11,58.69,58.76,29300,50.89
20071015,60.02,60.15,59.06,59.29,22000,51.34
20071012,59.85,60.01,59.74,59.84,20300,51.82
20071011,60.37,60.62,59.64,59.89,27800,51.86
20071010,60.22,60.28,60.00,60.22,20900,52.15
20071009,59.91,60.24,59.78,60.24,18700,52.17
20071008,60.03,60.13,59.81,59.88,98900,51.85
20071005,59.74,60.21,59.63,60.12,50300,52.06
20071004,59.45,59.45,59.17,59.34,27400,51.39
20071003,59.44,59.59,59.17,59.32,11000,51.37
20071002,59.31,59.59,59.29,59.58,16700,51.60
20071001,58.45,59.32,58.45,59.30,45800,51.35
20070928,58.57,58.57,58.17,58.37,16600,50.55
20070927,58.41,58.55,58.27,58.55,14500,50.70
20070926,58.08,58.31,57.89,58.15,19500,50.36
20070925,57.71,57.85,57.42,57.82,27700,50.07
20070924,58.24,58.44,57.86,57.92,41400,50.16
20070921,58.46,58.51,58.23,58.23,16700,50.43
20070920,58.83,58.83,58.11,58.23,17900,50.43
20070919,58.87,59.27,58.59,58.84,41600,50.95
20070918,56.96,58.35,56.71,58.30,20300,50.49
20070917,56.81,56.88,56.49,56.72,23500,49.12
20070914,56.44,56.97,56.41,56.91,9100,49.28
20070913,56.63,56.98,56.49,56.83,114500,49.21
20070912,56.34,56.71,56.30,56.48,11200,48.91
20070911,56.18,56.52,56.07,56.52,19800,48.95
20070910,56.62,56.62,55.43,55.90,18900,48.41
20070907,56.55,56.64,56.20,56.33,19500,48.78
20070906,57.34,57.38,56.91,57.35,33100,49.66
20070905,57.33,57.41,57.00,57.21,17000,49.54
20070904,57.24,58.24,57.24,57.93,19300,50.17
20070831,57.14,57.50,56.88,57.26,120300,49.59
20070830,56.31,56.90,56.30,56.59,22200,49.01
20070829,56.14,56.76,55.85,56.76,19000,49.15
20070828,56.74,56.74,55.54,55.54,21500,48.10
20070827,57.61,57.61,57.00,57.00,19700,49.36
20070824,56.95,57.66,56.95,57.66,34500,49.93
20070823,57.40,57.44,56.87,57.12,24100,49.46
20070822,57.27,57.29,56.79,57.22,33200,49.55
20070821,55.95,56.70,55.95,56.68,10300,49.08
20070820,56.06,56.42,55.64,56.30,23600,48.75
20070817,55.72,56.87,54.54,55.96,79700,48.46
20070816,53.92,54.75,52.82,54.60,222300,47.28
20070815,55.25,55.94,54.24,54.40,54200,47.11
20070814,56.60,56.60,55.42,55.45,88700,48.02
20070813,57.10,57.20,56.59,56.60,12000,49.01
20070810,55.70,56.71,55.23,56.41,37900,48.85
20070809,57.05,57.45,56.45,56.50,32300,48.93
20070808,57.61,58.24,57.24,58.07,132300,50.29
20070807,56.46,57.37,56.46,57.16,30800,49.50
20070806,55.65,56.86,55.22,56.78,80400,49.17
20070803,57.60,57.60,55.88,55.89,27100,48.40
20070802,57.82,57.90,57.37,57.67,13700,49.94
20070801,57.23,57.49,56.25,57.39,43700,49.70
20070731,58.40,58.64,57.22,57.22,28000,49.55
20070730,57.52,58.14,57.29,57.89,28800,50.13
20070727,58.47,58.68,57.56,57.57,37600,49.85
20070726,59.05,59.06,57.76,58.95,64600,51.05
20070725,60.21,60.39,59.32,59.71,32400,51.71
20070724,60.79,60.85,59.69,59.90,36000,51.87
20070723,61.74,61.74,61.14,61.19,18600,52.99
20070720,62.20,62.20,61.21,61.28,13000,53.07
20070719,62.29,62.41,62.13,62.24,19500,53.90
20070718,61.93,62.08,61.63,62.03,15600,53.72
20070717,62.55,62.58,62.33,62.35,17400,53.99
20070716,62.47,62.67,62.32,62.35,14300,53.99
20070713,62.26,62.68,62.23,62.57,23900,54.18
20070712,61.80,62.42,61.80,62.34,25700,53.99
20070711,61.30,61.58,61.09,61.58,33400,53.33
20070710,62.08,62.08,61.29,61.29,24700,53.08
20070709,62.55,62.59,62.24,62.34,18000,53.99
20070706,62.22,62.52,62.00,62.50,9700,54.12
20070705,62.20,62.32,61.92,62.19,12100,53.86
20070703,62.03,62.18,62.00,62.08,22600,53.76
20070702,61.46,61.80,61.40,61.80,17700,53.52
20070629,61.40,61.64,60.90,61.15,19600,52.95
20070628,61.33,61.53,61.15,61.15,5100,52.95
20070627,60.28,61.17,60.17,61.17,36000,52.97
20070626,61.02,61.15,60.49,60.49,100400,52.38
20070625,61.47,61.56,60.70,60.93,53600,52.76
20070622,61.62,61.70,61.18,61.42,37900,53.19
20070621,61.60,61.91,61.19,61.82,19700,53.53
20070620,62.40,62.42,61.59,61.59,37500,53.34
20070619,62.19,62.38,61.98,62.30,26800,53.95
20070618,62.61,62.61,62.22,62.28,25400,53.93
20070615,62.60,62.74,62.38,62.46,83000,54.09
20070614,62.13,62.33,61.97,62.09,105300,53.77
20070613,61.26,61.85,61.26,61.85,18900,53.56
20070612,61.39,61.60,61.07,61.07,16900,52.89
20070611,61.74,62.04,61.59,61.82,13300,53.53
20070608,61.15,61.78,60.86,61.75,19000,53.47
20070607,62.01,62.23,61.20,61.20,25500,53.00
20070606,62.90,62.90,62.40,62.40,10000,54.04
20070605,63.46,63.46,63.02,63.11,23800,54.65
20070604,63.34,63.57,63.29,63.55,19600,55.03
20070601,63.30,63.49,63.29,63.42,8700,54.92
20070531,63.15,63.20,62.80,63.02,17100,54.57
20070530,62.00,62.93,61.95,62.93,18000,54.50
20070529,62.04,62.30,62.04,62.19,17700,53.86
20070525,61.69,61.89,61.54,61.75,18600,53.47
20070524,62.40,62.45,61.32,61.44,37600,53.21
20070523,62.70,62.78,62.22,62.22,37300,53.88
20070522,62.35,62.64,62.23,62.41,35200,54.05
20070521,62.00,62.40,61.96,62.25,107100,53.91
20070518,61.75,62.07,61.72,61.98,14400,53.67
20070517,61.51,61.87,61.47,61.69,14400,53.42
20070516,61.80,61.81,61.45,61.62,23900,53.36
20070515,61.85,62.16,61.53,61.56,28400,53.31
20070514,62.15,62.15,61.71,61.84,14800,53.55
20070511,61.56,61.94,61.56,61.94,5300,53.64
20070510,62.08,62.08,61.38,61.45,23200,53.21
20070509,61.79,62.25,61.73,62.21,19700,53.87
20070508,61.62,61.85,61.54,61.84,15500,53.55
20070507,61.90,61.98,61.89,61.93,24500,53.63
20070504,62.00,62.02,61.72,61.85,18300,53.56
20070503,61.68,61.95,61.68,61.87,287600,53.58
20070502,61.10,61.65,61.10,61.59,21700,53.34
20070501,60.95,61.08,60.54,61.05,20900,52.87
20070430,61.67,61.67,60.92,60.94,24300,52.77
20070427,61.66,61.73,61.47,61.63,23600,53.37
20070426,61.79,61.90,61.57,61.80,25300,53.52
20070425,61.60,61.82,61.25,61.80,14500,53.52
20070424,61.18,61.36,60.86,61.23,18800,53.02
20070423,61.35,61.46,61.24,61.30,23100,53.08
20070420,61.24,61.24,60.92,61.17,14300,52.97
20070419,60.53,60.82,60.50,60.67,10400,52.54
20070418,60.63,60.92,60.48,60.81,11900,52.66
20070417,60.67,60.85,60.59,60.70,75000,52.57
20070416,60.52,60.60,60.40,60.60,20700,52.48
20070413,60.00,60.10,59.78,60.09,17900,52.04
20070412,59.53,59.91,59.38,59.91,12000,51.88
20070411,60.08,60.08,59.60,59.69,24700,51.69
20070410,60.02,60.10,59.88,60.05,26100,52.00
20070409,60.08,60.08,59.85,59.95,19300,51.92
20070405,59.74,59.90,59.68,59.85,55700,51.83
20070404,59.74,59.81,59.63,59.75,37800,51.74
20070403,59.68,59.89,59.50,59.81,21500,51.79
20070402,59.20,59.48,59.07,59.38,59000,51.42
20070330,59.11,59.18,58.69,59.01,15200,51.10
20070329,59.25,59.25,58.81,59.02,9900,51.11
20070328,59.09,59.16,58.74,58.83,15900,50.95
20070327,59.33,59.33,59.08,59.26,18500,51.32
20070326,59.70,59.71,59.15,59.58,58400,51.60
20070323,59.40,59.86,59.40,59.77,25700,51.76
20070322,59.70,59.70,59.36,59.60,31400,51.61
20070321,58.74,59.67,58.61,59.57,54000,51.58
20070320,58.37,58.85,58.25,58.66,211400,50.79
20070319,58.15,58.35,57.97,58.27,17300,50.45
20070316,58.07,58.16,57.64,57.69,36400,49.95
20070315,57.73,58.06,57.67,58.01,17000,50.23
20070314,57.50,57.60,56.51,57.50,47900,49.79
20070313,58.22,58.29,57.28,57.35,29300,49.66
20070312,58.40,58.59,58.17,58.49,16700,50.64
20070309,58.48,58.54,58.15,58.34,10900,50.51
20070308,58.25,58.42,58.08,58.23,18300,50.42
20070307,57.78,58.02,57.60,57.67,12700,49.93
20070306,57.34,57.84,57.18,57.81,30900,50.05
20070305,57.13,57.44,56.81,56.81,29000,49.19
20070302,58.40,58.50,57.72,57.72,79600,49.98
20070301,57.74,58.75,57.41,58.56,63400,50.70
20070228,58.67,59.05,58.26,58.71,30400,50.83
20070227,59.73,59.73,58.20,58.50,41700,50.65
20070226,60.72,60.74,60.17,60.35,58300,52.25
20070223,60.43,60.43,60.22,60.39,27100,52.29
20070222,60.74,60.81,60.38,60.50,36200,52.38
20070221,60.43,60.59,60.27,60.59,32800,52.46
20070220,60.23,60.60,60.04,60.60,25500,52.47
20070216,60.22,60.25,60.01,60.25,19500,52.17
20070215,60.08,60.23,60.00,60.20,20600,52.12
20070214,59.68,60.06,59.64,59.93,19800,51.89
20070213,59.25,59.59,59.17,59.59,8400,51.60
20070212,59.26,59.26,58.85,58.96,23300,51.05
20070209,59.89,59.89,58.97,59.38,35400,51.41
20070208,59.68,59.77,59.60,59.73,24300,51.72
20070207,59.65,59.93,59.60,59.84,57300,51.81
20070206,59.54,59.68,59.32,59.68,13200,51.67
20070205,59.34,59.36,59.23,59.30,18100,51.34
20070202,59.19,59.35,59.16,59.34,14300,51.38
20070201,58.70,59.10,58.70,59.08,25200,51.15
20070131,58.05,58.73,58.05,58.67,19900,50.80
20070130,57.94,58.18,57.86,58.17,7900,50.37
20070129,57.82,57.97,57.74,57.80,15400,50.05
20070126,57.64,57.74,57.42,57.73,30000,49.98
20070125,58.00,58.45,57.51,58.45,32000,50.61
20070124,57.71,58.02,57.61,58.02,25900,50.24
20070123,57.29,57.65,57.24,57.47,15600,49.76
20070122,57.27,57.27,57.05,57.16,21600,49.49
20070119,56.96,57.33,56.96,57.33,6600,49.64
20070118,57.20,57.24,56.94,57.00,9300,49.35
20070117,57.11,57.38,57.11,57.28,11200,49.60
20070116,57.34,57.34,57.10,57.12,21500,49.46
20070112,56.93,57.12,56.88,57.09,12100,49.43
20070111,56.86,57.01,56.81,56.90,31300,49.27
20070110,56.01,56.45,56.01,56.42,23600,48.85
20070109,56.25,56.34,55.98,56.25,15600,48.70
20070108,56.02,56.22,55.87,56.12,23500,48.59
20070105,56.41,56.41,56.05,56.14,8900,48.61
20070104,56.59,56.65,56.27,56.61,34700,49.01
20070103,56.87,57.07,56.38,56.58,25600,48.99
20061229,56.89,56.91,56.67,56.69,23700,49.08
20061228,57.05,57.05,56.87,56.94,15600,49.30
20061227,56.94,57.03,56.88,57.03,23800,49.38
20061226,56.37,56.62,56.37,56.62,12100,49.02
20061222,56.38,56.51,56.28,56.30,10000,48.75
20061221,57.29,57.29,56.84,56.87,8200,48.92
20061220,57.16,57.31,57.16,57.20,11000,49.21
20061219,56.74,57.05,56.73,57.04,8700,49.07
20061218,57.38,57.47,57.01,57.03,26100,49.06
20061215,57.54,57.61,57.35,57.37,19600,49.36
20061214,57.35,57.59,57.35,57.52,8800,49.48
20061213,57.36,57.36,57.13,57.24,19000,49.24
20061212,57.17,57.25,56.92,57.16,7000,49.17
20061211,57.10,57.21,57.06,57.17,5300,49.18
20061208,57.16,57.26,57.00,57.13,4700,49.15
20061207,57.44,57.44,57.12,57.12,17900,49.14
20061206,57.28,57.39,57.22,57.32,3900,49.31
20061205,57.17,57.32,57.15,57.27,21100,49.27
20061204,56.82,57.14,56.79,57.14,11900,49.16
20061201,56.69,56.69,56.25,56.63,14000,48.72
20061130,56.47,56.82,56.34,56.72,2800,48.80
20061129,55.99,56.35,55.99,56.35,7500,48.48
20061128,55.42,55.78,55.42,55.72,9700,47.94
20061127,56.39,56.39,55.65,55.65,16700,47.88
20061124,56.37,56.57,56.32,56.57,5200,48.67
20061122,56.52,56.58,56.39,56.50,10400,48.61
20061121,56.15,56.33,56.15,56.32,14400,48.45
20061120,56.04,56.21,56.02,56.06,14400,48.23
20061117,55.72,55.85,55.65,55.85,7700,48.05
20061116,55.88,55.94,55.83,55.83,7000,48.03
20061115,55.61,55.79,55.59,55.67,16300,47.89
20061114,55.21,55.51,55.03,55.51,27900,47.75
20061113,54.97,55.18,54.94,55.07,32700,47.38
20061110,54.81,54.97,54.77,54.95,19300,47.27
20061109,54.87,54.97,54.70,54.70,18300,47.06
20061108,54.50,54.92,54.50,54.80,24500,47.14
20061107,54.57,54.78,54.53,54.59,19300,46.96
20061106,54.28,54.63,54.28,54.53,17200,46.91
20061103,54.31,54.32,53.89,54.05,16400,46.50
20061102,54.06,54.12,54.02,54.05,16700,46.50
20061101,54.68,54.68,54.16,54.23,18300,46.65
20061031,54.68,54.86,54.38,54.57,8000,46.95
20061030,54.47,54.60,54.27,54.48,22400,46.87
20061027,54.66,54.79,54.39,54.39,11300,46.79
20061026,54.67,54.88,54.49,54.88,5600,47.21
20061025,54.43,54.62,54.43,54.59,3600,46.96
20061024,54.21,54.36,54.19,54.33,17300,46.74
20061023,53.95,54.29,53.95,54.20,14400,46.63
20061020,54.10,54.10,53.94,53.96,18600,46.42
20061019,54.07,54.23,54.06,54.17,14600,46.60
20061018,54.45,54.45,54.15,54.15,16500,46.58
20061017,54.16,54.18,53.96,54.11,17100,46.55
20061016,54.15,54.38,54.15,54.34,16500,46.75
20061013,53.86,54.03,53.80,54.00,17300,46.46
20061012,53.50,53.81,53.50,53.81,8600,46.29
20061011,53.21,53.44,53.21,53.30,19700,45.85
20061010,53.32,53.39,53.27,53.39,3100,45.93
20061009,52.88,53.29,52.88,53.21,4300,45.78
20061006,52.81,53.02,52.81,52.94,13800,45.54
20061005,52.99,53.13,52.86,53.06,17600,45.65
20061004,52.24,52.82,52.24,52.82,6100,45.44
20061003,52.11,52.46,52.11,52.21,25500,44.92
20061002,52.30,52.45,52.17,52.17,5100,44.88
20060929,52.58,52.58,52.27,52.27,26300,44.97
20060928,52.59,52.59,52.34,52.49,11900,45.16
20060927,52.36,52.50,52.36,52.41,16500,45.09
20060926,51.98,52.36,51.98,52.35,10300,45.04
20060925,51.70,52.02,51.50,52.02,2800,44.75
20060922,51.62,51.66,51.40,51.65,3800,44.43
20060921,52.00,52.11,51.76,51.78,7100,44.55
20060920,52.24,52.27,52.18,52.18,9600,44.89
20060919,52.05,52.07,51.75,51.89,5700,44.64
20060918,52.15,52.22,52.05,52.05,4600,44.78
20060915,52.20,52.31,52.11,52.24,6000,44.94
20060914,51.95,52.04,51.86,51.95,10400,44.69
20060913,51.98,52.15,51.98,52.11,3200,44.83
20060912,51.25,55.20,50.95,51.79,11500,44.55
20060911,51.16,51.20,50.99,51.12,3300,43.98
20060908,51.06,51.21,51.06,51.21,500,44.06
20060907,51.15,51.15,50.85,51.06,13100,43.93
20060906,51.50,51.50,51.15,51.15,26400,44.00
20060905,51.79,51.80,51.65,51.74,4900,44.51
20060901,51.68,51.82,51.68,51.79,1200,44.55
20060831,51.40,51.60,51.40,51.60,5500,44.39
20060830,51.29,51.41,51.23,51.41,4400,44.23
20060829,51.13,51.33,50.93,51.28,17600,44.12
20060828,51.04,51.16,51.04,51.10,500,43.96
20060825,50.65,50.68,50.65,50.67,3400,43.59
