20140814,178.92,179.48,178.77,179.48,842000,179.48
20140813,178.15,178.83,177.87,178.70,781600,178.70
20140812,177.47,177.99,176.90,177.45,513900,177.45
20140811,177.87,178.47,177.61,177.66,1191200,177.66
20140808,175.49,177.27,175.10,177.16,1209900,177.16
20140807,176.90,177.04,174.70,175.13,1527100,175.13
20140806,175.20,176.82,175.18,176.08,1185800,176.08
20140805,177.04,177.48,175.40,175.97,1251300,175.97
20140804,176.81,178.11,176.07,177.77,2212000,177.77
20140801,176.52,177.62,175.65,176.53,3398000,176.53
20140731,179.35,179.50,176.96,176.96,2430500,176.96
20140730,181.22,181.44,179.86,180.59,1128500,180.59
20140729,181.70,181.89,180.57,180.59,639000,180.59
20140728,181.35,181.60,180.28,181.36,485700,181.36
20140725,181.65,181.77,180.94,181.28,635700,181.28
20140724,182.36,182.50,181.97,182.15,535800,182.15
20140723,182.00,182.32,181.64,182.15,750900,182.15
20140722,181.58,182.04,181.42,181.72,1509500,181.72
20140721,180.71,181.08,180.13,180.91,866000,180.91
20140718,180.02,181.44,179.94,181.30,571500,181.30
20140717,180.96,181.62,179.19,179.41,1103900,179.41
20140716,181.65,181.76,181.01,181.54,539400,181.54
20140715,181.25,181.63,180.06,180.85,1207000,180.85
20140714,181.20,181.41,181.02,181.16,493100,181.16
20140711,179.94,180.36,179.51,180.27,520400,180.27
20140710,179.01,180.47,178.84,180.03,614600,180.03
20140709,180.36,180.88,180.00,180.72,930300,180.72
20140708,180.77,180.82,179.50,179.97,749400,179.97
20140707,181.38,181.50,180.84,181.14,1151800,181.14
20140703,181.31,181.78,181.20,181.73,327900,181.73
20140702,180.67,181.03,180.57,180.82,511500,180.82
20140701,179.88,181.19,179.83,180.69,1199000,180.69
20140630,179.43,179.82,179.28,179.43,1261200,179.43
20140627,178.79,179.56,178.69,179.48,1032300,179.48
20140626,179.36,179.38,177.98,179.17,676800,179.17
20140625,178.14,179.49,178.13,179.26,586000,179.26
20140624,179.29,180.14,178.31,178.50,391700,178.50
20140623,179.70,179.73,179.27,179.56,737700,179.56
20140620,180.51,180.57,180.25,180.45,830300,179.64
20140619,180.04,180.21,179.51,180.09,746900,179.28
20140618,178.59,179.97,178.17,179.87,501900,179.06
20140617,177.83,178.68,177.63,178.54,2934400,177.74
20140616,177.69,178.41,177.50,178.07,756700,177.27
20140613,177.73,178.07,177.17,177.92,731200,177.12
20140612,178.42,178.52,176.98,177.36,891400,176.56
20140611,178.64,178.82,178.25,178.69,558100,177.89
20140610,179.03,179.30,178.66,179.27,959900,178.47
20140609,179.04,179.69,178.87,179.23,461800,178.43
20140606,178.62,179.09,178.52,179.05,586800,178.25
20140605,177.24,178.38,176.63,178.20,853600,177.40
20140604,176.37,177.15,176.20,177.00,984900,176.21
20140603,176.35,176.79,176.22,176.68,1252900,175.89
20140602,176.83,176.85,175.94,176.79,1620200,176.00
20140530,176.16,176.69,175.98,176.55,874700,175.76
20140529,175.82,176.32,175.37,176.32,541000,175.53
20140528,175.52,175.79,175.09,175.32,990900,174.53
20140527,175.09,175.55,175.00,175.50,890000,174.71
20140523,173.91,174.54,173.82,174.47,613900,173.69
20140522,173.35,174.06,173.06,173.75,859000,172.97
20140521,172.36,173.37,172.31,173.28,991300,172.50
20140520,172.86,172.88,171.41,171.79,669400,171.02
20140519,171.98,173.10,171.81,172.93,926900,172.15
20140516,171.80,172.36,171.10,172.34,699600,171.57
20140515,172.90,172.93,170.87,171.67,3191100,170.90
20140514,173.91,173.97,173.00,173.23,1335700,172.45
20140513,174.09,174.49,173.89,174.07,994800,173.29
20140512,172.96,173.98,172.96,173.91,780100,173.13
20140509,171.98,172.29,171.20,172.28,955400,171.51
20140508,171.96,173.20,171.43,171.98,1390700,171.21
20140507,171.73,172.22,170.44,172.19,1160600,171.42
20140506,172.27,172.38,171.11,171.18,567700,170.41
20140505,171.49,172.72,171.02,172.68,792600,171.91
20140502,172.56,173.26,172.06,172.32,754800,171.55
20140501,172.50,173.03,172.03,172.60,623900,171.83
20140430,171.75,172.71,171.50,172.59,605300,171.82
20140429,171.79,172.29,171.43,172.05,1065900,171.28
20140428,171.39,171.96,169.49,171.23,647800,170.46
20140425,171.55,171.63,170.32,170.71,1357900,169.94
20140424,172.63,172.63,171.30,172.09,543900,171.32
20140423,172.09,172.16,171.65,171.71,724500,170.94
20140422,171.57,172.62,171.49,172.12,1053300,171.35
20140421,170.85,171.42,170.66,171.37,804400,170.60
20140417,170.35,171.24,170.03,170.74,925500,169.97
20140416,169.92,170.55,169.19,170.54,2410000,169.78
20140415,167.98,168.87,166.33,168.76,2160100,168.00
20140414,167.58,168.00,166.26,167.60,1456600,166.85
20140411,166.92,168.05,166.11,166.26,1762400,165.51
20140410,171.42,171.49,167.62,167.77,1286900,167.02
20140409,170.08,171.46,169.61,171.43,768800,170.66
20140408,168.79,169.88,168.22,169.60,2064000,168.84
20140407,170.36,170.65,168.57,168.90,1645000,168.14
20140404,173.77,173.82,170.53,170.74,2270800,169.97
20140403,173.33,173.37,172.32,172.82,718300,172.05
20140402,172.72,173.29,172.40,173.09,1972800,172.31
20140401,171.87,172.59,171.76,172.50,1247500,171.73
20140331,171.04,171.59,170.87,171.35,822000,170.58
20140328,169.63,170.79,169.50,169.90,548900,169.14
20140327,169.32,169.78,168.48,169.15,980700,168.39
20140326,171.39,171.64,169.45,169.49,1155600,168.73
20140325,170.78,171.25,169.78,170.75,1202100,169.98
20140324,171.19,171.39,169.16,169.92,2004900,169.16
20140321,172.81,173.19,171.24,171.42,825200,169.88
20140320,170.68,172.16,170.37,171.99,818200,170.44
20140319,172.03,172.23,169.99,171.02,1166300,169.48
20140318,171.07,172.18,170.93,171.96,779700,170.41
20140317,170.06,171.14,169.99,170.75,1695400,169.21
20140314,169.35,170.22,169.00,169.23,1323500,167.71
20140313,172.14,172.24,169.21,169.72,1659400,168.19
20140312,170.75,171.65,170.36,171.62,1065000,170.07
20140311,172.73,172.92,171.17,171.50,945700,169.96
20140310,172.24,172.48,171.47,172.45,885300,170.90
20140307,173.08,173.13,171.79,172.42,1205600,170.87
20140306,172.54,172.84,172.19,172.46,1037000,170.91
20140305,172.00,172.31,171.79,171.91,983100,170.36
20140304,171.17,172.23,171.13,171.88,1281500,170.33
20140303,169.19,169.89,168.38,169.46,2235900,167.93
20140228,170.22,171.47,169.57,170.63,853900,169.09
20140227,169.15,170.27,168.97,170.25,1034200,168.72
20140226,169.59,170.04,168.91,169.31,709000,167.78
20140225,169.58,170.03,168.84,169.31,1001000,167.78
20140224,168.87,170.57,168.78,169.37,978600,167.84
20140221,169.02,169.41,168.42,168.57,706200,167.05
20140220,167.93,169.07,167.33,168.65,1080000,167.13
20140219,168.42,169.48,167.57,167.70,1928100,166.19
20140218,168.74,169.04,168.27,168.86,1174300,167.34
20140214,167.56,168.91,167.37,168.61,917200,167.09
20140213,165.70,167.84,165.70,167.72,1336600,166.21
20140212,166.99,167.50,166.48,166.90,1855000,165.40
20140211,165.12,167.13,164.97,166.75,1497400,165.25
20140210,164.64,164.96,164.20,164.93,937400,163.44
20140207,163.37,164.78,162.85,164.67,1258200,163.19
20140206,160.91,162.59,160.88,162.57,1109600,161.11
20140205,160.10,160.82,159.18,160.42,1701400,158.98
20140204,160.29,161.08,159.73,160.69,1116700,159.24
20140203,163.02,163.41,159.26,159.61,2969400,158.17
20140131,162.15,164.25,162.10,163.18,1322100,161.71
20140130,163.89,164.72,163.33,164.20,2086700,162.72
20140129,162.75,163.57,162.07,162.38,1346400,160.92
20140128,163.24,164.25,163.18,164.09,1067400,162.61
20140127,164.07,164.45,162.29,163.08,2882100,161.61
20140124,166.37,166.42,163.87,163.88,1828900,162.40
20140123,168.01,168.01,166.59,167.48,1294000,165.97
20140122,169.06,169.08,168.49,168.84,751200,167.32
20140121,169.22,169.28,167.71,168.74,1366400,167.22
20140117,168.70,168.99,167.97,168.21,904300,166.69
20140116,168.82,169.00,168.42,168.94,778500,167.42
20140115,168.63,169.43,168.59,169.20,943100,167.68
20140114,167.03,168.36,166.71,168.25,866000,166.73
20140113,168.29,168.74,166.15,166.52,1338500,165.02
20140110,168.55,168.75,167.66,168.66,990200,167.14
20140109,168.67,168.68,167.49,168.27,1117200,166.75
20140108,168.07,168.40,167.55,168.17,3147500,166.66
20140107,167.73,168.37,167.63,168.10,824700,166.59
20140106,168.11,168.16,166.82,167.06,1339000,165.56
20140103,167.88,168.21,167.33,167.48,1710500,165.97
20140102,168.53,168.61,167.20,167.63,1731300,166.12
20131231,168.66,169.23,168.52,169.15,774400,167.63
20131230,168.46,168.56,168.20,168.37,1112800,166.85
20131227,168.72,168.76,168.27,168.44,929700,166.92
20131226,167.95,168.53,167.95,168.43,968100,166.91
20131224,167.23,167.67,167.22,167.65,585700,166.14
20131223,168.07,168.95,167.75,168.95,1480200,166.52
20131220,166.44,167.65,166.44,167.18,1303500,164.78
20131219,166.03,166.47,165.57,166.34,1242900,163.95
20131218,163.92,166.51,162.01,166.49,3112400,164.10
20131217,164.33,164.36,163.31,163.64,1479800,161.29
20131216,163.96,164.72,163.90,164.22,1838100,161.86
20131213,163.53,163.68,162.88,163.18,2151000,160.84
20131212,163.64,163.85,162.87,163.23,3453800,160.88
20131211,165.67,165.70,163.54,163.77,1079100,161.42
20131210,165.82,166.17,165.51,165.65,1747700,163.27
20131209,166.25,166.43,165.99,166.22,1586300,163.83
20131206,165.55,165.92,165.06,165.84,1208700,163.46
20131205,164.40,164.65,163.80,163.98,1168500,161.62
20131204,164.10,165.34,163.39,164.61,1374100,162.24
20131203,164.89,165.26,164.16,164.80,1076900,162.43
20131202,165.95,166.22,165.15,165.44,1409000,163.06
20131129,166.10,166.51,165.65,165.70,614400,163.32
20131127,165.70,166.04,165.51,165.94,826300,163.56
20131126,165.59,166.01,165.29,165.49,773300,163.11
20131125,165.93,165.97,165.26,165.57,810000,163.19
20131122,164.91,165.67,164.72,165.67,1405200,163.29
20131121,164.00,164.95,163.88,164.83,2121600,162.46
20131120,164.34,164.82,163.08,163.55,1468000,161.20
20131119,164.28,164.78,163.74,164.07,1156500,161.71
20131118,165.28,165.37,164.01,164.39,1319800,162.03
20131115,164.50,165.00,164.32,165.00,710300,162.63
20131114,163.61,164.38,163.32,164.29,1720600,161.93
20131113,161.33,163.44,161.33,163.38,1336300,161.03
20131112,162.09,162.47,161.58,162.13,929600,159.80
20131111,162.28,162.62,162.09,162.42,1109900,160.09
20131108,160.22,162.45,160.18,162.45,1629500,160.12
20131107,162.65,162.74,160.10,160.25,1242100,157.95
20131106,162.21,162.59,161.73,162.33,1510400,160.00
20131105,161.34,161.91,160.84,161.58,1147000,159.26
20131104,161.91,162.07,161.38,162.07,2940900,159.74
20131101,161.28,161.78,160.53,161.34,1341300,159.02
20131031,161.40,162.04,160.80,160.88,1437500,158.57
20131030,162.53,162.62,160.93,161.48,3362100,159.16
20131029,161.79,162.39,161.59,162.39,844500,160.06
20131028,161.15,161.67,160.96,161.40,1155000,159.08
20131025,160.80,161.20,160.48,161.20,1019700,158.88
20131024,160.22,160.64,159.86,160.46,795600,158.15
20131023,80.08,80.10,79.69,79.97,948200,157.64
20131022,80.13,80.57,80.01,80.34,1364900,158.37
20131021,79.92,80.03,79.71,79.91,1009100,157.52
20131018,79.62,79.93,79.48,79.87,1671900,157.44
20131017,78.50,79.38,78.49,79.34,2548900,156.40
20131016,78.18,78.85,78.15,78.80,3102800,155.34
20131015,78.09,78.38,77.63,77.74,1655700,153.25
20131014,77.51,78.35,77.44,78.32,1408400,154.39
20131011,77.37,78.01,77.31,77.98,1235900,153.72
20131010,76.60,77.52,76.60,77.52,1441200,152.81
20131009,75.95,76.12,75.36,75.81,1340100,149.44
20131008,76.67,76.76,75.74,75.81,2071600,149.44
20131007,76.68,77.15,76.61,76.70,690800,151.20
20131004,76.84,77.43,76.74,77.36,538400,152.50
20131003,77.30,77.36,76.42,76.80,1447700,151.39
20131002,77.09,77.50,76.87,77.49,1253600,152.75
20131001,77.02,77.63,76.96,77.59,1110400,152.95
20130930,76.70,77.19,76.55,77.00,1521800,151.79
20130927,77.35,77.47,77.17,77.43,1405900,152.63
20130926,77.56,77.93,77.43,77.76,622200,153.29
20130925,77.70,77.83,77.36,77.45,789000,152.67
20130924,77.82,78.11,77.51,77.70,1632400,153.17
20130923,78.08,78.15,77.58,77.87,1400700,153.50
20130920,79.33,79.33,78.53,78.55,611400,154.07
20130919,79.48,79.52,79.06,79.17,2964000,155.28
20130918,78.34,79.48,78.14,79.30,990900,155.54
20130917,78.08,78.36,78.08,78.36,2351400,153.70
20130916,78.41,78.44,77.89,78.04,693900,153.07
20130913,77.46,77.63,77.30,77.57,540000,152.15
20130912,77.58,77.67,77.28,77.41,855500,151.83
20130911,77.25,77.60,77.11,77.60,807600,152.20
20130910,77.24,77.36,77.08,77.36,1038600,151.73
20130909,76.25,76.81,76.25,76.78,1185400,150.60
20130906,76.27,76.47,75.33,76.03,1109200,149.13
20130905,75.95,76.20,75.90,75.90,692800,148.87
20130904,75.31,76.03,75.18,75.92,700200,148.91
20130903,75.66,75.82,74.97,75.29,1569400,147.67
20130830,75.32,75.32,74.73,74.85,870300,146.81
20130829,74.89,75.57,74.85,75.18,923100,147.46
20130828,74.77,75.32,74.67,75.06,665900,147.22
20130827,75.29,75.56,74.75,74.81,803600,146.73
20130826,76.40,76.63,75.98,76.06,704000,149.18
20130823,76.29,76.40,75.93,76.30,424400,149.65
20130822,75.52,76.16,75.52,76.05,635800,149.16
20130821,75.63,76.03,75.20,75.39,498400,147.87
20130820,75.60,76.11,75.51,75.78,933300,148.63
20130819,75.85,76.11,75.47,75.48,825000,148.05
20130816,76.06,76.31,75.79,75.96,615000,148.99
20130815,76.66,76.66,76.08,76.18,750700,149.42
20130814,77.66,77.77,77.27,77.31,496300,151.64
20130813,77.58,77.81,77.14,77.75,2052800,152.50
20130812,77.17,77.55,77.14,77.45,330500,151.91
20130809,77.68,77.91,77.30,77.55,618400,152.11
20130808,77.86,77.93,77.36,77.77,499000,152.54
20130807,77.50,77.60,77.22,77.50,431100,152.01
20130806,78.06,78.10,77.58,77.77,413600,152.54
20130805,78.17,78.31,78.04,78.24,317900,153.46
20130802,78.01,78.30,77.89,78.29,558600,153.56
20130801,77.84,78.23,77.82,78.17,491800,153.32
20130731,77.38,77.79,77.17,77.23,623500,151.48
20130730,77.48,77.54,77.05,77.21,446900,151.44
20130729,77.26,77.43,76.99,77.20,927100,151.42
20130726,77.04,77.48,76.73,77.43,876800,151.87
20130725,77.03,77.43,76.93,77.33,314200,151.68
20130724,77.79,77.80,77.04,77.19,790000,151.40
20130723,77.79,77.81,77.43,77.48,1034800,151.97
20130722,77.60,77.75,77.42,77.64,420100,152.28
20130719,77.20,77.50,77.09,77.50,367600,152.01
20130718,77.09,77.53,77.07,77.36,432700,151.73
20130717,77.02,77.14,76.83,76.92,702400,150.87
20130716,77.06,77.10,76.52,76.73,698900,150.50
20130715,76.92,77.11,76.81,77.02,643900,151.07
20130712,76.70,76.89,76.56,76.74,971400,150.52
20130711,76.54,76.77,76.29,76.72,1298300,150.48
20130710,75.59,75.91,75.41,75.65,771500,148.38
20130709,75.55,75.73,75.24,75.63,792000,148.34
20130708,75.06,75.29,74.92,75.06,836500,147.22
20130705,74.44,74.70,73.89,74.67,626400,146.46
20130703,73.53,74.08,73.38,73.85,513200,144.85
20130702,73.78,74.33,73.50,73.78,1208700,144.71
20130701,73.87,74.40,73.77,73.89,1394400,144.93
20130628,73.58,73.93,73.23,73.34,1026400,143.85
20130627,73.79,74.12,73.73,73.80,756100,144.75
20130626,73.22,73.50,72.94,73.31,1710800,143.79
20130625,72.59,72.88,72.11,72.63,1520700,142.46
20130624,72.10,72.56,71.33,71.91,1863700,141.04
20130621,73.48,73.55,72.49,73.20,1565400,142.85
20130620,74.11,74.22,72.78,72.97,1686200,142.40
20130619,75.84,75.97,74.83,74.87,990900,146.11
20130618,75.35,76.00,75.35,75.88,1033300,148.08
20130617,75.24,75.64,74.89,75.30,1048100,146.95
20130614,75.09,75.39,74.58,74.70,1172600,145.78
20130613,74.01,75.30,73.86,75.16,1280100,146.68
20130612,75.21,75.26,74.00,74.09,1058300,144.59
20130611,74.76,75.34,74.49,74.67,1502800,145.72
20130610,75.73,75.73,75.27,75.44,1841200,147.22
20130607,75.04,75.53,74.71,75.47,1464600,147.28
20130606,73.83,74.49,73.38,74.43,1172500,145.25
20130605,74.69,74.82,73.79,73.85,1122300,144.12
20130604,75.29,75.61,74.52,75.00,1190600,146.36
20130603,75.03,75.30,74.48,75.23,1002200,146.81
20130531,75.74,76.14,74.75,74.84,814800,146.05
20130530,75.71,76.29,75.68,75.95,444800,148.22
20130529,75.75,75.92,75.26,75.62,881200,147.57
20130528,76.57,76.84,75.94,76.20,566800,148.71
20130524,75.30,75.70,75.10,75.66,684800,147.65
20130523,75.17,75.96,75.07,75.76,1134700,147.85
20130522,76.66,77.43,75.65,76.03,978000,148.37
20130521,76.53,76.84,76.26,76.54,481200,149.37
20130520,76.38,76.75,76.31,76.44,665400,149.17
20130517,76.01,76.49,75.91,76.44,660700,149.17
20130516,75.93,76.17,75.61,75.72,676600,147.77
20130515,75.55,76.22,75.52,76.07,707000,148.45
20130514,74.97,75.71,74.95,75.64,363000,147.61
20130513,74.74,75.00,74.56,74.85,1208600,146.07
20130510,74.67,74.87,74.44,74.86,671100,146.09
20130509,74.77,74.96,74.41,74.60,397500,145.58
20130508,74.39,74.82,74.34,74.82,294900,146.01
20130507,74.24,74.48,74.03,74.43,391900,145.25
20130506,73.95,74.19,73.91,74.05,699700,144.51
20130503,73.79,74.12,73.75,73.82,475800,144.06
20130502,72.68,73.20,72.60,73.13,404700,142.71
20130501,72.96,72.98,72.39,72.48,462400,141.45
20130430,72.93,73.14,72.63,73.14,486300,142.73
20130429,72.65,73.09,72.54,72.91,519000,142.28
20130426,72.48,72.61,72.22,72.44,259700,141.37
20130425,72.49,72.92,72.39,72.60,300400,141.68
20130424,72.26,72.48,72.13,72.28,1775700,141.06
20130423,71.85,72.30,71.50,72.26,875000,141.02
20130422,71.32,71.65,70.85,71.50,527900,139.53
20130419,70.71,71.21,70.56,71.18,731400,138.91
20130418,71.14,71.14,70.29,70.43,3966900,137.45
20130417,71.57,71.57,70.64,71.01,767800,138.58
20130416,71.58,72.09,71.38,72.07,673400,140.65
20130415,72.34,72.39,71.02,71.07,671800,138.69
20130412,72.66,72.82,72.31,72.73,1241200,141.93
20130411,72.66,73.11,72.59,72.89,450400,142.25
20130410,71.97,72.72,71.95,72.65,1110200,141.78
20130409,71.66,72.03,71.44,71.77,369000,140.06
20130408,71.10,71.52,70.85,71.51,315900,139.55
20130405,70.50,71.13,70.40,71.07,642100,138.69
20130404,71.15,71.49,71.02,71.35,975000,139.24
20130403,71.86,71.90,70.89,71.07,771900,138.69
20130402,71.69,71.96,71.60,71.79,799300,140.10
20130401,71.70,72.10,71.27,71.44,618100,139.42
20130328,71.48,71.81,71.38,71.64,366400,139.81
20130327,71.10,71.53,70.95,71.48,392900,139.49
20130326,71.26,71.53,71.17,71.52,1374500,139.57
20130325,71.43,71.55,70.66,70.99,615400,138.54
20130322,70.89,71.20,70.84,71.19,437000,138.93
20130321,71.16,71.42,70.88,71.01,312100,137.92
20130320,71.51,71.71,71.42,71.59,1279900,139.05
20130319,71.43,71.51,70.65,71.10,603900,138.10
20130318,71.00,71.59,70.93,71.27,819500,138.43
20130315,71.70,71.79,71.45,71.66,767800,139.19
20130314,71.59,71.81,71.55,71.76,670500,139.38
20130313,71.33,71.49,71.10,71.38,456800,138.64
20130312,71.41,71.48,71.07,71.28,489800,138.45
20130311,71.14,71.46,71.04,71.44,360000,138.76
20130308,71.18,71.27,70.84,71.18,714300,138.25
20130307,70.87,70.97,70.78,70.90,454300,137.71
20130306,70.92,70.93,70.61,70.77,1884400,137.46
20130305,70.38,70.84,70.37,70.64,532500,137.20
20130304,69.50,70.04,69.39,70.04,536500,136.04
20130301,69.16,69.75,68.87,69.65,1540500,135.28
20130228,69.55,69.99,69.31,69.47,2426700,134.93
20130227,68.63,69.75,68.58,69.55,783400,135.09
20130226,68.55,68.77,68.11,68.69,1571400,133.42
20130225,69.91,69.99,68.23,68.23,1063400,132.52
20130222,69.22,69.54,69.04,69.54,1352300,135.07
20130221,69.10,69.11,68.66,68.94,1410300,133.90
20130220,70.12,70.14,69.27,69.27,1033200,134.54
20130219,69.77,70.18,69.76,70.14,363800,136.23
20130215,69.81,69.86,69.39,69.66,331300,135.30
20130214,69.47,69.82,69.38,69.75,272800,135.48
20130213,69.76,69.87,69.48,69.65,1064700,135.28
20130212,69.51,69.74,69.43,69.59,409500,135.17
20130211,69.50,69.55,69.34,69.48,288100,134.95
20130208,69.26,69.54,69.26,69.51,441000,135.01
20130207,69.24,69.28,68.63,69.13,480000,134.27
20130206,68.93,69.26,68.89,69.22,415600,134.45
20130205,68.86,69.36,68.82,69.16,416600,134.33
20130204,68.84,68.94,68.43,68.46,541400,132.97
20130201,68.99,69.33,68.88,69.22,2253300,134.45
20130131,68.65,68.85,68.50,68.56,443900,133.16
20130130,68.99,69.10,68.66,68.72,754700,133.48
20130129,68.59,69.07,68.55,68.99,680700,134.00
20130128,68.82,68.82,68.48,68.71,1188600,133.46
20130125,68.65,68.79,68.45,68.79,613600,133.61
20130124,68.28,68.73,68.23,68.41,1635500,132.87
20130123,68.30,68.45,68.17,68.37,812900,132.80
20130122,67.93,68.27,67.76,68.27,1458000,132.60
20130118,67.76,67.98,67.51,67.94,2081300,131.96
20130117,67.63,67.95,67.50,67.75,605700,131.59
20130116,67.19,67.43,67.13,67.33,399400,130.78
20130115,66.98,67.40,66.94,67.33,532300,130.78
20130114,67.28,67.34,67.05,67.30,475600,130.72
20130111,67.35,67.36,67.13,67.36,562500,130.83
20130110,67.21,67.36,66.84,67.33,508000,130.78
20130109,66.79,66.99,66.71,66.84,1214600,129.82
20130108,66.72,66.80,66.38,66.64,476100,129.44
20130107,66.77,66.89,66.57,66.84,598200,129.82
20130104,66.81,67.11,66.68,67.02,574300,130.17
20130103,66.82,66.99,66.52,66.74,1146100,129.63
20130102,66.47,66.85,66.28,66.80,2166600,129.75
20121231,63.96,65.27,63.90,65.19,1265000,126.62
20121228,64.43,64.75,64.07,64.09,543100,124.48
20121227,64.91,65.04,64.08,64.81,716400,125.88
20121226,65.30,65.34,64.73,64.87,389600,126.00
20121224,65.27,65.27,65.11,65.18,257900,126.60
20121221,65.55,65.97,65.48,65.84,747700,126.97
20121220,66.11,66.47,65.94,66.46,1862200,128.16
20121219,66.66,66.66,66.05,66.05,1522200,127.37
20121218,65.94,66.63,65.85,66.54,802500,128.32
20121217,65.22,65.87,65.22,65.87,457200,127.03
20121214,65.16,65.28,64.96,65.09,316000,125.52
20121213,65.69,65.85,65.14,65.30,354800,125.93
20121212,65.95,66.18,65.64,65.70,353600,126.70
20121211,65.51,65.97,65.48,65.65,586900,126.60
20121210,65.12,65.38,65.09,65.23,231700,125.79
20121207,65.27,65.33,64.87,65.19,295300,125.72
20121206,64.73,65.03,64.65,64.99,119900,125.33
20121205,64.73,65.06,64.28,64.79,256900,124.94
20121204,64.77,64.94,64.48,64.65,243700,124.67
20121203,65.37,65.41,64.70,64.77,406900,124.91
20121130,65.08,65.19,64.86,65.00,387400,125.35
20121129,65.03,65.26,64.74,65.06,293200,125.46
20121128,63.99,64.79,63.64,64.77,253300,124.91
20121127,64.51,64.72,64.20,64.29,294900,123.98
20121126,64.40,64.60,64.18,64.60,396800,124.58
20121123,64.16,64.72,64.11,64.68,182700,124.73
20121121,63.77,63.89,63.65,63.87,143800,123.17
20121120,63.59,63.81,63.21,63.73,368700,122.90
20121119,63.13,63.68,63.10,63.66,334200,122.76
20121116,62.22,62.54,61.69,62.39,403400,120.32
20121115,62.25,62.47,61.88,62.07,615400,119.70
20121114,63.28,63.35,62.08,62.31,340000,120.16
20121113,62.96,63.73,62.88,63.08,438700,121.65
20121112,63.44,63.53,63.17,63.31,179700,122.09
20121109,63.00,63.83,62.96,63.22,1032700,121.92
20121108,63.95,64.27,63.15,63.15,819200,121.78
20121107,64.86,64.86,63.66,64.00,1039800,123.42
20121106,65.12,65.68,65.07,65.43,275100,126.18
20121105,64.70,65.07,64.53,64.95,371200,125.25
20121102,65.79,65.79,64.75,64.80,902700,124.96
20121101,64.86,65.45,64.81,65.39,317600,126.10
20121031,64.97,65.01,64.40,64.63,586700,124.64
20121026,64.67,64.92,64.27,64.69,307100,124.75
20121025,65.04,65.12,64.36,64.74,485500,124.85
20121024,64.95,65.05,64.46,64.56,365600,124.50
20121023,64.96,65.02,64.48,64.70,519000,124.77
20121022,65.54,65.75,65.13,65.66,503500,126.62
20121019,66.62,66.62,65.49,65.62,353600,126.54
20121018,66.75,67.07,66.53,66.76,211900,128.74
20121017,66.67,66.98,66.60,66.93,163500,129.07
20121016,66.25,66.67,66.23,66.62,839200,128.47
20121015,65.56,66.01,65.36,65.95,361300,127.18
20121012,65.65,65.88,65.27,65.40,503100,126.12
20121011,66.04,66.14,65.63,65.63,436200,126.56
20121010,65.98,66.04,65.51,65.59,291900,126.49
20121009,66.62,66.65,65.99,66.04,360000,127.35
20121008,66.66,66.77,66.55,66.69,139700,128.61
20121005,67.24,67.36,66.70,66.89,251200,128.99
20121004,66.67,66.96,66.59,66.91,226600,129.03
20121003,66.33,66.57,65.99,66.40,149100,128.05
20121002,66.35,66.44,65.85,66.13,272900,127.53
20121001,66.15,66.67,65.93,66.04,493500,127.35
20120928,65.97,66.17,65.70,65.92,263900,127.12
20120927,65.88,66.37,65.71,66.22,586800,127.70
20120926,65.95,65.96,65.43,65.58,175500,126.47
20120925,66.83,66.94,65.96,66.00,287900,127.28
20120924,66.45,66.82,66.40,66.68,489800,128.59
20120921,67.48,67.48,67.10,67.11,1295000,128.76
20120920,66.84,67.18,66.65,67.15,448500,128.83
20120919,67.19,67.35,67.02,67.16,397500,128.85
20120918,67.07,67.18,66.94,67.11,216900,128.76
20120917,67.25,67.35,66.99,67.18,338400,128.89
20120914,67.22,67.79,67.18,67.38,855800,129.27
20120913,66.08,67.29,65.98,67.10,335000,128.74
20120912,66.10,66.14,65.87,66.05,290700,126.72
20120911,65.73,66.06,65.69,65.84,348400,126.32
20120910,65.99,66.10,65.64,65.66,187400,125.97
20120907,65.90,66.05,65.84,66.05,513200,126.72
20120906,64.87,65.78,64.87,65.78,261200,126.20
20120905,64.58,64.73,64.36,64.44,417000,123.63
20120904,64.57,64.71,64.12,64.44,347800,123.63
20120831,64.65,64.88,64.24,64.61,805400,123.96
20120830,64.46,64.47,64.15,64.27,148900,123.31
20120829,64.75,64.92,64.57,64.76,176900,124.25
20120828,64.61,64.90,64.50,64.70,193400,124.13
20120827,64.93,65.00,64.68,64.76,221600,124.25
20120824,64.23,64.89,64.17,64.76,410900,124.25
20120823,64.75,64.75,64.25,64.36,159900,123.48
20120822,64.69,64.97,64.55,64.87,350000,124.46
20120821,65.22,65.47,64.73,64.86,304100,124.44
20120820,64.99,65.07,64.79,65.06,288100,124.82
20120817,65.07,65.11,64.90,65.08,355300,124.86
20120816,64.57,65.05,64.43,64.93,632400,124.57
20120815,64.38,64.59,64.34,64.49,213000,123.73
20120814,64.64,64.67,64.23,64.42,456900,123.60
20120813,64.33,64.43,64.07,64.39,329900,123.54
20120810,64.10,64.47,63.97,64.44,336400,123.63
20120809,64.21,64.46,64.13,64.34,360600,123.44
20120808,63.98,64.35,63.98,64.27,322000,123.31
20120807,64.15,64.47,64.13,64.20,380200,123.17
20120806,63.94,64.13,63.86,63.91,547200,122.62
20120803,63.42,63.87,63.37,63.74,239800,122.29
20120802,62.50,62.93,62.04,62.52,478100,119.95
20120801,63.44,63.46,62.86,62.96,526400,120.79
20120731,63.36,63.53,63.03,63.03,681600,120.93
20120730,63.38,63.73,63.25,63.44,348300,121.72
20120727,62.63,63.62,62.52,63.47,901900,121.77
20120726,62.19,62.41,61.88,62.27,412400,119.47
20120725,61.41,61.55,60.96,61.27,509100,117.55
20120724,61.85,61.85,60.86,61.31,533700,117.63
20120723,61.51,61.97,61.24,61.80,451400,118.57
20120720,62.65,62.74,62.37,62.42,606900,119.76
20120719,62.99,63.20,62.78,63.00,516500,120.87
20120718,62.24,62.96,62.20,62.84,242900,120.56
20120717,62.20,62.50,61.56,62.39,293400,119.70
20120716,61.95,62.13,61.73,61.95,164400,118.86
20120713,61.24,62.15,61.24,62.09,480600,119.12
20120712,61.02,61.34,60.66,61.05,432700,117.13
20120711,61.39,61.55,61.03,61.37,199700,117.74
20120710,62.23,62.30,61.16,61.36,322300,117.72
20120709,61.97,62.01,61.63,61.93,177800,118.82
20120706,61.99,62.10,61.68,62.01,478300,118.97
20120705,62.67,62.85,62.36,62.59,308900,120.08
20120703,62.45,62.90,62.38,62.86,161000,120.60
20120702,62.45,62.51,62.02,62.45,258700,119.82
20120629,61.86,62.31,61.69,62.28,305000,119.49
20120628,60.52,60.82,60.07,60.77,171700,116.59
20120627,60.58,61.03,60.55,60.91,301100,116.86
20120626,60.24,60.55,59.91,60.37,352700,115.82
20120625,60.42,60.43,59.86,60.08,283200,115.27
20120622,61.24,61.48,61.00,61.37,285800,117.13
20120621,62.39,62.41,60.86,60.93,155400,116.29
20120620,62.42,62.59,61.85,62.30,235700,118.90
20120619,62.10,62.65,62.07,62.40,175200,119.10
20120618,61.44,61.95,61.29,61.77,482500,117.89
20120615,61.31,61.72,61.21,61.64,229200,117.64
20120614,60.54,61.30,60.42,61.10,2181300,116.61
20120613,60.62,60.97,60.21,60.43,144900,115.34
20120612,60.29,60.83,60.00,60.83,168300,116.10
20120611,61.40,61.42,60.06,60.13,304600,114.76
20120608,60.30,60.90,60.05,60.87,219500,116.18
20120607,61.06,61.08,60.29,60.37,201000,115.22
20120606,59.46,60.39,59.43,60.38,254600,115.24
20120605,58.48,59.11,58.45,58.97,252300,112.55
20120604,58.72,58.88,58.17,58.63,213600,111.90
20120601,59.17,59.38,58.62,58.65,641800,111.94
20120531,60.27,60.57,59.63,60.12,424100,114.74
20120530,60.65,60.67,60.15,60.27,809500,115.03
20120529,60.94,61.27,60.73,61.15,306600,116.71
20120525,60.61,60.75,60.31,60.46,336400,115.39
20120524,60.69,60.75,60.12,60.60,112000,115.66
20120523,60.05,60.57,59.46,60.49,176000,115.45
20120522,60.54,60.94,60.09,60.49,654400,115.45
20120521,59.52,60.39,59.45,60.36,271500,115.20
20120518,60.08,60.20,59.28,59.36,760300,113.29
20120517,60.79,60.84,59.83,59.83,288700,114.19
20120516,61.26,61.51,60.75,60.75,331300,115.95
20120515,61.29,61.66,60.91,61.01,1532500,116.44
20120514,61.43,61.77,61.27,61.35,953200,117.09
20120511,61.85,62.60,61.82,62.01,365300,118.35
20120510,62.57,62.59,62.12,62.21,130100,118.73
20120509,61.80,62.49,61.52,62.10,373700,118.52
20120508,62.35,62.56,61.74,62.45,403000,119.19
20120507,62.45,62.93,62.43,62.72,990300,119.71
20120504,63.38,63.42,62.65,62.67,365200,119.61
20120503,64.23,64.25,63.60,63.71,177000,121.60
20120502,64.03,64.26,63.81,64.18,154200,122.49
20120501,63.98,64.80,63.90,64.38,527400,122.87
20120430,64.11,64.13,63.82,63.96,247600,122.07
20120427,64.33,64.41,63.97,64.24,185000,122.61
20120426,63.56,64.19,63.50,64.11,157100,122.36
20120425,63.42,63.69,63.38,63.67,171700,121.52
20120424,62.62,62.96,62.60,62.79,469300,119.84
20120423,62.47,62.63,62.20,62.56,324900,119.40
20120420,63.29,63.49,63.08,63.10,112100,120.43
20120419,63.43,63.65,62.72,63.00,831200,120.24
20120418,63.36,63.62,63.30,63.41,420700,121.02
20120417,63.08,63.76,63.04,63.63,497400,121.44
20120416,63.08,63.15,62.47,62.67,826800,119.61
20120413,63.35,63.35,62.68,62.74,2416800,119.74
20120412,62.71,63.53,62.70,63.50,105500,121.19
20120411,62.83,62.91,62.57,62.64,172800,119.55
20120410,63.11,63.28,62.11,62.13,392600,118.58
20120409,63.15,63.49,63.07,63.23,474800,120.68
20120405,63.76,64.14,63.70,63.94,722300,122.03
20120404,64.13,64.19,63.77,63.96,383000,122.07
20120403,64.77,64.91,64.25,64.64,333800,123.37
20120402,64.37,65.06,64.24,64.89,374700,123.85
20120330,64.46,64.52,64.12,64.37,270700,122.86
20120329,63.89,64.23,63.63,64.16,2612000,122.45
20120328,64.56,64.64,63.90,64.27,201300,122.66
20120327,64.85,64.89,64.55,64.58,573500,123.26
20120326,64.34,64.76,64.33,64.76,203000,123.60
20120323,64.03,64.22,63.66,64.18,111900,121.95
20120322,63.95,64.12,63.77,63.93,633200,121.47
20120321,64.55,64.62,64.30,64.43,162100,122.42
20120320,64.36,64.60,64.18,64.53,1310800,122.61
20120319,64.44,64.92,64.38,64.71,143500,122.96
20120316,64.51,64.55,64.35,64.44,272200,122.44
20120315,64.11,64.40,63.94,64.35,501600,122.27
20120314,64.10,64.23,63.82,64.02,709900,121.64
20120313,63.29,64.09,63.18,64.07,192100,121.74
20120312,62.93,63.01,62.71,62.94,174700,119.59
20120309,62.81,63.07,62.74,62.91,152900,119.54
20120308,62.46,62.80,62.32,62.67,253600,119.08
20120307,61.79,62.16,61.73,62.07,170300,117.94
20120306,61.90,61.93,61.45,61.58,411100,117.01
20120305,62.71,62.74,62.33,62.56,667900,118.87
20120302,62.98,63.03,62.68,62.83,142800,119.38
20120301,62.82,63.11,62.60,63.00,193400,119.71
20120229,63.02,63.20,62.56,62.59,229600,118.93
20120228,62.77,62.95,62.64,62.93,141900,119.57
20120227,62.22,62.90,62.11,62.71,267800,119.16
20120224,62.64,62.75,62.50,62.60,162900,118.95
20120223,62.19,62.54,61.98,62.51,328000,118.78
20120222,62.30,62.44,62.12,62.21,190900,118.21
20120221,62.55,62.68,62.23,62.42,758200,118.60
20120217,62.45,62.46,62.16,62.38,604200,118.53
20120216,61.56,62.27,61.46,62.23,438500,118.24
20120215,62.05,62.12,61.44,61.56,188100,116.97
20120214,61.75,61.86,61.43,61.83,203400,117.48
20120213,61.89,61.99,61.65,61.92,230400,117.65
20120210,61.34,61.50,61.22,61.45,123500,116.76
20120209,61.95,62.01,61.57,61.87,259000,117.56
20120208,61.70,61.85,61.44,61.80,259700,117.43
20120207,61.38,61.76,61.14,61.67,164200,117.18
20120206,61.29,61.51,61.20,61.48,150200,116.82
20120203,61.30,61.57,61.19,61.57,223100,116.99
20120202,60.72,60.83,60.48,60.71,143000,115.36
20120201,60.50,60.87,60.43,60.59,99000,115.13
20120131,60.40,60.46,59.80,60.02,157400,114.04
20120130,59.70,60.10,59.49,60.05,329600,114.10
20120127,60.02,60.39,60.00,60.25,104100,114.48
20120126,60.93,61.00,60.08,60.33,137600,114.63
20120125,60.04,60.77,59.82,60.64,254000,115.22
20120124,59.84,60.15,59.74,60.11,203100,114.22
20120123,60.14,60.49,59.93,60.20,130900,114.39
20120120,60.04,60.17,59.89,60.14,345200,114.27
20120119,60.00,60.17,59.86,60.14,224500,114.27
20120118,59.16,59.82,59.05,59.82,172100,113.66
20120117,59.49,59.59,59.03,59.16,324200,112.41
20120113,58.85,59.00,58.41,59.00,147200,112.11
20120112,59.26,59.32,58.79,59.25,202200,112.58
20120111,58.89,59.17,58.78,59.12,203800,112.33
20120110,59.18,59.27,58.99,59.06,261200,112.22
20120109,58.57,58.62,58.27,58.56,177000,111.27
20120106,58.65,58.65,58.24,58.47,166900,111.10
20120105,58.14,58.65,57.84,58.59,253500,111.33
20120104,58.22,58.46,57.98,58.40,448400,110.97
20120103,58.45,58.73,58.30,58.30,163200,110.78
20111230,57.66,57.78,57.45,57.45,254300,109.16
20111229,57.31,59.08,57.26,57.67,259100,109.58
20111228,57.86,57.86,57.05,57.15,180300,108.59
20111227,57.69,59.00,57.68,57.86,388600,109.94
20111223,57.48,57.84,57.38,57.80,256400,109.83
20111222,57.35,57.69,57.25,57.69,1439800,108.97
20111221,56.95,57.19,56.51,57.15,182600,107.95
20111220,56.17,57.08,56.17,56.98,143800,107.62
20111219,56.14,56.25,55.22,55.33,454100,104.51
20111216,56.26,56.55,55.82,55.90,1480000,105.58
20111215,56.26,56.31,55.78,55.86,82500,105.51
20111214,56.05,56.25,55.55,55.65,945100,105.11
20111213,57.11,57.38,56.00,56.28,162800,106.30
20111212,57.14,57.14,56.33,56.82,127200,107.32
20111209,56.94,57.77,56.90,57.65,882200,108.89
20111208,57.51,57.63,56.54,56.69,93400,107.08
20111207,57.55,58.16,57.18,57.94,86600,109.44
20111206,57.69,58.10,57.51,57.75,67600,109.08
20111205,58.00,58.14,57.36,57.70,194500,108.98
20111202,57.70,57.84,57.07,57.08,127300,107.81
20111201,57.07,57.42,56.91,57.11,107300,107.87
20111130,56.45,57.24,56.31,57.15,424400,107.95
20111129,54.88,55.25,54.70,54.90,134900,103.70
20111128,54.63,54.91,54.32,54.74,155500,103.39
20111125,53.20,53.79,53.15,53.15,75600,100.39
20111123,54.00,54.01,53.30,53.31,249100,100.69
20111122,54.60,54.90,54.19,54.46,263300,102.86
20111121,54.95,55.03,54.24,54.75,236700,103.41
20111118,56.01,56.09,55.55,55.75,188100,105.30
20111117,56.63,56.77,55.46,55.83,989900,105.45
20111116,57.10,57.73,56.66,56.74,91900,107.17
20111115,57.26,57.96,57.06,57.67,402200,108.93
20111114,57.71,57.74,57.11,57.37,359500,108.36
20111111,57.52,58.05,57.51,57.93,132600,109.42
20111110,57.05,57.10,56.31,56.82,121800,107.32
20111109,57.12,57.36,56.20,56.31,246800,106.36
20111108,58.05,58.51,57.51,58.42,135700,110.34
20111107,57.32,57.76,56.82,57.73,79500,109.04
20111104,57.23,57.45,56.71,57.40,147400,108.42
20111103,57.32,57.84,56.52,57.73,173600,109.04
20111102,56.63,56.88,56.16,56.68,122600,107.06
20111101,55.77,56.45,55.58,55.80,307100,105.40
20111031,58.13,58.17,57.32,57.32,153400,108.27
20111028,58.52,58.89,58.44,58.83,693600,111.12
20111027,58.39,59.15,57.90,58.77,309200,111.01
20111026,56.88,57.03,55.90,56.81,1922200,107.30
20111025,57.09,57.09,56.12,56.27,102400,106.28
20111024,56.78,57.48,56.72,57.38,138500,108.38
20111021,56.25,56.71,56.12,56.66,87200,107.02
20111020,55.50,55.74,54.80,55.59,68200,105.00
20111019,55.92,56.24,55.20,55.34,107900,104.53
20111018,54.92,56.42,54.50,56.04,259100,105.85
20111017,55.74,55.80,54.82,54.94,309600,103.77
20111014,55.75,56.03,55.46,55.99,423400,105.75
20111013,54.85,55.22,54.45,55.08,364000,104.04
20111012,55.14,55.80,55.00,55.16,509100,104.19
20111011,54.38,54.86,54.30,54.66,663200,103.24
20111010,53.87,54.68,53.83,54.68,168200,103.28
20111007,53.58,53.58,52.59,52.89,627100,99.90
20111006,52.26,53.31,51.88,53.30,583800,100.67
20111005,51.44,52.41,51.00,52.29,281000,98.77
20111004,49.57,51.41,49.12,51.27,285600,96.84
20111003,51.41,52.04,50.17,50.17,333100,94.76
20110930,52.28,52.74,51.69,51.76,183300,97.76
20110929,53.53,53.73,52.08,53.02,119300,100.14
20110928,53.85,54.12,52.54,52.64,197300,99.43
20110927,54.22,54.64,53.43,53.71,617500,101.45
20110926,52.36,53.17,51.66,53.10,193800,100.30
20110923,51.30,52.16,51.23,51.84,329200,97.92
20110922,52.10,52.50,51.19,51.89,420500,97.46
20110921,55.30,55.43,53.57,53.57,139000,100.62
20110920,55.56,56.07,55.22,55.24,154500,103.75
20110919,54.93,55.55,54.59,55.33,82100,103.92
20110916,55.72,56.03,55.35,55.85,79000,104.90
20110915,55.17,55.55,54.71,55.52,128700,104.28
20110914,54.13,55.23,53.38,54.58,459000,102.52
20110913,53.55,54.03,53.19,53.82,193500,101.09
20110912,52.35,53.38,52.18,53.38,161300,100.26
20110909,53.83,53.97,52.72,53.00,174200,99.55
20110908,54.67,55.29,54.34,54.43,115600,102.23
20110907,54.36,55.02,54.15,55.01,199700,103.32
20110906,52.36,53.57,52.32,53.50,197900,100.49
20110902,54.16,54.42,53.70,53.87,150300,101.18
20110901,55.87,56.40,55.27,55.30,274900,103.87
20110831,55.99,56.45,55.46,55.84,214900,104.88
20110830,55.25,55.96,54.83,55.56,129900,104.36
20110829,54.67,55.48,54.62,55.46,159000,104.17
20110826,52.83,54.14,52.01,53.89,197500,101.22
20110825,54.36,54.59,52.81,53.19,294100,99.90
20110824,53.16,54.04,53.03,54.00,151000,101.43
20110823,51.76,53.29,51.50,53.27,301900,100.05
20110822,52.66,52.69,51.39,51.49,246400,96.71
20110819,51.68,52.91,51.42,51.45,1438400,96.64
20110818,53.29,53.35,51.87,52.45,524000,98.51
20110817,55.00,55.40,54.30,54.72,160500,102.78
20110816,54.61,55.18,54.12,54.66,263800,102.67
20110815,54.55,55.20,54.43,55.13,225900,103.55
20110812,54.24,54.50,53.66,54.02,307200,101.46
20110811,51.86,54.35,51.63,53.59,919300,100.66
20110810,52.73,53.15,51.24,51.34,403100,96.43
20110809,52.20,53.70,50.46,53.67,579800,100.81
20110808,53.01,54.12,51.27,51.37,790300,96.49
20110805,55.69,55.83,53.47,54.89,538400,103.10
20110804,56.94,56.98,54.92,55.01,504200,103.32
20110803,57.48,57.77,56.49,57.71,380500,108.39
20110802,58.48,58.75,57.39,57.42,258400,107.85
20110801,59.89,59.91,58.34,58.89,435900,110.61
20110729,58.98,59.68,58.72,59.10,194600,111.00
20110728,59.71,60.24,59.48,59.56,169100,111.87
20110727,60.60,60.62,59.65,59.73,470300,112.19
20110726,61.16,61.25,60.84,60.94,138800,114.46
20110725,60.94,61.50,60.90,61.20,183600,114.95
20110722,61.50,61.60,61.20,61.55,90200,115.61
20110721,61.00,61.62,60.89,61.50,234200,115.51
20110720,60.88,60.89,60.58,60.69,90700,113.99
20110719,60.07,60.74,60.04,60.69,233300,113.99
20110718,59.97,60.01,59.28,59.72,94000,112.17
20110715,60.23,60.29,59.82,60.23,40300,113.13
20110714,60.46,60.69,59.76,59.90,55900,112.51
20110713,60.41,60.91,60.16,60.29,129700,113.24
20110712,60.23,60.71,60.08,60.08,132400,112.85
20110711,60.72,60.92,60.22,60.35,92700,113.35
20110708,61.20,61.49,61.01,61.49,105600,115.49
20110707,61.79,62.05,61.69,61.91,195400,116.28
20110706,61.04,61.32,60.88,61.24,94800,115.02
20110705,61.20,61.30,61.00,61.15,91800,114.86
20110701,60.37,61.30,60.27,61.25,139500,115.04
20110630,59.97,60.42,59.91,60.34,124800,113.33
20110629,59.55,59.85,59.33,59.77,125300,112.26
20110628,58.74,59.26,58.68,59.24,59500,111.27
20110627,58.04,58.71,57.91,58.49,77800,109.86
20110624,58.66,58.68,57.90,58.00,114500,108.94
20110623,58.42,58.95,58.00,58.93,260700,110.15
20110622,59.33,59.63,59.10,59.13,106000,110.52
20110621,58.97,59.58,58.92,59.48,132400,111.18
20110620,58.17,58.78,58.16,58.68,53700,109.68
20110617,58.74,58.75,58.19,58.35,58800,109.07
20110616,58.10,58.45,57.77,58.19,66000,108.77
20110615,58.64,58.78,57.95,58.08,79700,108.56
20110614,58.91,59.33,58.91,59.11,75400,110.49
20110613,58.45,58.61,58.09,58.36,77900,109.08
20110610,58.92,58.93,58.20,58.32,106700,109.01
20110609,58.89,59.39,58.73,59.15,43300,110.56
20110608,58.85,59.04,58.63,58.70,87600,109.72
20110607,59.26,59.47,58.93,58.94,203700,110.17
20110606,59.53,59.59,58.97,59.02,113200,110.32
20110603,59.50,60.09,59.50,59.65,148400,111.50
20110602,60.35,60.46,59.91,60.23,211800,112.58
20110601,61.52,61.52,60.27,60.30,222000,112.71
20110531,61.65,61.68,61.21,61.67,172500,115.27
20110527,60.99,61.20,60.93,61.06,47600,114.13
20110526,60.39,60.90,60.27,60.79,60400,113.63
20110525,60.08,60.75,60.08,60.55,62300,113.18
20110524,60.58,60.68,60.26,60.35,89600,112.80
20110523,60.35,60.58,60.20,60.40,136200,112.90
20110520,61.43,61.50,61.00,61.13,95400,114.26
20110519,61.67,61.73,61.32,61.54,266600,115.03
20110518,60.95,61.49,60.84,61.46,70500,114.88
20110517,60.68,60.93,60.46,60.89,142400,113.81
20110516,61.10,61.51,60.81,60.90,113500,113.83
20110513,61.81,61.85,61.10,61.28,126400,114.54
20110512,61.34,61.87,61.01,61.82,113500,115.55
20110511,62.06,62.06,61.21,61.49,174400,114.94
20110510,61.83,62.24,61.76,62.15,175500,116.17
20110509,61.40,61.79,61.29,61.64,66000,115.22
20110506,61.74,62.00,61.14,61.39,138500,114.75
20110505,61.31,61.68,60.82,61.10,98900,114.21
20110504,62.05,62.05,61.39,61.64,107000,115.22
20110503,62.18,62.26,61.75,62.06,66500,116.00
20110502,62.72,62.72,62.16,62.26,131000,116.37
20110429,62.25,62.44,62.21,62.40,99000,116.64
20110428,61.95,62.30,61.93,62.22,66000,116.30
20110427,61.78,62.12,61.50,62.02,72800,115.93
20110426,61.31,61.75,61.26,61.62,85000,115.18
20110425,61.16,61.20,60.91,61.09,99000,114.19
20110421,61.19,61.19,60.97,61.15,197800,114.30
20110420,60.79,60.99,60.74,60.88,173200,113.80
20110419,59.81,60.07,59.66,60.07,78900,112.28
20110418,59.65,59.80,59.22,59.70,151600,111.59
20110415,60.25,60.52,60.11,60.36,79700,112.82
20110414,59.79,60.25,59.58,60.15,78400,112.43
20110413,60.42,60.45,59.90,60.14,185100,112.41
20110412,60.25,60.30,59.90,60.12,104800,112.37
20110411,60.84,61.01,60.46,60.56,139600,113.20
20110408,61.25,61.26,60.51,60.77,86800,113.59
20110407,61.03,61.25,60.68,61.00,107100,114.02
20110406,61.24,61.25,60.89,61.11,142900,114.22
20110405,60.78,61.16,60.78,60.93,204900,113.89
20110404,61.05,61.13,60.76,60.93,78800,113.89
20110401,61.06,61.17,60.75,60.90,70400,113.83
20110331,60.65,60.78,60.55,60.62,127500,113.31
20110330,60.62,60.87,60.56,60.70,105500,113.46
20110329,59.85,60.31,59.65,60.29,110900,112.69
20110328,60.19,60.32,59.88,59.90,166100,111.96
20110325,60.01,60.29,59.89,60.03,134300,112.21
20110324,59.91,60.19,59.60,60.12,110800,111.87
20110323,59.26,59.71,58.97,59.56,204100,110.83
20110322,59.59,59.65,59.35,59.37,137800,110.48
20110321,59.42,59.69,59.34,59.58,136100,110.87
20110318,59.20,59.20,58.57,58.69,127700,109.21
20110317,58.57,58.70,58.12,58.44,176200,108.75
20110316,58.63,58.78,57.32,57.72,339900,107.41
20110315,57.91,59.12,57.81,58.84,346800,109.49
20110314,59.48,59.63,59.03,59.50,146100,110.72
20110311,59.20,60.07,59.20,59.85,134300,111.37
20110310,59.94,59.94,59.38,59.45,267800,110.63
20110309,60.53,60.69,60.25,60.56,116400,112.69
20110308,60.21,60.81,59.98,60.63,106300,112.82
20110307,60.80,60.87,59.80,60.07,155200,111.78
20110304,61.03,61.03,60.20,60.60,168200,112.77
20110303,60.54,61.12,60.54,61.05,136400,113.60
20110302,59.81,60.28,59.75,60.02,176300,111.69
20110301,61.14,61.15,59.85,59.85,235300,111.37
20110228,60.77,60.97,60.58,60.89,208300,113.31
20110225,60.17,60.56,60.10,60.53,106300,112.64
20110224,59.83,60.08,59.33,59.88,241300,111.43
20110223,60.25,60.38,59.55,59.94,276000,111.54
20110222,60.84,61.19,60.12,60.28,288400,112.17
20110218,61.48,61.61,61.34,61.54,120800,114.52
20110217,61.03,61.48,60.98,61.44,158200,114.33
20110216,61.05,61.30,60.99,61.21,94300,113.90
20110215,60.86,60.93,60.69,60.82,82100,113.18
20110214,60.86,61.07,60.79,61.04,92200,113.59
20110211,60.30,60.96,60.28,60.89,149200,113.31
20110210,60.20,60.58,60.08,60.51,125200,112.60
20110209,60.49,60.64,60.23,60.49,139600,112.56
20110208,60.44,60.65,60.30,60.64,153500,112.84
20110207,60.15,60.56,60.13,60.36,118000,112.32
20110204,59.85,60.01,59.57,59.98,97000,111.61
20110203,59.60,59.90,59.25,59.82,72200,111.32
20110202,59.62,59.83,59.62,59.67,91000,111.04
20110201,59.24,59.89,59.19,59.77,147400,111.22
20110131,58.61,58.90,58.47,58.85,140500,109.51
20110128,59.54,59.61,58.34,58.40,891400,108.67
20110127,59.34,59.55,59.24,59.45,297200,110.63
20110126,59.22,59.47,59.12,59.37,109200,110.48
20110125,58.90,59.10,58.60,59.06,226500,109.90
20110124,58.70,59.10,58.69,59.08,455900,109.94
20110121,58.95,59.07,58.66,58.72,117900,109.27
20110120,58.54,58.69,58.16,58.59,103400,109.03
20110119,59.22,59.25,58.51,58.66,111900,109.16
20110118,59.13,59.29,59.02,59.25,194900,110.25
20110114,58.65,59.17,58.63,59.15,193400,110.07
20110113,58.84,58.87,58.58,58.73,96000,109.29
20110112,58.66,58.86,58.55,58.81,107300,109.44
20110111,58.33,58.42,58.06,58.29,131700,108.47
20110110,57.94,58.14,57.74,58.10,124500,108.11
20110107,58.35,58.43,57.74,58.15,82200,108.21
20110106,58.42,58.46,58.11,58.27,72400,108.43
20110105,57.93,58.40,57.86,58.37,717700,108.62
20110104,58.28,58.28,57.75,58.06,108300,108.04
20110103,57.97,58.33,57.95,58.11,119200,108.13
20101231,57.43,57.57,57.34,57.57,145700,107.13
20101230,57.56,57.63,57.44,57.51,78900,107.02
20101229,57.66,57.72,57.60,57.60,53600,107.18
20101228,57.61,57.61,57.40,57.55,56600,107.09
20101227,57.23,57.51,57.20,57.49,71800,106.98
20101223,57.72,57.76,57.58,57.71,57400,106.90
20101222,57.67,57.80,57.62,57.80,108200,107.07
20101221,57.43,57.65,57.39,57.59,76200,106.68
20101220,57.29,57.37,56.98,57.24,72600,106.03
20101217,57.00,57.17,56.91,57.12,59100,105.81
20101216,56.78,57.08,56.56,57.04,60600,105.66
20101215,56.87,57.10,56.62,56.71,43600,105.05
20101214,57.06,57.18,56.83,56.96,59600,105.51
20101213,57.16,57.22,56.91,56.93,77000,105.45
20101210,56.74,56.94,56.61,56.90,73900,105.40
20101209,56.67,56.67,56.33,56.56,54800,104.77
20101208,56.20,56.37,55.98,56.35,69000,104.38
20101207,56.67,56.69,56.10,56.12,109000,103.95
20101206,56.08,56.21,56.00,56.10,64100,103.92
20101203,55.83,56.23,55.82,56.17,184100,104.05
20101202,55.37,56.05,55.37,56.03,60600,103.79
20101201,54.96,55.37,54.94,55.31,33300,102.45
20101130,53.98,54.43,53.91,54.09,91900,100.19
20101129,54.18,54.58,53.83,54.47,46000,100.90
20101126,54.48,54.70,54.41,54.52,32600,100.99
20101124,54.47,54.89,54.47,54.83,30100,101.56
20101123,54.28,54.32,53.96,54.13,142400,100.27
20101122,54.71,54.90,54.29,54.90,25300,101.69
20101119,54.75,54.97,54.52,54.95,20200,101.79
20101118,54.54,54.96,54.54,54.82,26100,101.55
20101117,54.03,54.23,53.89,54.02,42400,100.06
20101116,54.51,54.51,53.74,53.98,32800,99.99
20101115,55.15,55.26,54.82,54.86,202700,101.62
20101112,55.20,55.43,54.69,54.91,39400,101.71
20101111,55.34,55.64,55.21,55.60,24000,102.99
20101110,55.58,55.80,55.16,55.78,28200,103.32
20101109,56.09,56.15,55.40,55.57,35700,102.94
20101108,55.94,56.04,55.75,56.01,43400,103.75
20101105,55.95,56.15,55.84,56.08,48300,103.88
20101104,55.45,55.90,55.37,55.86,49000,103.47
20101103,54.71,54.83,54.16,54.83,31800,101.56
20101102,54.61,54.71,54.43,54.60,26100,101.14
20101101,54.46,54.71,53.88,54.18,51500,100.36
20101029,54.05,54.21,54.00,54.15,13400,100.31
20101028,54.38,54.41,53.88,54.11,19200,100.23
20101027,53.87,54.11,53.61,54.07,17100,100.16
20101026,53.96,54.28,53.94,54.24,15000,100.47
20101025,54.51,54.64,54.23,54.25,29600,100.49
20101022,54.08,54.10,53.97,54.09,24800,100.19
20101021,54.13,54.38,53.65,53.96,29400,99.95
20101020,53.47,54.08,53.47,53.88,22800,99.80
20101019,53.57,53.84,53.01,53.31,38500,98.75
20101018,53.81,54.22,53.72,54.17,22800,100.34
20101015,54.02,54.04,53.36,53.78,54900,99.62
20101014,53.85,53.91,53.40,53.68,19100,99.43
20101013,53.79,54.14,53.62,53.88,74400,99.80
20101012,53.19,53.62,52.87,53.56,42000,99.21
20101011,53.36,53.42,53.14,53.25,14200,98.64
20101008,53.01,53.37,52.83,53.34,61500,98.80
20101007,53.25,53.25,52.66,52.94,49900,98.06
20101006,53.06,53.14,52.81,52.97,276900,98.12
20101005,52.51,53.10,52.41,53.06,19800,98.29
20101004,52.63,52.63,51.75,51.92,88700,96.17
20101001,52.54,52.58,52.08,52.36,17100,96.99
20100930,52.60,52.84,51.98,52.18,44700,96.66
20100929,52.29,52.46,52.11,52.26,15900,96.80
20100928,52.16,52.51,51.71,52.51,49800,97.27
20100927,52.49,52.49,52.17,52.17,15000,96.64
20100924,51.97,52.45,51.93,52.42,24100,97.10
20100923,51.66,52.17,51.56,51.65,33300,95.16
20100922,52.28,52.52,51.98,52.08,18100,95.95
20100921,52.51,52.72,52.14,52.36,19200,96.47
20100920,51.87,52.52,51.73,52.52,19000,96.76
20100917,51.94,51.94,51.51,51.68,49300,95.21
20100916,51.51,51.66,51.35,51.63,59500,95.12
20100915,51.31,51.69,51.20,51.65,9200,95.16
20100914,51.42,51.74,51.19,51.52,59400,94.92
20100913,51.48,51.57,51.25,51.53,33700,94.94
20100910,50.84,50.93,50.65,50.89,8600,93.76
20100909,51.25,51.25,50.57,50.66,26500,93.33
