20140814,95.59,95.83,95.50,95.82,57600,95.82
20140813,94.98,95.43,94.76,95.41,66800,95.41
20140812,94.95,95.23,94.40,94.71,38600,94.71
20140811,94.96,95.46,94.82,95.03,75900,95.03
20140808,93.46,94.56,93.45,94.56,49000,94.56
20140807,94.29,94.36,93.09,93.36,45200,93.36
20140806,93.35,94.34,93.35,93.88,71000,93.88
20140805,94.03,94.62,93.51,93.85,82300,93.85
20140804,93.93,94.68,93.45,94.51,108700,94.51
20140801,93.78,94.30,93.01,93.69,77700,93.69
20140731,95.18,95.32,93.86,93.95,130700,93.95
20140730,96.15,96.18,95.50,95.88,35400,95.88
20140729,96.08,96.31,95.62,95.67,52400,95.67
20140728,96.20,96.20,95.35,95.85,61900,95.85
20140725,96.13,96.41,95.88,96.06,74800,96.06
20140724,96.47,96.78,96.45,96.62,52000,96.62
20140723,96.45,96.45,96.04,96.34,40700,96.34
20140722,96.17,96.54,96.14,96.38,48400,96.38
20140721,95.50,95.78,95.30,95.60,41900,95.60
20140718,95.02,96.00,94.79,96.00,93200,96.00
20140717,95.49,95.87,94.52,94.65,86200,94.65
20140716,96.18,96.18,95.53,95.83,51400,95.83
20140715,96.19,96.42,95.34,95.72,60400,95.72
20140714,96.32,96.42,96.09,96.25,45900,96.25
20140711,95.80,95.84,95.46,95.77,42600,95.77
20140710,95.15,96.21,95.15,95.84,54800,95.84
20140709,96.08,96.63,95.95,96.60,49900,96.60
20140708,96.59,96.59,95.46,95.95,135000,95.95
20140707,97.37,97.37,96.67,96.74,96200,96.74
20140703,97.35,97.62,97.15,97.60,56800,97.60
20140702,97.04,97.20,96.88,97.00,52800,97.00
20140701,96.62,97.34,96.60,97.10,63300,97.10
20140630,96.01,96.37,95.88,96.37,37100,96.37
20140627,95.66,96.08,95.61,96.08,48900,96.08
20140626,95.78,95.78,95.08,95.70,47700,95.70
20140625,95.50,95.92,95.40,95.89,47400,95.89
20140624,96.32,96.68,95.43,95.52,78000,95.52
20140623,96.18,96.20,95.92,96.02,72900,96.02
20140620,95.97,96.06,95.70,96.06,42300,96.06
20140619,95.84,95.85,95.20,95.57,47100,95.57
20140618,95.08,95.67,94.77,95.63,97400,95.63
20140617,94.70,95.25,94.47,95.08,70500,95.08
20140616,94.47,94.88,94.25,94.70,44200,94.70
20140613,94.60,94.62,93.99,94.58,35000,94.58
20140612,94.91,94.91,94.06,94.33,110400,94.33
20140611,94.82,95.08,94.66,94.98,36200,94.98
20140610,95.43,95.43,94.82,95.07,46800,95.07
20140609,95.29,95.90,95.23,95.44,69800,95.44
20140606,95.02,95.32,94.88,95.32,50000,95.32
20140605,94.26,94.79,93.75,94.70,63300,94.70
20140604,93.55,94.06,93.23,94.04,49300,94.04
20140603,93.27,93.66,93.21,93.66,40300,93.66
20140602,93.37,93.50,92.81,93.47,53100,93.47
20140530,93.17,93.30,92.80,93.24,43500,93.24
20140529,93.01,93.23,92.61,93.19,52200,93.19
20140528,93.14,93.14,92.54,92.77,55500,92.77
20140527,92.62,93.02,92.62,93.01,65000,93.01
20140523,91.88,92.36,91.70,92.28,56300,92.28
20140522,91.29,92.06,91.24,91.73,49300,91.73
20140521,91.02,91.35,90.76,91.21,51800,91.21
20140520,91.32,91.36,90.40,90.64,231100,90.64
20140519,91.05,91.65,90.77,91.61,103700,91.61
20140516,90.52,91.05,90.22,91.04,57100,91.04
20140515,90.86,90.86,89.60,90.46,96700,90.46
20140514,91.50,91.76,91.05,91.21,33500,91.21
20140513,92.11,92.35,91.66,91.70,51900,91.70
20140512,91.00,92.04,91.00,92.00,74200,92.00
20140509,90.03,90.67,89.84,90.67,61100,90.67
20140508,90.47,91.46,90.00,90.30,56700,90.30
20140507,90.67,90.73,89.50,90.43,63100,90.43
20140506,91.26,91.29,90.50,90.54,65400,90.54
20140505,90.60,91.35,90.20,91.33,59100,91.33
20140502,91.26,91.66,91.00,91.15,185000,91.15
20140501,90.57,91.43,90.47,90.93,73600,90.93
20140430,89.89,90.64,89.71,90.60,82200,90.60
20140429,89.72,90.23,89.50,90.09,55400,90.09
20140428,89.99,90.34,88.28,89.42,210800,89.42
20140425,90.70,90.70,89.49,89.64,101000,89.64
20140424,91.70,91.70,90.56,91.12,83700,91.12
20140423,91.65,91.75,91.19,91.19,67600,91.19
20140422,91.15,91.88,91.15,91.59,62300,91.59
20140421,90.92,91.11,90.46,91.04,366700,91.04
20140417,90.57,91.12,90.33,90.76,64000,90.76
20140416,90.00,90.43,89.61,90.41,55500,90.41
20140415,89.09,89.65,87.76,89.40,122400,89.40
20140414,88.90,89.42,88.08,88.89,1056800,88.89
20140411,89.00,89.55,88.12,88.28,133800,88.28
20140410,92.05,92.05,89.30,89.55,199200,89.55
20140409,91.08,92.16,90.93,92.12,92500,92.12
20140408,90.12,90.92,89.69,90.82,76800,90.82
20140407,91.20,91.46,89.53,90.09,126300,90.09
20140404,93.78,93.89,91.42,91.64,97900,91.64
20140403,93.95,94.14,92.94,93.28,63300,93.28
20140402,94.00,94.12,93.72,93.96,162600,93.96
20140401,92.96,93.73,92.96,93.73,278700,93.73
20140331,92.22,92.69,91.93,92.61,77600,92.61
20140328,91.55,92.25,91.46,91.61,71400,91.61
20140327,91.29,91.62,90.75,91.28,177100,91.28
20140326,92.98,93.16,91.37,91.38,89900,91.38
20140325,93.00,93.35,92.07,92.46,66500,92.46
20140324,93.92,94.02,92.10,92.55,90400,92.54
20140321,94.71,94.71,93.50,93.61,73800,93.60
20140320,93.68,94.25,93.39,94.17,44300,94.16
20140319,94.60,94.71,93.34,93.89,94100,93.88
20140318,93.79,94.62,93.79,94.53,88000,94.52
20140317,93.55,94.01,93.38,93.65,95600,93.64
20140314,92.76,93.42,92.76,93.03,97100,93.02
20140313,94.59,94.61,92.60,92.91,115600,92.90
20140312,93.71,94.34,93.40,94.34,70800,94.33
20140311,94.83,95.14,93.96,94.22,121000,94.21
20140310,94.92,94.97,94.13,94.65,80800,94.64
20140307,95.56,95.56,94.65,94.94,70900,94.93
20140306,95.32,95.39,94.96,95.09,82300,95.08
20140305,95.15,95.25,94.92,94.99,157700,94.98
20140304,94.58,95.31,94.58,95.21,178600,95.20
20140303,93.44,93.85,92.81,93.59,359800,93.58
20140228,94.55,94.73,93.53,94.18,130100,94.17
20140227,94.03,94.39,93.75,94.38,99200,94.37
20140226,93.91,94.54,93.76,94.01,93700,94.00
20140225,93.90,94.13,93.43,93.78,135100,93.77
20140224,93.40,94.35,93.40,93.84,216800,93.83
20140221,93.38,93.42,92.99,93.17,89100,93.16
20140220,92.61,93.28,92.14,93.22,94500,93.21
20140219,92.53,93.18,92.30,92.33,87700,92.32
20140218,92.34,92.80,92.10,92.68,172500,92.67
20140214,91.46,91.99,91.45,91.92,103100,91.91
20140213,90.36,91.75,90.36,91.63,91300,91.62
20140212,90.96,91.25,90.82,90.96,91900,90.95
20140211,89.94,90.81,89.89,90.61,123900,90.60
20140210,89.62,89.77,89.22,89.76,111900,89.75
20140207,88.68,89.58,88.59,89.58,133000,89.57
20140206,87.34,88.38,87.33,88.32,94400,88.31
20140205,86.92,87.16,86.04,86.94,132700,86.93
20140204,86.59,87.40,86.32,87.31,313500,87.30
20140203,88.24,88.39,85.96,86.15,187100,86.14
20140131,87.83,88.86,87.47,88.34,155300,88.33
20140130,88.23,88.85,88.15,88.67,92700,88.66
20140129,87.74,88.30,87.40,87.56,159100,87.55
20140128,87.63,88.44,87.43,88.40,83800,88.39
20140127,88.09,88.24,86.69,87.40,167000,87.39
20140124,89.50,89.50,87.94,87.95,124000,87.94
20140123,90.48,90.57,89.80,90.25,189200,90.24
20140122,90.68,91.01,90.64,90.95,103700,90.94
20140121,91.06,91.07,90.05,90.57,130700,90.56
20140117,90.59,90.78,90.14,90.24,87800,90.23
20140116,90.45,90.54,90.21,90.54,61800,90.53
20140115,90.41,90.67,90.38,90.59,155900,90.58
20140114,89.43,90.43,89.22,90.36,96900,90.35
20140113,90.24,90.44,88.91,89.08,114900,89.07
20140110,90.11,90.52,89.95,90.50,110600,90.49
20140109,90.25,90.43,89.64,90.05,101100,90.04
20140108,89.95,90.23,89.76,90.11,97700,90.10
20140107,89.35,89.92,89.27,89.78,78400,89.77
20140106,89.69,89.75,88.81,88.91,124800,88.90
20140103,89.59,89.72,89.23,89.40,104400,89.39
20140102,89.99,89.99,89.09,89.39,289100,89.38
20131231,90.08,90.32,89.97,90.25,136900,90.24
20131230,89.70,89.95,89.57,89.83,106100,89.82
20131227,90.04,90.04,89.54,89.64,59700,89.63
20131226,89.97,89.97,89.68,89.81,53500,89.80
20131224,89.39,89.58,89.34,89.56,51400,89.55
20131223,89.69,89.86,89.58,89.86,94000,89.31
20131220,88.49,89.36,88.49,89.29,62700,88.74
20131219,88.68,88.68,88.24,88.45,60600,87.91
20131218,87.72,88.79,87.00,88.75,108800,88.21
20131217,87.47,87.76,87.18,87.57,73700,87.03
20131216,87.50,87.75,87.35,87.53,77900,86.99
20131213,87.00,87.25,86.78,86.97,84400,86.44
20131212,86.74,87.02,86.55,86.70,1082000,86.17
20131211,88.17,88.17,86.75,86.91,64800,86.38
20131210,88.07,88.57,87.99,88.04,64500,87.50
20131209,88.09,88.46,88.03,88.17,188200,87.63
20131206,88.07,88.28,87.78,88.05,51500,87.51
20131205,87.25,87.62,87.08,87.46,37100,86.92
20131204,87.31,87.79,86.68,87.39,44100,86.85
20131203,87.63,87.92,87.30,87.62,81600,87.08
20131202,88.06,88.30,87.71,87.85,148200,87.31
20131129,88.47,88.47,87.89,88.01,99800,87.47
20131127,88.00,88.22,87.88,88.22,59000,87.68
20131126,87.84,88.26,87.73,88.01,37900,87.47
20131125,88.20,88.20,87.56,87.75,75600,87.21
20131122,87.80,87.99,87.61,87.96,86800,87.42
20131121,86.98,87.84,86.98,87.80,63600,87.26
20131120,87.10,87.40,86.45,86.70,57100,86.17
20131119,87.33,87.46,86.61,86.79,46800,86.26
20131118,88.47,88.47,87.16,87.33,96400,86.79
20131115,87.80,88.22,87.73,88.22,124400,87.68
20131114,87.50,87.77,87.19,87.70,56400,87.16
20131113,86.13,87.48,86.13,87.48,118900,86.94
20131112,86.59,86.73,86.25,86.61,70500,86.08
20131111,86.50,86.75,86.44,86.71,62500,86.18
20131108,85.54,86.49,85.51,86.46,97400,85.93
20131107,87.19,87.25,85.36,85.42,127400,84.90
20131106,87.55,87.64,86.73,86.98,64800,86.45
20131105,87.29,87.47,86.77,87.23,87800,86.69
20131104,87.43,87.69,87.06,87.67,113800,87.13
20131101,87.26,87.47,86.55,87.08,147500,86.55
20131031,87.02,87.56,86.81,87.03,43200,86.50
20131030,88.03,88.03,86.72,87.07,59400,86.54
20131029,87.67,87.97,87.43,87.97,141500,87.43
20131028,87.81,87.81,87.09,87.41,65100,86.87
20131025,87.73,87.79,87.22,87.70,103800,87.16
20131024,87.34,87.66,87.03,87.62,81700,87.08
20131023,87.39,87.43,86.61,87.18,56900,86.64
20131022,87.99,88.37,87.42,87.84,82700,87.30
20131021,87.53,87.83,87.20,87.49,118700,86.95
20131018,87.31,87.55,86.94,87.48,85300,86.94
20131017,86.01,86.82,85.74,86.76,116400,86.23
20131016,85.46,86.26,85.46,86.24,104200,85.71
20131015,85.60,85.68,84.82,85.03,86300,84.51
20131014,84.96,85.91,84.80,85.88,63100,85.35
20131011,84.79,85.56,84.76,85.47,75200,84.95
20131010,84.14,85.02,84.14,84.98,164600,84.46
20131009,83.58,83.71,82.47,83.22,77500,82.71
20131008,85.06,85.19,83.50,83.50,103900,82.99
20131007,85.42,85.72,85.17,85.17,53500,84.65
20131004,85.45,86.24,85.34,86.14,48600,85.61
20131003,85.82,86.19,84.67,85.29,83000,84.77
20131002,85.56,86.08,85.40,86.06,108600,85.53
20131001,85.16,86.24,85.16,86.21,146100,85.68
20130930,84.53,85.36,84.39,85.21,34800,84.69
20130927,85.13,85.52,85.13,85.39,66400,84.87
20130926,85.13,85.78,85.09,85.69,61000,85.16
20130925,85.48,85.56,84.97,85.10,43200,84.58
20130924,85.31,85.80,84.94,85.35,174300,84.83
20130923,85.76,85.76,84.89,85.29,48300,84.77
20130920,86.82,86.82,85.86,85.96,51000,85.43
20130919,86.96,87.03,86.54,86.62,51300,86.09
20130918,85.52,86.70,85.21,86.61,41900,86.08
20130917,85.31,85.67,85.30,85.63,51000,85.10
20130916,85.94,85.94,85.09,85.16,61700,84.64
20130913,84.74,84.89,84.21,84.65,65600,84.13
20130912,84.94,84.94,84.39,84.48,36100,83.96
20130911,84.36,84.80,84.23,84.80,40200,84.28
20130910,84.11,84.49,83.95,84.49,55900,83.97
20130909,82.74,83.71,82.74,83.60,48500,83.09
20130906,82.83,83.03,81.98,82.52,44800,82.01
20130905,82.41,82.75,82.40,82.50,75300,81.99
20130904,81.56,82.40,81.41,82.32,48100,81.81
20130903,82.05,82.26,80.95,81.45,65900,80.95
20130830,81.60,81.60,80.88,80.99,52300,80.49
20130829,80.89,81.88,80.89,81.62,35900,81.12
20130828,80.88,81.43,80.77,81.08,66500,80.58
20130827,81.59,81.72,80.80,80.88,56900,80.38
20130826,82.62,82.94,82.21,82.45,48200,81.94
20130823,82.57,82.57,81.98,82.48,37800,81.97
20130822,81.40,82.60,81.33,82.21,28100,81.71
20130821,81.25,81.94,81.10,81.22,87700,80.72
20130820,80.79,81.91,80.79,81.70,58900,81.20
20130819,81.09,81.41,80.68,80.68,66000,80.18
20130816,81.21,81.67,81.15,81.24,46600,80.74
20130815,82.25,82.25,81.30,81.48,86400,80.98
20130814,83.45,83.55,82.95,82.95,41200,82.44
20130813,83.83,83.83,83.00,83.68,66400,83.17
20130812,83.10,83.77,83.10,83.63,56900,83.12
20130809,83.47,83.95,83.43,83.68,35000,83.17
20130808,83.63,83.77,83.14,83.63,64700,83.12
20130807,83.42,83.45,82.85,83.08,74700,82.57
20130806,84.38,84.42,83.64,83.85,57500,83.34
20130805,84.27,84.40,84.15,84.38,58700,83.86
20130802,84.21,84.45,84.06,84.40,52000,83.88
20130801,83.43,84.43,83.43,84.34,85700,83.82
20130731,82.76,83.31,82.66,82.71,68000,82.20
20130730,82.45,82.62,82.15,82.46,66300,81.95
20130729,82.11,82.38,81.81,81.99,57600,81.49
20130726,81.89,82.44,81.83,82.41,76500,81.90
20130725,81.93,82.58,81.93,82.58,44500,82.07
20130724,82.83,82.99,81.81,82.00,52800,81.50
20130723,82.98,83.00,82.38,82.45,32400,81.94
20130722,82.92,82.92,82.62,82.74,91700,82.23
20130719,82.34,82.69,82.28,82.69,61500,82.18
20130718,82.04,82.59,82.04,82.43,63300,81.92
20130717,82.01,82.13,81.83,81.96,51300,81.46
20130716,82.32,82.36,81.47,81.63,65300,81.13
20130715,82.36,82.48,81.97,82.19,80500,81.69
20130712,81.92,82.20,81.80,82.07,64600,81.57
20130711,81.47,81.89,81.33,81.85,81000,81.35
20130710,80.38,80.58,80.08,80.54,56800,80.05
20130709,80.26,80.48,80.06,80.39,87900,79.90
20130708,80.06,80.24,79.69,79.80,67700,79.31
20130705,79.20,79.64,78.70,79.64,65500,79.15
20130703,78.32,79.00,78.31,78.76,26500,78.28
20130702,78.94,79.30,78.33,78.61,81200,78.13
20130701,78.80,79.39,78.77,78.85,55400,78.37
20130628,78.27,78.70,77.90,78.13,84700,77.65
20130627,78.18,78.69,78.17,78.51,72400,78.03
20130626,77.32,77.86,77.31,77.65,75400,77.17
20130625,76.77,77.11,76.24,76.88,160200,76.41
20130624,75.93,76.66,75.09,76.02,148500,75.55
20130621,77.02,77.33,75.82,76.72,114100,76.25
20130620,78.12,78.12,76.42,76.58,171800,76.11
20130619,79.94,80.08,78.90,78.93,43500,78.45
20130618,79.38,80.08,79.38,79.95,73300,79.46
20130617,79.16,79.58,78.90,79.28,76400,78.79
20130614,78.83,79.22,78.46,78.62,45700,78.14
20130613,77.35,79.02,77.25,78.91,58800,78.43
20130612,78.88,78.90,77.29,77.38,81300,76.90
20130611,78.83,78.95,77.94,78.26,87500,77.78
20130610,79.62,79.71,78.97,79.17,88900,78.68
20130607,78.83,79.45,78.48,79.39,104400,78.90
20130606,77.42,78.29,77.14,78.29,69700,77.81
20130605,78.13,78.44,77.35,77.42,80400,76.94
20130604,78.98,79.28,78.05,78.38,57400,77.90
20130603,79.21,79.21,78.05,78.91,59600,78.43
20130531,79.49,80.31,79.03,79.03,58100,78.54
20130530,79.68,80.20,79.63,79.98,38700,79.49
20130529,79.67,79.80,79.04,79.60,45800,79.11
20130528,80.83,81.04,79.93,80.25,58400,79.76
20130524,79.74,79.92,79.16,79.90,64500,79.41
20130523,79.31,80.28,79.00,80.08,82700,79.59
20130522,81.71,82.20,79.89,80.26,146600,79.77
20130521,81.41,81.88,81.32,81.59,100100,81.09
20130520,81.33,81.66,81.22,81.33,56400,80.83
20130517,81.03,81.53,80.93,81.51,75200,81.01
20130516,81.28,81.50,80.65,80.79,74300,80.29
20130515,80.86,81.56,80.86,81.38,87400,80.88
20130514,80.13,81.05,80.13,81.03,73300,80.53
20130513,79.99,80.20,79.78,80.00,105000,79.51
20130510,79.52,80.21,79.52,80.20,38000,79.71
20130509,79.43,79.74,79.21,79.43,42800,78.94
20130508,79.08,79.63,79.04,79.61,73500,79.12
20130507,78.75,79.12,78.53,79.12,64700,78.63
20130506,78.26,78.75,78.26,78.63,96100,78.15
20130503,78.26,78.60,77.87,78.32,70900,77.84
20130502,77.11,77.59,77.00,77.48,41100,77.00
20130501,77.47,77.47,76.71,76.79,48000,76.32
20130430,77.31,77.58,76.90,77.58,96500,77.10
20130429,77.05,77.45,76.95,77.30,37700,76.83
20130426,77.12,77.27,76.62,76.83,38600,76.36
20130425,76.99,77.62,76.99,77.19,53300,76.72
20130424,76.53,76.77,76.37,76.60,52400,76.13
20130423,76.09,76.66,75.86,76.59,77800,76.12
20130422,75.32,75.58,74.58,75.46,31800,75.00
20130419,74.57,75.25,74.37,75.19,34600,74.73
20130418,74.84,75.01,73.78,74.07,102800,73.62
20130417,75.24,75.24,74.11,74.62,74000,74.16
20130416,75.11,75.83,74.91,75.80,61000,75.33
20130415,76.45,76.45,74.29,74.32,68800,73.86
20130412,76.80,77.00,76.39,76.86,53000,76.39
20130411,76.66,77.47,76.66,77.17,62800,76.70
20130410,75.82,76.79,75.82,76.76,65000,76.29
20130409,75.72,75.92,75.19,75.63,58100,75.17
20130408,75.00,75.57,74.75,75.57,39300,75.11
20130405,74.02,74.89,73.66,74.85,107200,74.39
20130404,74.79,75.11,74.63,75.01,61800,74.55
20130403,76.15,76.15,74.56,74.77,94500,74.31
20130402,76.48,76.63,75.81,75.98,186800,75.51
20130401,77.02,77.13,76.00,76.14,171600,75.67
20130328,76.50,77.14,76.50,77.03,137600,76.56
20130327,76.10,76.68,75.78,76.63,93900,76.16
20130326,76.32,76.52,76.08,76.52,31100,76.05
20130325,76.44,76.62,75.58,75.92,53700,75.45
20130322,76.24,76.35,76.05,76.22,32800,75.75
20130321,76.26,76.53,75.85,75.96,83700,75.49
20130320,76.53,76.81,76.31,76.68,80600,76.21
20130319,76.44,76.53,75.32,75.90,44000,75.42
20130318,75.87,76.49,75.54,76.19,80600,75.71
20130315,76.80,76.99,76.43,76.53,50200,76.05
20130314,76.69,76.99,76.67,76.98,91200,76.49
20130313,76.23,76.60,76.06,76.51,121000,76.03
20130312,76.27,76.32,75.91,76.13,46200,75.65
20130311,76.16,76.43,76.04,76.39,75900,75.91
20130308,76.15,76.38,75.69,76.35,207400,75.87
20130307,75.51,75.78,75.45,75.73,52800,75.25
20130306,75.76,75.86,75.35,75.44,66400,74.96
20130305,74.91,75.43,74.91,75.29,76100,74.82
20130304,73.94,74.55,73.84,74.55,111400,74.08
20130301,73.70,74.27,73.27,74.20,61600,73.73
20130228,74.06,74.58,74.01,74.01,79600,73.54
20130227,72.91,74.28,72.91,74.06,54100,73.59
20130226,72.66,72.91,72.04,72.82,68000,72.36
20130225,74.17,74.19,72.34,72.34,95200,71.88
20130222,73.13,73.67,73.13,73.67,74400,73.21
20130221,73.36,73.54,72.41,72.75,67400,72.29
20130220,74.84,74.84,73.57,73.59,82900,73.13
20130219,74.52,74.85,74.52,74.84,56300,74.37
20130215,74.54,74.73,74.30,74.46,46900,73.99
20130214,74.11,74.52,74.00,74.49,36500,74.02
20130213,74.23,74.44,74.04,74.25,54700,73.78
20130212,74.13,74.29,74.04,74.15,90800,73.68
20130211,74.18,74.23,73.90,74.10,132300,73.63
20130208,73.85,74.25,73.85,74.24,87100,73.77
20130207,73.99,74.03,73.25,73.78,118400,73.31
20130206,73.44,74.06,73.44,74.06,110900,73.59
20130205,73.40,73.78,73.26,73.66,72100,73.20
20130204,73.40,73.66,72.97,72.98,109900,72.52
20130201,73.64,73.93,73.44,73.78,83100,73.31
20130131,73.00,73.31,72.81,73.12,90100,72.66
20130130,73.40,73.59,72.98,73.02,110200,72.56
20130129,73.35,73.40,72.94,73.36,126500,72.90
20130128,73.93,73.99,73.29,73.41,287800,72.95
20130125,73.22,73.74,73.18,73.72,129800,73.25
20130124,72.37,73.17,72.37,72.88,96000,72.42
20130123,72.34,72.38,72.12,72.30,56300,71.84
20130122,72.00,72.29,71.78,72.28,121500,71.82
20130118,71.88,72.00,71.58,71.99,437400,71.54
20130117,71.70,71.97,71.55,71.82,108600,71.37
20130116,71.28,71.40,71.06,71.27,67300,70.82
20130115,70.75,71.43,70.70,71.43,97600,70.98
20130114,71.09,71.30,70.87,71.09,164600,70.64
20130111,71.01,71.14,70.79,71.08,101300,70.63
20130110,71.27,71.30,70.63,71.01,64800,70.56
20130109,70.88,71.00,70.71,70.87,155500,70.42
20130108,70.63,70.74,70.21,70.56,57600,70.11
20130107,70.49,70.75,70.43,70.66,126700,70.21
20130104,70.60,70.92,70.32,70.85,100100,70.40
20130103,70.27,70.77,70.03,70.33,107300,69.89
20130102,70.17,70.27,69.70,70.25,175800,69.81
20121231,67.35,68.69,67.24,68.58,278900,68.15
20121228,67.51,67.91,67.39,67.39,105700,66.96
20121227,68.02,68.14,67.20,68.03,118800,67.60
20121226,68.60,68.60,67.89,67.95,77100,67.52
20121224,68.43,68.83,68.25,68.46,35200,68.03
20121221,68.60,69.19,68.50,69.08,119600,68.18
20121220,69.54,69.69,69.19,69.69,72100,68.78
20121219,69.64,69.73,69.32,69.32,170600,68.42
20121218,68.74,69.57,68.72,69.52,164500,68.62
20121217,68.12,68.58,68.10,68.58,122200,67.69
20121214,67.88,68.14,67.78,67.90,84600,67.02
20121213,68.35,68.68,67.89,68.03,43400,67.15
20121212,68.55,68.84,68.35,68.46,92200,67.57
20121211,68.07,68.50,68.03,68.34,95200,67.45
20121210,67.51,67.91,67.51,67.83,70300,66.95
20121207,67.60,67.76,67.33,67.60,113500,66.72
20121206,67.04,67.46,66.75,67.45,104400,66.57
20121205,67.24,67.29,66.55,67.11,73700,66.24
20121204,67.12,67.20,66.69,67.09,94100,66.22
20121203,67.86,67.94,66.97,67.00,75900,66.13
20121130,67.51,67.71,67.23,67.46,74300,66.58
20121129,67.36,67.53,67.06,67.43,91300,66.55
20121128,66.33,67.14,66.00,67.11,123000,66.24
20121127,66.89,67.05,66.58,66.62,77700,65.75
20121126,66.88,67.06,66.58,66.89,116300,66.02
20121123,66.76,67.06,66.58,67.06,23800,66.19
20121121,66.26,66.40,66.09,66.31,66400,65.45
20121120,65.93,66.24,65.73,66.08,60200,65.22
20121119,65.51,66.02,65.49,66.02,84800,65.16
20121116,64.42,64.87,64.02,64.71,123900,63.87
20121115,64.28,64.59,63.85,64.31,140400,63.47
20121114,65.65,65.66,64.30,64.38,121200,63.54
20121113,65.00,65.96,64.62,65.39,74700,64.54
20121112,65.73,65.73,65.29,65.39,49500,64.54
20121109,65.06,66.09,65.00,65.46,127000,64.61
20121108,66.24,66.37,65.30,65.31,80700,64.46
20121107,66.70,66.87,65.92,66.28,120500,65.42
20121106,67.31,67.74,67.12,67.53,69800,66.65
20121105,66.57,67.14,66.43,67.04,93900,66.17
20121102,67.68,67.75,66.60,66.61,59900,65.74
20121101,66.15,67.44,66.15,67.43,54600,66.55
20121031,66.14,66.39,65.81,66.10,174400,65.24
20121026,66.06,66.36,65.55,66.05,35200,65.19
20121025,66.36,66.49,65.66,66.01,41700,65.15
20121024,66.40,66.40,65.78,65.87,47000,65.01
20121023,66.00,66.37,65.44,66.13,55900,65.27
20121022,66.71,67.00,66.25,66.71,46800,65.84
20121019,67.76,67.84,66.74,66.92,59500,66.05
20121018,68.01,68.31,67.81,68.07,23100,67.19
20121017,67.99,68.32,67.95,68.20,45800,67.31
20121016,67.66,68.11,67.52,68.08,42500,67.20
20121015,67.03,67.35,66.68,67.31,119200,66.44
20121012,67.29,67.34,66.71,66.87,38300,66.00
20121011,67.33,67.74,67.09,67.18,33400,66.31
20121010,67.25,67.28,66.70,66.78,50200,65.91
20121009,68.03,68.15,67.26,67.26,53800,66.39
20121008,68.10,68.49,68.05,68.25,26400,67.36
20121005,68.84,69.09,68.24,68.39,41200,67.50
20121004,68.23,68.47,67.94,68.47,58900,67.58
20121003,68.00,68.11,67.60,67.94,58100,67.06
20121002,68.08,68.08,67.50,67.83,76000,66.95
20121001,68.05,68.35,67.52,67.70,49700,66.82
20120928,67.52,67.87,67.23,67.75,80900,66.87
20120927,67.22,67.95,67.09,67.83,50900,66.95
20120926,67.44,67.44,66.51,66.89,176300,66.02
20120925,68.75,68.75,67.44,67.46,66100,66.58
20120924,68.43,68.62,68.30,68.40,86500,67.51
20120921,69.35,69.45,68.89,68.89,67800,67.99
20120920,68.73,68.87,68.36,68.85,59800,67.96
20120919,69.12,69.37,68.84,69.23,329900,68.33
20120918,69.18,69.22,68.77,68.95,71900,68.05
20120917,69.56,69.71,69.20,69.35,86600,68.45
20120914,69.41,70.23,69.41,69.87,64900,68.96
20120913,68.46,69.40,68.06,69.10,76400,68.20
20120912,68.25,68.42,68.05,68.34,118100,67.45
20120911,67.90,68.18,67.84,68.00,60700,67.12
20120910,68.06,68.38,67.85,67.88,58500,67.00
20120907,67.85,68.35,67.85,68.27,83700,67.38
20120906,66.66,67.93,66.66,67.77,105400,66.89
20120905,66.43,66.55,66.12,66.30,59700,65.44
20120904,66.32,66.67,65.71,66.44,124500,65.58
20120831,66.38,66.48,65.68,66.29,42000,65.43
20120830,66.13,66.14,65.72,65.89,143200,65.03
20120829,66.45,66.68,66.17,66.53,42900,65.67
20120828,66.23,66.54,66.06,66.38,45500,65.52
20120827,66.63,66.78,66.23,66.29,37600,65.43
20120824,65.93,66.51,65.81,66.33,65100,65.47
20120823,66.34,66.45,65.96,66.14,52400,65.28
20120822,66.43,66.78,66.22,66.58,56600,65.71
20120821,66.82,67.22,66.38,66.59,79000,65.72
20120820,66.94,66.94,66.36,66.61,44600,65.74
20120817,66.91,67.05,66.79,67.04,40300,66.17
20120816,66.09,66.93,66.06,66.78,91700,65.91
20120815,65.55,66.12,65.55,66.06,51400,65.20
20120814,66.00,66.10,65.46,65.66,65900,64.81
20120813,65.64,65.83,65.23,65.68,168300,64.83
20120810,65.49,65.87,65.41,65.87,49800,65.01
20120809,65.78,66.10,65.66,65.88,64100,65.02
20120808,65.52,65.98,65.47,65.81,279000,64.95
20120807,65.23,66.10,65.23,65.83,108600,64.97
20120806,64.66,65.04,64.66,64.81,345700,63.97
20120803,64.16,64.65,64.02,64.47,43600,63.63
20120802,63.13,63.59,62.48,62.98,226100,62.16
20120801,64.17,64.17,63.36,63.47,71500,62.65
20120731,64.34,64.50,63.90,63.90,28400,63.07
20120730,64.72,65.05,64.26,64.47,95200,63.63
20120727,63.81,65.03,63.78,64.80,89400,63.96
20120726,63.05,63.55,62.77,63.40,54300,62.58
20120725,62.20,62.55,61.77,62.15,85600,61.34
20120724,63.02,63.06,61.55,61.99,105500,61.18
20120723,62.79,63.13,62.10,63.00,83100,62.18
20120720,64.35,64.35,63.78,63.82,63300,62.99
20120719,64.63,65.09,64.31,64.81,48600,63.97
20120718,63.55,64.65,63.55,64.35,785100,63.51
20120717,63.52,63.77,62.78,63.73,57600,62.90
20120716,63.37,63.46,62.85,63.24,44200,62.42
20120713,62.80,63.65,62.80,63.54,61100,62.71
20120712,62.16,62.92,61.75,62.64,173900,61.83
20120711,62.99,63.24,62.39,62.77,55300,61.95
20120710,64.25,64.41,62.75,63.07,100600,62.25
20120709,64.17,64.31,63.61,63.90,58700,63.07
20120706,64.76,64.76,63.92,64.34,86100,63.50
20120705,65.24,65.70,64.91,65.44,63400,64.59
20120703,64.54,65.41,64.54,65.31,103700,64.46
20120702,64.58,64.66,63.98,64.52,97400,63.68
20120629,63.72,64.38,63.61,64.37,81600,63.53
20120628,62.26,62.54,61.57,62.39,93700,61.58
20120627,62.70,62.96,62.48,62.81,72200,61.99
20120626,62.23,62.71,61.92,62.53,130200,61.72
20120625,62.50,62.60,61.78,62.13,56700,61.32
20120622,63.13,63.47,62.72,63.29,58100,62.47
20120621,64.62,64.72,62.72,62.80,114500,61.98
20120620,64.97,65.16,64.36,64.74,96100,63.90
20120619,64.51,65.22,64.45,64.97,160900,64.13
20120618,63.30,64.30,63.03,64.19,104400,63.36
20120615,62.83,63.61,62.73,63.53,107800,62.70
20120614,62.21,62.87,62.03,62.64,73500,61.83
20120613,62.85,63.14,61.94,62.14,56400,61.33
20120612,62.52,63.12,62.10,63.11,65900,62.29
20120611,64.32,64.32,62.28,62.30,72100,61.49
20120608,62.84,63.59,62.38,63.55,38100,62.72
20120607,64.28,64.37,62.94,63.04,90300,62.22
20120606,62.50,63.45,62.50,63.38,138100,62.56
20120605,60.77,62.07,60.77,61.93,78400,61.13
20120604,61.29,61.60,60.32,61.11,255200,60.32
20120601,61.88,62.26,61.11,61.19,284200,60.39
20120531,63.76,63.76,62.58,63.40,166100,62.58
20120530,64.36,64.46,63.62,63.83,70600,63.00
20120529,64.83,65.30,64.54,65.10,64900,64.25
20120525,64.25,64.49,64.10,64.26,64800,63.42
20120524,64.57,64.58,63.70,64.27,58900,63.43
20120523,63.31,64.50,62.87,64.44,122100,63.60
20120522,63.97,64.57,63.58,63.98,170200,63.15
20120521,62.13,63.82,61.99,63.77,390200,62.94
20120518,62.98,63.18,61.95,62.02,251500,61.21
20120517,64.56,64.62,62.79,62.79,183400,61.97
20120516,65.06,65.59,64.55,64.57,123100,63.73
20120515,65.34,65.64,64.74,64.92,90800,64.08
20120514,65.47,65.80,65.11,65.26,98900,64.41
20120511,65.65,66.77,65.50,66.16,68000,65.30
20120510,66.62,66.74,66.00,66.06,89300,65.20
20120509,65.45,66.35,65.08,65.99,179200,65.13
20120508,66.20,66.36,64.85,66.27,326400,65.41
20120507,66.48,66.98,66.43,66.76,75200,65.89
20120504,67.48,67.61,66.57,66.73,206700,65.86
20120503,69.04,69.04,67.86,68.04,132000,67.16
20120502,68.46,69.17,68.42,69.10,68700,68.20
20120501,68.56,69.52,68.25,68.96,158000,68.06
20120430,68.82,68.92,68.35,68.56,142300,67.67
20120427,68.89,69.09,68.25,68.89,95400,67.99
20120426,67.68,68.61,67.68,68.52,62200,67.63
20120425,67.40,67.84,67.29,67.84,60800,66.96
20120424,66.98,66.98,66.26,66.52,101500,65.66
20120423,66.66,67.00,66.20,66.96,83900,66.09
20120420,68.02,68.09,67.62,67.62,89400,66.74
20120419,68.05,68.65,67.36,67.76,78100,66.88
20120418,67.63,68.18,67.60,67.97,57000,67.09
20120417,67.42,68.32,67.42,68.12,77800,67.23
20120416,67.64,67.73,66.67,66.93,80400,66.06
20120413,67.70,67.87,67.18,67.27,86500,66.40
20120412,66.91,68.06,66.85,67.96,60900,67.08
20120411,66.80,67.09,66.73,66.83,73700,65.96
20120410,67.53,67.67,65.99,66.12,168200,65.26
20120409,67.47,67.80,67.27,67.63,93400,66.75
20120405,68.28,68.84,68.28,68.56,92600,67.67
20120404,68.79,68.97,68.22,68.52,158400,67.63
20120403,69.42,69.76,69.10,69.56,144400,68.66
20120402,68.88,69.84,68.80,69.57,155200,68.67
20120330,69.14,69.27,68.58,68.92,153300,68.02
20120329,68.22,68.83,67.95,68.71,75100,67.82
20120328,69.36,69.43,68.21,68.68,130600,67.79
20120327,69.80,69.81,69.38,69.42,275100,68.52
20120326,69.45,69.74,69.23,69.74,115400,68.83
20120323,68.52,68.80,67.94,68.72,78100,67.83
20120322,68.40,68.64,68.09,68.45,89600,67.56
20120321,69.02,69.34,68.81,69.11,102400,68.20
20120320,68.86,68.97,68.60,68.86,94000,67.96
20120319,69.03,69.64,68.93,69.39,102700,68.48
20120316,69.04,69.27,68.97,69.15,97900,68.24
20120315,68.58,69.04,68.37,69.03,73700,68.12
20120314,68.94,69.06,68.35,68.53,119300,67.63
20120313,68.22,68.97,67.93,68.96,1082500,68.06
20120312,68.13,68.17,67.61,67.76,68400,66.87
20120309,67.76,68.30,67.66,68.06,76900,67.17
20120308,67.31,67.83,67.00,67.68,115900,66.79
20120307,66.30,66.91,66.30,66.80,82500,65.92
20120306,66.55,66.60,65.88,66.13,195900,65.26
20120305,67.90,67.90,67.17,67.40,152300,66.52
20120302,68.35,68.46,67.69,67.98,50300,67.09
20120301,67.92,68.46,67.78,68.40,68700,67.50
20120229,68.19,68.38,67.58,67.65,100600,66.76
20120228,68.37,68.48,67.82,68.15,106800,67.26
20120227,67.73,68.47,67.48,68.28,90600,67.38
20120224,68.24,68.47,68.08,68.18,96300,67.29
20120223,67.49,68.08,67.25,68.08,144000,67.19
20120222,67.49,67.82,67.34,67.49,315100,66.61
20120221,68.09,68.17,67.39,67.62,97700,66.73
20120217,68.28,68.28,67.74,67.88,51900,66.99
20120216,67.15,67.99,67.10,67.90,91600,67.01
20120215,67.74,67.76,66.97,67.10,96800,66.22
20120214,66.98,67.41,66.98,67.39,84700,66.51
20120213,67.32,67.37,66.70,67.19,52300,66.31
20120210,66.49,66.77,66.29,66.64,84400,65.77
20120209,67.19,67.32,66.64,67.28,55300,66.40
20120208,66.88,67.19,66.56,66.96,79300,66.08
20120207,66.50,66.83,66.15,66.74,64200,65.86
20120206,66.13,66.62,66.00,66.62,55700,65.75
20120203,66.27,66.46,66.06,66.44,148200,65.57
20120202,65.35,65.74,65.20,65.41,102600,64.55
20120201,64.95,65.50,64.80,65.25,532900,64.39
20120131,64.77,64.93,64.01,64.37,99300,63.53
20120130,64.20,64.47,63.69,64.30,87000,63.46
20120127,64.10,64.79,64.09,64.62,68800,63.77
20120126,65.46,65.46,64.06,64.33,472400,63.49
20120125,63.92,65.11,63.82,64.98,138700,64.13
20120124,63.25,63.94,63.20,63.90,105500,63.06
20120123,63.39,64.00,63.18,63.64,155600,62.81
20120120,63.68,63.68,63.20,63.38,164600,62.55
20120119,63.50,63.95,63.42,63.74,135900,62.90
20120118,62.21,63.22,62.08,63.22,103700,62.39
20120117,62.59,62.71,62.06,62.19,155700,61.37
20120113,61.86,62.06,61.52,61.89,76900,61.08
20120112,62.06,62.36,61.72,62.31,54100,61.49
20120111,61.72,62.00,61.70,61.91,308100,61.10
20120110,61.75,62.00,61.69,61.96,38900,61.15
20120109,61.10,61.24,60.72,61.17,64700,60.37
20120106,60.94,61.15,60.65,60.89,82500,60.09
20120105,60.15,60.99,59.80,60.91,49400,60.11
20120104,60.10,60.50,59.89,60.40,46400,59.61
20120103,60.80,61.02,60.19,60.35,89500,59.56
20111230,59.88,59.96,59.54,59.54,101500,58.76
20111229,59.40,59.92,59.35,59.84,48000,59.06
20111228,60.21,60.21,59.21,59.25,64800,58.47
20111227,60.00,60.48,59.89,60.24,67500,59.45
20111223,59.94,60.07,59.51,60.07,59000,59.28
20111222,59.51,60.06,59.41,59.96,70900,58.86
20111221,59.38,59.38,58.53,59.24,53700,58.16
20111220,58.59,59.55,58.59,59.47,125600,58.38
20111219,58.64,58.81,57.45,57.59,109700,56.54
20111216,58.33,58.92,58.02,58.35,65100,57.28
20111215,58.24,58.26,57.56,57.82,70200,56.76
20111214,58.32,58.37,57.33,57.64,258500,56.59
20111213,60.50,60.59,58.40,58.81,104300,57.73
20111212,60.25,60.25,59.43,59.94,57900,58.84
20111209,59.88,61.04,59.88,60.90,57500,59.79
20111208,60.81,60.98,59.64,59.72,148700,58.63
20111207,61.18,61.36,60.46,61.15,114900,60.03
20111206,61.77,61.94,61.24,61.56,67500,60.43
20111205,62.22,62.42,61.50,61.80,97200,60.67
20111202,61.67,62.09,61.05,61.14,87100,60.02
20111201,60.94,61.74,60.69,61.07,122900,59.95
20111130,60.49,61.02,60.31,61.01,200400,59.89
20111129,58.53,58.94,58.22,58.42,58800,57.35
20111128,58.21,58.75,58.00,58.44,69800,57.37
20111125,56.27,57.05,56.26,56.42,65300,55.39
20111123,57.50,57.51,56.64,56.67,75700,55.63
20111122,58.17,58.61,57.67,58.13,51200,57.07
20111121,58.19,58.60,57.60,58.37,89000,57.30
20111118,59.86,59.86,59.03,59.24,233300,58.16
20111117,60.87,60.87,59.25,59.36,99800,58.27
20111116,61.23,62.17,60.90,60.93,39800,59.82
20111115,61.08,62.18,60.95,61.92,64300,60.79
20111114,61.53,61.90,61.10,61.34,50200,60.22
20111111,61.26,62.08,61.26,61.88,58200,60.75
20111110,61.15,61.15,59.84,60.51,63100,59.40
20111109,61.43,61.55,60.15,60.25,126100,59.15
20111108,62.76,63.04,61.88,62.97,63900,61.82
20111107,62.55,62.81,61.45,62.47,58600,61.33
20111104,61.91,62.79,61.48,62.62,66200,61.48
20111103,61.86,62.64,60.75,62.54,74300,61.40
20111102,61.14,61.52,60.49,61.20,107100,60.08
20111101,59.68,60.82,59.43,60.10,143000,59.00
20111031,63.10,63.10,61.99,61.99,129600,60.86
20111028,63.22,63.82,63.07,63.71,84400,62.55
20111027,62.99,64.00,62.14,63.47,230100,62.31
20111026,61.34,61.41,59.74,61.03,118100,59.91
20111025,61.68,61.68,60.43,60.54,150100,59.43
20111024,60.61,62.27,60.57,62.16,165000,61.02
20111021,59.72,60.65,59.72,60.47,142700,59.36
20111020,59.01,59.21,57.90,59.11,72900,58.03
20111019,59.70,60.06,58.77,58.88,68900,57.80
20111018,58.59,60.16,57.78,59.82,122900,58.73
20111017,59.76,59.90,58.51,58.56,109000,57.49
20111014,59.41,60.01,59.11,59.95,1005000,58.85
20111013,57.96,58.94,57.69,58.73,58300,57.66
20111012,58.35,59.12,58.31,58.46,136300,57.39
20111011,57.28,58.07,57.20,57.88,60900,56.82
20111010,56.89,57.79,56.87,57.63,88900,56.58
20111007,56.88,56.88,55.45,55.73,124100,54.71
20111006,55.02,56.61,54.82,56.57,296400,55.54
20111005,53.90,55.31,53.24,55.12,116200,54.11
20111004,51.36,53.71,50.67,53.67,348900,52.69
20111003,54.02,54.41,51.91,51.94,315200,50.99
20110930,55.11,55.62,54.35,54.35,87800,53.36
20110929,57.59,57.59,54.77,56.01,82100,54.99
20110928,58.26,58.48,56.32,56.37,60800,55.34
20110927,58.55,59.27,57.83,58.14,127500,57.08
20110926,56.45,57.20,55.03,57.16,182700,56.12
20110923,55.17,56.22,55.01,55.88,109200,54.86
20110922,55.92,56.54,54.65,55.53,222100,54.51
20110921,59.54,59.87,57.94,57.94,51600,56.88
20110920,60.47,61.08,59.59,59.60,58800,58.51
20110919,59.67,60.67,59.22,60.32,61300,59.22
20110916,61.14,61.28,60.38,60.85,195300,59.74
20110915,60.88,60.91,59.92,60.76,98500,59.65
20110914,59.34,60.84,58.40,60.14,168100,59.04
20110913,58.45,59.14,58.00,58.98,160900,57.90
20110912,56.86,58.10,56.72,58.09,84500,57.03
20110909,58.80,59.15,57.36,57.80,75300,56.74
20110908,59.70,60.61,59.28,59.54,89900,58.45
20110907,59.30,60.32,59.20,60.31,166200,59.21
20110906,56.26,58.29,56.26,58.22,131400,57.16
20110902,58.53,59.19,58.12,58.45,97700,57.38
20110901,61.00,61.68,60.04,60.16,292800,59.06
20110831,61.45,62.04,60.50,61.05,146300,59.93
20110830,59.91,61.13,59.66,60.77,148000,59.66
20110829,58.90,60.21,58.85,60.21,267700,59.11
20110826,56.02,58.18,55.36,58.06,86900,57.00
20110825,58.04,58.28,56.33,56.48,111500,55.45
20110824,56.92,57.78,56.46,57.71,92000,56.66
20110823,54.96,57.03,54.45,57.03,475300,55.99
20110822,56.13,56.14,54.44,54.56,301500,53.56
20110819,54.85,56.52,54.50,54.61,237400,53.61
20110818,57.18,57.22,55.21,55.73,431600,54.71
20110817,60.07,60.37,58.73,59.12,411300,58.04
20110816,59.68,60.32,58.95,59.52,235100,58.43
20110815,59.80,60.57,59.64,60.57,249700,59.46
20110812,59.00,59.41,58.31,59.07,244500,57.99
20110811,55.90,59.11,55.71,58.40,383100,57.33
20110810,56.02,57.46,55.45,55.49,332100,54.48
20110809,55.56,57.45,53.88,57.45,294900,56.40
20110808,56.55,57.50,54.06,54.25,506400,53.26
20110805,60.36,60.65,57.23,58.91,677200,57.83
20110804,62.93,62.93,59.68,59.68,542300,58.59
20110803,63.43,63.85,61.84,63.82,406600,62.65
20110802,64.98,65.59,63.30,63.36,258100,62.20
20110801,66.97,66.97,64.86,65.51,1126600,64.31
20110729,65.28,66.40,64.84,65.93,141500,64.72
20110728,66.31,67.00,65.95,66.03,182000,64.82
20110727,67.89,67.89,66.29,66.43,115500,65.22
20110726,68.55,68.58,68.09,68.29,90900,67.04
20110725,68.38,69.14,68.34,68.73,97600,67.47
20110722,68.83,69.35,68.66,69.22,72500,67.95
20110721,68.54,69.11,68.30,68.84,166900,67.58
20110720,68.74,68.74,68.00,68.28,382200,67.03
20110719,67.49,68.67,67.49,68.61,67500,67.36
20110718,67.60,67.60,66.58,67.06,94900,65.83
20110715,67.50,67.90,67.25,67.88,326700,66.64
20110714,68.04,68.41,66.79,66.99,118500,65.77
20110713,67.73,68.64,67.72,67.85,78800,66.61
20110712,67.74,68.06,67.37,67.42,120500,66.19
20110711,68.86,68.99,67.74,67.92,102800,66.68
20110708,69.12,69.60,68.88,69.60,217300,68.33
20110707,70.07,70.39,69.98,70.17,273100,68.89
20110706,69.15,69.46,68.80,69.36,247900,68.09
20110705,69.20,69.36,68.84,69.24,245100,67.97
20110701,68.10,69.07,67.87,68.97,113800,67.71
20110630,67.51,68.21,67.51,68.02,130600,66.78
20110629,67.25,67.70,66.82,67.39,74600,66.16
20110628,65.95,66.96,65.89,66.95,78300,65.73
20110627,65.21,65.86,64.75,65.68,180200,64.48
20110624,66.05,66.07,65.10,65.19,48300,64.00
20110623,64.89,66.01,64.36,65.95,126600,64.74
20110622,65.68,66.35,65.67,65.68,90000,64.48
20110621,64.82,66.03,64.79,65.98,75000,64.77
20110620,63.80,64.53,63.80,64.42,142100,63.24
20110617,64.64,64.64,63.82,63.98,212000,62.81
20110616,64.30,64.50,63.31,63.96,237600,62.79
20110615,64.87,65.28,64.18,64.31,91200,63.13
20110614,64.87,65.56,64.87,65.36,100100,64.17
20110613,64.64,65.09,63.87,64.23,338600,63.06
20110610,65.47,65.55,64.63,64.70,242500,63.52
20110609,65.37,66.03,65.22,65.81,136600,64.61
20110608,65.78,65.92,65.20,65.29,208800,64.10
20110607,66.16,66.51,65.86,66.00,138000,64.79
20110606,66.71,66.96,65.78,65.78,167300,64.58
20110603,66.84,67.57,66.70,66.90,114200,65.68
20110602,67.73,68.17,67.29,67.76,79000,66.52
20110601,69.11,69.23,67.57,67.61,194200,66.37
20110531,69.43,69.46,68.57,69.22,243300,67.95
20110527,68.60,68.88,68.52,68.69,54700,67.43
20110526,67.57,68.40,67.52,68.32,107400,67.07
20110525,66.90,67.91,66.76,67.70,67800,66.46
20110524,67.46,67.71,66.91,67.06,65000,65.83
20110523,67.14,67.48,66.95,67.18,167600,65.95
20110520,68.40,68.58,67.77,68.26,231600,67.01
20110519,68.85,68.90,68.14,68.61,94100,67.36
20110518,67.50,68.55,67.42,68.50,58200,67.25
20110517,67.46,67.71,66.86,67.41,121900,66.18
20110516,68.18,68.75,67.75,67.83,87000,66.59
20110513,69.02,69.21,68.34,68.47,45900,67.22
20110512,68.28,69.18,67.94,69.04,124300,67.78
20110511,69.33,69.39,68.28,68.66,106200,67.40
20110510,68.92,69.58,68.78,69.46,100000,68.19
20110509,67.95,68.79,67.95,68.65,109500,67.40
20110506,68.17,68.74,67.63,67.97,94000,66.73
20110505,67.21,68.12,66.98,67.49,132600,66.26
20110504,68.27,68.27,67.24,67.62,102000,66.38
20110503,68.94,68.95,67.87,68.25,127200,67.00
20110502,69.58,69.80,68.94,69.05,166000,67.79
20110429,69.31,69.51,69.08,69.43,92000,68.16
20110428,69.13,69.31,68.89,69.09,200200,67.83
20110427,69.05,69.29,68.48,69.25,135000,67.98
20110426,68.78,69.18,68.65,68.93,127700,67.67
20110425,68.71,68.79,68.25,68.50,105300,67.25
20110421,68.52,68.67,68.19,68.67,92300,67.41
20110420,67.88,68.09,67.73,68.08,132500,66.84
20110419,66.57,66.75,66.19,66.73,132200,65.51
20110418,66.37,66.50,65.75,66.37,121400,65.16
20110415,66.76,67.32,66.61,67.27,65300,66.04
20110414,66.35,66.75,66.07,66.73,79200,65.51
20110413,66.72,66.98,66.31,66.76,109500,65.54
20110412,66.40,66.64,65.98,66.26,157800,65.05
20110411,67.65,67.68,66.75,66.94,84600,65.72
20110408,68.30,68.30,67.14,67.49,82200,66.26
20110407,68.07,68.20,67.45,67.79,103300,66.55
20110406,68.75,68.82,67.77,68.02,137100,66.78
20110405,68.00,68.61,67.95,68.31,83400,67.06
20110404,68.32,68.35,67.90,68.11,131900,66.86
20110401,68.24,68.26,67.74,68.01,184100,66.77
20110331,67.60,67.76,67.42,67.72,76200,66.48
20110330,67.58,67.80,67.32,67.66,143600,66.42
20110329,66.37,67.06,65.99,67.05,157400,65.82
20110328,66.97,67.03,66.26,66.29,190800,65.08
20110325,66.60,67.16,66.40,66.76,137100,65.54
20110324,66.12,66.44,65.40,66.33,170700,65.12
20110323,65.20,65.66,64.65,65.47,89500,64.27
20110322,65.68,65.77,65.21,65.29,75700,64.09
20110321,65.35,65.72,65.23,65.64,75200,64.44
20110318,65.36,65.36,64.29,64.43,111700,63.25
20110317,64.59,64.78,64.13,64.33,254900,63.15
20110316,64.12,64.90,63.19,63.62,134600,62.45
20110315,63.35,64.85,62.88,64.49,493100,63.31
20110314,64.85,65.42,64.49,65.05,80500,63.86
20110311,64.20,65.43,64.19,65.24,113600,64.04
20110310,65.01,65.17,64.48,64.66,140400,63.47
20110309,66.02,66.10,65.52,65.88,51700,64.67
20110308,65.87,66.38,65.41,66.18,58600,64.97
20110307,66.93,67.04,65.33,65.78,96700,64.57
20110304,66.98,66.98,66.18,66.65,118300,65.43
20110303,66.28,67.00,66.27,66.90,118500,65.67
20110302,64.91,65.91,64.91,65.64,284800,64.44
20110301,66.73,66.73,64.92,65.09,268500,63.90
20110228,66.81,66.82,65.98,66.40,259300,65.18
20110225,65.48,66.34,65.48,66.33,78800,65.11
20110224,64.89,65.37,64.34,65.04,140700,63.85
20110223,65.42,65.68,64.08,64.86,255900,63.67
20110222,66.63,66.90,65.37,65.50,178000,64.30
20110218,67.51,67.55,67.04,67.31,98500,66.07
20110217,67.13,67.51,67.00,67.37,120200,66.13
20110216,67.13,67.34,66.99,67.23,159900,66.00
20110215,66.87,66.94,66.51,66.66,193200,65.44
20110214,66.74,67.09,66.72,67.08,244800,65.85
20110211,65.91,66.69,65.75,66.65,184900,65.43
20110210,65.29,66.15,65.15,66.10,102400,64.89
20110209,65.70,65.90,65.31,65.57,142600,64.37
20110208,65.68,65.83,65.37,65.82,214400,64.61
20110207,65.58,66.02,65.45,65.58,191900,64.38
20110204,64.91,65.28,64.73,65.26,141100,64.06
20110203,64.50,64.90,64.10,64.83,103600,63.64
20110202,64.44,64.78,64.23,64.46,100000,63.28
20110201,64.04,64.73,64.04,64.53,105200,63.35
20110131,63.13,63.80,63.09,63.62,233500,62.45
20110128,64.07,64.21,62.70,62.90,122900,61.75
20110127,63.78,64.14,63.69,64.03,286600,62.85
20110126,63.19,63.88,63.15,63.80,106400,62.63
20110125,62.97,62.98,62.44,62.96,141900,61.80
20110124,62.74,63.25,62.58,63.17,107800,62.01
20110121,63.17,63.32,62.55,62.64,132500,61.49
20110120,63.05,63.05,62.22,62.74,154800,61.59
20110119,64.37,64.37,63.13,63.32,120500,62.16
20110118,63.95,64.42,63.91,64.42,305000,63.24
20110114,63.42,64.02,63.37,64.00,111400,62.83
20110113,63.63,63.75,63.42,63.60,114500,62.43
20110112,63.73,63.73,63.16,63.58,95800,62.41
20110111,63.19,63.23,62.89,63.10,103300,61.94
20110110,62.27,62.83,61.92,62.73,128700,61.58
20110107,62.92,62.92,61.89,62.55,106800,61.40
20110106,63.02,63.02,62.48,62.65,147600,61.50
20110105,62.30,62.93,62.14,62.85,110600,61.70
20110104,63.37,63.37,62.06,62.46,150400,61.31
20110103,62.97,63.37,62.82,63.01,278600,61.85
20101231,62.52,62.53,62.23,62.30,79100,61.16
20101230,62.51,62.75,62.48,62.56,84100,61.41
20101229,62.38,62.64,62.38,62.52,66400,61.37
20101228,62.62,62.62,62.16,62.25,81700,61.11
20101227,62.44,62.45,61.92,62.40,93700,61.25
20101223,62.97,62.97,62.68,62.79,122400,61.32
20101222,63.14,63.14,62.77,62.92,102600,61.45
20101221,62.80,63.00,62.60,62.98,146000,61.51
20101220,62.45,62.59,62.07,62.49,214300,61.03
20101217,62.22,62.46,61.97,62.36,90600,60.90
20101216,61.65,62.09,61.28,62.09,133100,60.64
20101215,61.72,62.33,61.40,61.53,111800,60.09
20101214,61.79,62.01,61.53,61.70,96900,60.26
20101213,62.32,62.32,61.64,61.69,165600,60.25
20101210,61.58,61.91,61.32,61.86,110800,60.41
20101209,61.75,61.75,61.10,61.36,99200,59.92
20101208,61.47,61.56,60.92,61.20,113800,59.77
20101207,62.18,62.18,61.27,61.31,445600,59.88
20101206,61.24,61.49,61.10,61.41,247000,59.97
20101203,60.77,61.43,60.73,61.34,160500,59.91
20101202,60.24,60.95,60.21,60.92,257500,59.50
20101201,59.85,60.21,59.76,60.12,160100,58.71
20101130,58.51,59.14,58.46,58.87,199000,57.49
20101129,59.05,59.31,58.42,59.18,207800,57.80
20101126,59.14,59.47,59.04,59.25,81600,57.86
20101124,58.83,59.64,58.83,59.63,223900,58.24
20101123,58.30,58.53,58.01,58.36,115800,56.99
20101122,58.56,59.15,58.41,59.15,101800,57.77
20101119,58.15,58.77,57.99,58.74,67700,57.37
20101118,57.99,58.45,57.96,58.20,33800,56.84
20101117,57.10,57.48,56.94,57.27,70100,55.93
20101116,57.48,57.60,56.63,56.97,104200,55.64
20101115,58.24,58.34,57.82,57.88,45800,56.53
20101112,58.55,58.61,57.60,57.78,113100,56.43
20101111,58.16,59.00,58.03,58.88,38600,57.50
20101110,58.45,58.77,57.89,58.77,68400,57.40
20101109,58.96,59.10,58.08,58.31,55400,56.95
20101108,58.56,58.74,58.29,58.72,69100,57.35
20101105,58.59,58.67,58.25,58.61,98900,57.24
20101104,58.04,58.30,57.88,58.27,70900,56.91
20101103,57.19,57.25,56.50,57.25,112600,55.91
20101102,57.09,57.22,56.82,57.17,108900,55.83
20101101,57.00,57.18,56.26,56.60,76900,55.28
20101029,56.14,56.66,56.14,56.61,93600,55.29
20101028,56.79,56.79,56.00,56.23,684800,54.91
20101027,55.90,56.34,55.62,56.33,64700,55.01
20101026,55.73,56.28,55.44,56.10,53500,54.79
20101025,55.96,56.53,55.90,56.00,79500,54.69
20101022,55.35,55.61,55.12,55.61,46100,54.31
20101021,55.40,55.77,54.73,55.23,46200,53.94
20101020,54.72,55.32,54.64,55.12,89900,53.83
20101019,54.81,55.14,54.17,54.45,88500,53.18
20101018,55.58,55.58,55.28,55.54,58300,54.24
20101015,55.92,55.92,55.00,55.49,105000,54.19
20101014,55.53,55.67,55.00,55.28,46300,53.99
20101013,55.66,55.96,55.47,55.70,65500,54.40
20101012,54.80,55.34,54.28,55.21,58900,53.92
20101011,54.95,55.13,54.80,54.92,55900,53.64
20101008,54.39,55.02,54.23,54.86,44500,53.58
20101007,54.60,54.63,53.92,54.30,76900,53.03
20101006,54.88,54.89,54.12,54.32,113700,53.05
20101005,54.22,55.06,54.22,54.94,93300,53.65
20101004,54.25,54.29,53.33,53.67,89900,52.41
20101001,54.53,54.58,53.88,54.25,100400,52.98
20100930,54.65,54.85,53.72,54.10,167800,52.83
20100929,54.20,54.42,53.98,54.25,81700,52.98
20100928,54.01,54.31,53.26,54.24,91800,52.97
20100927,54.00,54.13,53.73,53.84,434900,52.58
20100924,53.42,54.04,53.42,53.98,63000,52.72
20100923,52.56,53.33,52.45,52.77,71600,51.54
20100922,53.28,53.64,52.77,52.94,102300,51.70
20100921,53.61,53.69,53.17,53.32,89400,52.07
20100920,52.89,53.68,52.83,53.62,67100,52.37
20100917,52.87,52.87,52.40,52.67,81300,51.44
20100916,52.42,52.66,52.37,52.60,119900,51.37
20100915,52.25,52.68,52.07,52.63,43800,51.40
20100914,52.28,52.70,52.11,52.43,116800,51.20
20100913,52.34,52.49,52.15,52.43,77400,51.20
20100910,51.47,51.76,51.38,51.65,62300,50.44
20100909,51.97,51.97,51.19,51.37,111300,50.17
20100908,51.04,51.53,51.04,51.32,124600,50.12
20100907,51.29,51.32,50.86,50.91,80200,49.72
20100903,51.61,51.73,51.13,51.52,106200,50.31
20100902,50.06,50.88,50.06,50.83,143000,49.64
20100901,49.07,50.07,49.05,50.03,100200,48.86
20100831,48.25,48.68,47.94,48.29,129900,47.16
20100830,49.01,49.22,48.37,48.37,88000,47.24
20100827,48.69,49.23,47.76,49.19,126100,48.04
20100826,48.79,48.94,48.13,48.17,114900,47.04
20100825,47.92,48.66,47.52,48.51,186200,47.38
20100824,48.54,48.72,48.00,48.30,139100,47.17
20100823,49.96,50.12,49.21,49.21,202600,48.06
20100820,49.38,49.67,48.97,49.67,69100,48.51
20100819,49.97,50.29,49.34,49.53,52900,48.37
20100818,50.09,50.48,49.75,50.24,38200,49.06
20100817,49.66,50.47,49.61,50.09,44200,48.92
20100816,48.75,49.41,48.75,49.20,42000,48.05
20100813,49.20,49.50,49.18,49.18,31300,48.03
20100812,48.42,49.57,48.33,49.39,44400,48.23
20100811,50.33,50.33,49.44,49.54,41100,48.38
20100810,51.25,51.45,50.85,51.20,66400,50.00
20100809,51.73,51.90,51.47,51.85,47400,50.64
20100806,50.98,51.57,50.77,51.41,60000,50.21
20100805,51.38,51.67,51.24,51.59,53300,50.38
20100804,51.49,51.78,51.20,51.71,84300,50.50
20100803,51.23,51.31,50.73,51.04,85300,49.85
20100802,51.10,51.44,50.86,51.36,470000,50.16
20100730,49.31,50.37,49.31,50.29,40600,49.11
20100729,50.76,50.76,49.46,50.02,26200,48.85
20100728,50.57,50.82,49.95,50.19,72400,49.02
20100727,51.87,51.87,50.53,50.72,68700,49.53
20100726,50.64,51.36,50.50,51.36,86700,50.16
20100723,49.62,50.63,49.60,50.63,75400,49.45
20100722,49.25,50.05,49.25,49.89,137300,48.72
20100721,49.62,49.63,48.45,48.64,35100,47.50
20100720,47.75,49.34,47.58,49.27,23500,48.12
20100719,48.41,48.56,47.85,48.42,20400,47.29
20100716,49.41,49.42,48.14,48.17,40600,47.04
20100715,49.70,49.92,49.06,49.72,85700,48.56
20100714,49.65,50.00,49.41,49.76,84400,48.60
20100713,49.44,49.89,49.28,49.73,48600,48.57
20100712,48.79,49.18,48.34,48.68,61500,47.54
20100709,48.57,48.97,48.45,48.93,79200,47.79
20100708,48.80,48.80,47.97,48.52,39900,47.39
20100707,46.55,48.10,46.44,48.04,35900,46.92
20100706,47.31,47.60,46.10,46.46,68400,45.37
20100702,47.16,47.16,46.19,46.46,61300,45.37
20100701,46.91,47.02,45.68,46.84,183600,45.74
20100630,47.25,47.94,46.81,46.91,120700,45.81
20100629,48.36,48.36,46.99,47.25,153000,46.14
20100628,49.64,49.67,49.04,49.20,366600,48.05
20100625,49.19,49.68,48.81,49.54,33300,48.38
20100624,49.69,49.80,48.95,48.98,63200,47.83
20100623,49.99,50.29,49.28,49.92,55700,48.75
20100622,51.20,51.41,49.90,49.91,285600,48.74
20100621,52.19,52.20,50.82,51.07,46300,49.88
20100618,51.51,51.64,51.26,51.39,53800,50.19
20100617,51.79,51.79,50.95,51.38,44700,50.18
20100616,51.27,51.83,51.16,51.50,108900,50.30
20100615,50.74,51.60,50.74,51.58,50100,50.37
20100614,50.76,51.14,50.25,50.31,76400,49.13
20100611,49.17,50.18,49.17,50.16,47600,48.99
20100610,48.94,49.69,48.87,49.69,47300,48.53
20100609,48.08,49.09,47.72,47.95,106700,46.83
20100608,47.68,47.94,46.88,47.77,76100,46.65
20100607,48.99,48.99,47.41,47.46,113700,46.35
20100604,49.48,50.19,48.47,48.64,320000,47.50
20100603,50.48,50.84,50.17,50.84,44300,49.65
20100602,49.03,50.21,48.85,50.21,21600,49.04
20100601,49.38,50.17,48.67,48.67,134000,47.53
20100528,50.73,50.73,49.73,50.02,41600,48.85
20100527,49.80,50.70,49.73,50.70,108700,49.51
20100526,48.86,49.90,48.63,48.80,160800,47.66
20100525,47.13,48.62,46.70,48.58,216700,47.44
20100524,48.69,49.27,48.49,48.49,130800,47.36
20100521,47.20,49.20,46.95,48.98,114500,47.83
20100520,48.89,49.10,47.90,48.07,207100,46.95
20100519,50.09,50.78,49.26,50.13,122100,48.96
20100518,51.90,52.13,50.37,50.49,107400,49.31
20100517,51.50,51.77,50.12,51.28,312900,50.08
20100514,52.24,52.24,50.79,51.26,66300,50.06
20100513,53.06,53.57,52.47,52.57,112500,51.34
20100512,52.15,53.15,52.14,53.15,76800,51.91
20100511,51.45,52.53,51.27,51.89,114400,50.68
20100510,51.87,56.84,51.36,52.03,80300,50.81
20100507,50.75,50.88,48.60,49.43,172700,48.27
20100506,52.21,52.70,48.26,50.85,250400,49.66
20100505,52.58,53.18,51.86,52.51,139500,51.28
20100504,54.01,54.01,52.75,53.07,101300,51.83
20100503,54.03,54.76,54.03,54.68,90100,53.40
20100430,54.96,55.05,53.79,53.79,59100,52.53
20100429,54.50,54.95,54.45,54.93,129200,53.65
20100428,54.18,54.36,53.68,54.09,50000,52.82
20100427,55.21,55.38,53.78,53.92,57400,52.66
20100426,55.54,55.76,55.36,55.43,43300,54.13
20100423,54.95,55.49,54.79,55.46,48300,54.16
20100422,53.77,54.94,53.45,54.88,87200,53.60
20100421,54.30,54.37,53.85,54.24,25500,52.97
20100420,53.83,54.27,53.72,54.23,54500,52.96
20100419,53.59,53.80,52.93,53.51,53400,52.26
20100416,54.48,54.60,53.44,53.86,69000,52.60
20100415,54.59,54.87,54.53,54.64,62200,53.36
20100414,54.17,54.66,54.16,54.66,71000,53.38
20100413,53.70,53.92,53.49,53.87,34700,52.61
20100412,53.76,53.92,53.67,53.77,71300,52.51
20100409,53.32,53.67,53.17,53.67,29800,52.41
20100408,52.98,53.23,52.54,53.18,35600,51.94
20100407,53.50,53.50,52.86,53.12,66700,51.88
20100406,53.24,53.65,53.20,53.53,210000,52.28
20100405,52.96,53.48,52.84,53.48,50400,52.23
20100401,52.48,52.86,52.29,52.65,45800,51.42
20100331,52.18,52.49,52.10,52.12,34400,50.90
20100330,52.38,52.52,52.00,52.37,28600,51.15
20100329,52.00,52.32,52.00,52.30,26700,51.08
20100326,51.87,52.14,51.45,51.77,36700,50.56
20100325,52.50,52.57,51.72,51.76,61700,50.55
20100324,52.31,52.37,52.06,52.17,54500,50.95
20100323,52.11,52.50,51.93,52.50,51700,51.27
20100322,50.96,52.04,50.96,51.97,143000,50.75
20100319,51.35,52.08,51.25,51.35,44700,50.15
20100318,52.19,52.23,51.77,51.89,49300,50.68
20100317,51.98,52.35,51.95,52.13,51100,50.91
20100316,51.49,51.86,51.29,51.86,102300,50.65
20100315,51.49,51.49,50.90,51.29,40700,50.09
20100312,51.69,51.70,51.34,51.59,73300,50.38
20100311,51.16,51.50,51.00,51.50,85600,50.30
20100310,50.94,51.39,50.94,51.37,32400,50.17
20100309,50.68,51.17,50.63,50.90,69300,49.71
20100308,50.94,51.00,50.78,50.83,97900,49.64
20100305,50.42,50.90,50.37,50.87,103000,49.68
20100304,50.13,50.28,49.89,50.11,43800,48.94
20100303,50.07,50.42,49.99,50.08,50800,48.91
20100302,49.87,50.16,49.83,49.97,149900,48.80
20100301,48.85,49.69,48.85,49.67,111000,48.51
20100226,48.55,48.70,48.28,48.68,38400,47.54
20100225,47.71,48.55,47.50,48.52,53500,47.39
20100224,48.12,48.47,48.08,48.37,40000,47.24
20100223,48.62,48.62,47.81,47.86,110400,46.74
20100222,48.94,49.00,48.61,48.71,65000,47.57
20100219,48.46,48.91,48.39,48.76,50100,47.62
20100218,48.31,48.61,48.20,48.57,98600,47.43
20100217,48.23,48.33,47.98,48.29,40000,47.16
20100216,47.55,48.00,47.42,47.98,62800,46.86
20100212,46.41,47.08,46.25,47.08,68800,45.98
20100211,46.08,46.96,45.88,46.94,56000,45.84
20100210,46.23,46.43,45.70,46.17,42000,45.09
20100209,46.25,46.65,45.88,46.37,75600,45.29
20100208,45.77,46.20,45.40,45.63,69600,44.56
20100205,45.78,45.78,44.67,45.76,141200,44.69
20100204,47.11,47.11,45.74,45.74,66100,44.67
20100203,47.57,47.84,47.42,47.54,42500,46.43
20100202,47.06,47.85,46.99,47.80,39600,46.68
20100201,46.27,47.05,46.27,47.04,59700,45.94
20100129,47.13,47.46,46.00,46.26,46900,45.18
20100128,47.64,47.75,46.60,46.91,48100,45.81
20100127,47.32,47.61,46.93,47.55,41800,46.44
20100126,47.60,47.92,47.27,47.52,37400,46.41
20100125,47.93,48.05,47.54,47.75,35700,46.63
20100122,48.67,48.67,47.50,47.58,67700,46.47
20100121,49.50,49.65,48.59,48.65,55700,47.51
20100120,49.49,49.49,48.95,49.42,67200,48.26
20100119,49.55,49.88,49.39,49.87,76300,48.70
20100115,50.14,50.14,49.21,49.42,57900,48.26
20100114,50.09,50.31,49.92,50.14,56900,48.97
20100113,49.84,50.23,49.33,50.19,41800,49.02
20100112,50.10,50.10,49.34,49.63,54800,48.47
20100111,50.73,50.78,50.15,50.39,123800,49.21
20100108,50.00,50.45,49.85,50.45,51600,49.27
20100107,49.99,50.18,49.71,50.16,83900,48.99
20100106,49.61,50.11,49.61,50.06,68000,48.89
20100105,49.44,49.73,49.30,49.70,90000,48.54
20100104,49.07,49.44,48.53,49.42,83600,48.26
20091231,49.07,49.09,48.47,48.49,100500,47.36
20091230,48.85,48.99,48.73,48.91,106000,47.77
20091229,49.20,49.21,48.96,48.99,45900,47.84
20091228,49.33,49.39,48.95,49.14,48400,47.99
20091224,48.99,49.21,48.99,49.21,20500,48.06
20091223,48.86,49.24,48.78,49.23,179400,47.80
20091222,48.49,48.81,48.34,48.78,77500,47.37
20091221,47.96,48.40,47.96,48.31,61800,46.91
20091218,47.55,47.78,47.20,47.70,115100,46.32
20091217,47.53,47.62,47.24,47.35,90000,45.98
20091216,47.72,48.06,47.72,47.86,77400,46.47
20091215,47.28,47.71,47.28,47.53,39700,46.15
20091214,47.11,47.54,46.98,47.54,47100,46.16
20091211,46.77,46.81,46.46,46.75,41200,45.40
20091210,46.46,46.73,46.44,46.54,53300,45.19
20091209,46.03,46.24,45.58,46.14,33800,44.80
20091208,46.07,46.32,45.64,46.05,46600,44.72
20091207,46.40,46.70,46.34,46.45,46900,45.10
20091204,46.76,47.03,45.87,46.44,94300,45.09
20091203,46.61,46.83,45.98,45.99,34300,44.66
20091202,46.13,46.75,46.13,46.43,62300,45.08
20091201,45.80,46.38,45.80,46.23,38900,44.89
20091130,45.46,45.48,45.01,45.43,83400,44.11
20091127,44.60,45.81,44.60,45.48,20600,44.16
20091125,45.99,46.33,45.83,46.33,45000,44.99
20091124,45.89,45.96,45.51,45.87,62000,44.54
20091123,45.95,46.35,45.74,45.89,58100,44.56
20091120,45.44,45.48,45.13,45.40,46300,44.08
20091119,46.19,46.19,45.34,45.68,51600,44.36
20091118,46.96,46.96,46.37,46.57,49800,45.22
20091117,46.88,46.95,46.59,46.95,69100,45.59
20091116,46.72,47.26,46.58,47.08,33000,45.72
20091113,46.12,46.47,45.82,46.35,96900,45.01
20091112,46.51,46.70,45.87,45.96,74100,44.63
20091111,46.75,46.96,46.33,46.56,51400,45.21
20091110,46.26,46.54,46.10,46.32,32700,44.98
20091109,45.69,46.36,45.69,46.31,54200,44.97
20091106,45.01,45.51,44.87,45.34,75100,44.03
20091105,44.77,45.33,44.64,45.33,65400,44.02
20091104,44.52,45.02,44.32,44.32,94700,43.04
20091103,43.61,44.30,43.35,44.27,81800,42.99
20091102,43.68,44.38,43.27,43.86,101400,42.59
20091030,44.78,44.98,43.55,43.62,121600,42.36
20091029,44.22,45.03,44.22,44.97,43400,43.67
20091028,45.25,45.25,43.87,43.88,89300,42.61
20091027,45.99,46.10,45.29,45.38,86700,44.06
20091026,46.38,47.02,45.78,45.87,127400,44.54
20091023,47.09,47.11,46.19,46.28,131300,44.94
20091022,46.55,47.12,46.11,46.93,96600,45.57
20091021,46.98,47.55,46.58,46.58,91600,45.23
20091020,47.55,47.55,46.75,47.07,96000,45.71
20091019,46.96,47.55,46.80,47.47,77500,46.09
20091016,46.90,47.06,46.54,46.90,78100,45.54
20091015,46.77,47.21,46.73,47.21,56300,45.84
20091014,46.77,47.07,46.56,47.05,62100,45.69
20091013,46.28,46.39,45.91,46.24,74700,44.90
20091012,46.31,46.63,46.09,46.30,62000,44.96
20091009,45.85,46.14,45.69,46.09,69400,44.75
20091008,45.54,45.99,45.36,45.80,135500,44.47
20091007,45.15,45.31,44.92,45.20,140400,43.89
20091006,44.85,45.46,44.78,45.16,100700,43.85
20091005,43.77,44.54,43.70,44.45,94000,43.16
20091002,43.48,44.00,43.37,43.61,80600,42.35
20091001,45.19,45.30,43.89,43.89,139100,42.62
20090930,45.62,45.76,44.80,45.41,62700,44.09
20090929,45.47,45.80,45.35,45.54,79800,44.22
20090928,44.84,45.48,44.72,45.36,28100,44.05
20090925,44.73,44.87,44.35,44.56,62100,43.27
20090924,45.65,45.69,44.60,44.81,86400,43.51
20090923,46.27,46.33,45.53,45.53,59000,44.21
20090922,46.12,46.27,45.95,46.13,96300,44.79
20090921,45.48,45.92,45.25,45.88,49300,44.55
20090918,45.95,46.00,45.56,45.85,50300,44.52
20090917,45.82,46.31,45.61,45.74,59500,44.41
20090916,45.42,45.96,45.19,45.96,56300,44.63
20090915,44.89,45.31,44.74,45.25,42000,43.94
20090914,44.21,44.90,44.07,44.87,72000,43.57
20090911,44.50,44.83,44.25,44.54,49700,43.25
20090910,43.92,44.49,43.82,44.48,42600,43.19
20090909,43.50,44.05,43.23,43.90,68700,42.63
20090908,43.27,43.42,43.08,43.42,34100,42.16
20090904,42.18,42.77,42.01,42.72,55900,41.48
20090903,41.85,42.09,41.50,42.09,39500,40.87
20090902,41.49,41.80,41.37,41.61,39200,40.40
20090901,42.43,43.12,41.66,41.68,67200,40.47
20090831,42.77,42.77,42.35,42.61,53200,41.38
20090828,43.52,43.56,42.78,43.14,84200,41.89
20090827,42.87,43.16,42.20,43.03,37000,41.78
20090826,42.83,43.17,42.71,42.90,28200,41.66
20090825,43.16,43.44,42.89,42.98,35100,41.73
20090824,43.25,43.41,42.78,42.89,58400,41.65
20090821,42.48,43.12,42.45,43.01,97600,41.76
20090820,41.77,42.25,41.60,42.22,68200,41.00
20090819,41.12,41.93,41.01,41.89,58600,40.68
20090818,41.23,41.61,41.09,41.53,35400,40.33
20090817,41.46,41.51,40.98,41.07,44900,39.88
20090814,42.74,42.74,41.88,42.17,32600,40.95
20090813,42.67,42.80,42.12,42.80,51600,41.56
20090812,41.91,42.73,41.85,42.39,40500,41.16
20090811,42.15,42.21,41.72,41.89,39500,40.68
20090810,42.35,42.53,42.10,42.30,54900,41.07
20090807,42.28,42.66,41.89,42.44,39600,41.21
20090806,42.20,42.32,41.47,41.67,1628200,40.46
20090805,42.44,42.44,41.75,42.09,43000,40.87
20090804,42.06,42.50,41.96,42.29,92300,41.06
20090803,41.77,42.20,41.54,42.19,80300,40.97
20090731,41.11,41.58,41.11,41.35,56500,40.15
20090730,41.39,41.73,41.19,41.28,73600,40.08
20090729,40.95,40.95,40.60,40.92,30000,39.73
20090728,40.91,41.30,40.67,41.17,49000,39.98
20090727,41.07,41.24,40.78,41.22,47700,40.03
20090724,40.52,41.22,40.49,41.20,72300,40.01
20090723,39.89,41.01,39.86,40.93,79000,39.74
20090722,39.65,40.11,39.59,39.92,61400,38.76
20090721,39.88,39.95,39.18,39.78,87700,38.63
20090720,39.24,39.65,39.14,39.58,82300,38.43
20090717,38.84,39.06,38.61,38.91,39800,37.78
20090716,38.28,39.04,38.20,38.91,66800,37.78
20090715,37.87,38.47,37.84,38.37,148400,37.26
20090714,36.99,37.36,36.86,37.36,63800,36.28
20090713,36.36,36.97,35.72,36.92,107500,35.85
20090710,36.18,36.54,36.00,36.30,74700,35.25
20090709,36.30,36.62,36.11,36.34,76400,35.29
20090708,36.31,36.43,35.60,36.08,348000,35.03
20090707,37.00,37.05,36.20,36.24,332500,35.19
20090706,37.16,37.26,36.59,37.02,51700,35.95
20090702,38.00,38.07,37.45,37.48,62600,36.39
20090701,38.68,39.01,38.50,38.51,44600,37.39
20090630,38.81,38.94,38.20,38.46,69900,37.35
20090629,38.55,38.81,38.18,38.68,65400,37.56
20090626,38.34,38.54,38.21,38.40,84800,37.29
20090625,37.26,38.49,37.26,38.49,81400,37.37
20090624,37.26,37.84,37.25,37.52,87400,36.43
20090623,37.12,37.23,36.61,37.01,58400,35.94
20090622,38.08,38.08,37.02,37.02,72400,35.95
20090619,38.65,38.77,38.26,38.45,52900,37.34
20090618,38.20,38.36,37.81,38.27,67900,37.16
20090617,38.03,38.51,37.73,38.16,119400,37.05
20090616,39.05,39.15,38.02,38.14,48600,37.03
20090615,39.45,39.45,38.55,38.82,70300,37.69
20090612,39.69,39.82,39.26,39.79,249900,38.64
20090611,39.80,40.27,39.68,39.92,97800,38.76
20090610,40.25,40.25,39.10,39.66,148900,38.51
20090609,39.28,39.99,39.28,39.73,110000,38.58
20090608,39.23,39.40,38.60,39.13,100400,38.00
20090605,40.15,40.15,39.11,39.44,129800,38.30
20090604,39.55,39.59,39.02,39.52,109100,38.37
20090603,39.65,39.77,38.81,39.21,127100,38.07
20090602,39.77,40.23,39.67,39.99,150500,38.83
20090601,39.04,40.07,39.04,39.92,115900,38.76
20090529,38.21,38.50,37.96,38.50,87900,37.38
20090528,37.87,38.12,37.21,37.93,74600,36.83
20090527,38.00,38.50,37.59,37.61,106200,36.52
20090526,36.50,38.10,36.50,38.07,271200,36.97
20090522,37.03,37.29,36.64,36.89,119900,35.82
20090521,37.28,37.38,36.57,36.91,186800,35.84
20090520,38.21,38.90,37.72,37.76,121600,36.67
20090519,37.72,38.34,37.55,37.93,206500,36.83
20090518,37.01,37.76,36.79,37.72,194400,36.63
20090515,36.75,37.23,36.48,36.64,233500,35.58
20090514,36.41,37.12,36.30,36.80,183700,35.73
20090513,37.25,37.25,36.30,36.43,242200,35.37
20090512,38.07,38.41,37.10,37.68,204900,36.59
20090511,38.80,38.80,37.54,38.00,285400,36.90
20090508,38.28,38.64,37.78,38.47,293100,37.36
20090507,39.09,39.09,37.38,37.64,304600,36.55
20090506,38.97,38.97,37.89,38.45,363700,37.34
20090505,38.27,38.53,37.91,38.39,1826600,37.28
20090504,37.52,38.50,37.46,38.50,402600,37.38
20090501,36.68,37.36,36.62,37.08,295400,36.01
20090430,37.46,37.72,36.70,36.84,570100,35.77
20090429,36.34,37.13,36.15,36.71,356600,35.65
20090428,35.57,36.19,35.41,35.80,456600,34.76
20090427,35.64,36.49,35.62,35.90,166700,34.86
20090424,36.02,36.59,35.60,36.32,516900,35.27
20090423,35.57,35.71,34.96,35.59,477100,34.56
20090422,34.87,36.30,34.87,35.50,466900,34.47
20090421,34.44,35.28,34.43,35.23,150100,34.21
20090420,35.67,35.67,34.62,34.65,141100,33.65
20090417,35.96,36.36,35.72,36.21,254600,35.16
20090416,35.57,36.14,35.14,35.91,1311400,34.87
20090415,34.81,35.16,34.57,35.10,760000,34.08
20090414,35.04,35.58,34.85,34.95,259000,33.94
20090413,35.27,35.58,34.82,35.40,138800,34.37
20090409,35.08,35.52,34.89,35.52,72000,34.49
20090408,33.84,34.17,33.50,34.16,174600,33.17
20090407,34.06,34.10,33.47,33.55,116500,32.58
20090406,34.62,34.68,34.10,34.66,75100,33.66
20090403,34.64,34.97,34.27,34.91,151400,33.90
20090402,34.13,35.07,34.05,34.54,206400,33.54
20090401,32.25,33.24,32.13,33.21,102200,32.25
20090331,32.97,33.44,32.58,32.67,61100,31.72
20090330,32.87,32.89,32.14,32.58,110600,31.64
20090327,33.92,34.08,33.50,33.57,224100,32.60
20090326,33.66,34.36,33.48,34.32,274100,33.33
20090325,33.04,33.78,32.23,33.15,375700,32.19
20090324,33.16,33.46,32.88,32.88,620600,31.93
20090323,32.45,33.57,32.14,33.57,266400,32.60
20090320,32.63,32.71,31.43,31.59,338900,30.67
20090319,33.09,33.09,32.46,32.52,564400,31.57
20090318,31.80,32.95,31.39,32.54,286500,31.59
20090317,30.95,31.85,30.65,31.85,155600,30.92
20090316,31.54,31.66,30.86,30.91,189500,30.01
20090313,31.37,31.38,30.79,31.26,313400,30.35
20090312,29.96,31.21,29.55,31.12,168800,30.21
20090311,30.01,30.38,29.54,29.86,279900,28.99
20090310,28.57,29.72,28.57,29.71,170500,28.84
20090309,28.05,28.84,27.89,28.00,253000,27.18
20090306,28.58,29.00,27.67,28.36,929500,27.53
20090305,28.92,29.24,28.24,28.40,290900,27.57
20090304,28.96,29.97,28.81,29.50,194700,28.64
20090303,28.80,28.98,28.11,28.44,194200,27.61
20090302,29.47,29.62,28.34,28.42,213300,27.59
20090227,30.05,30.84,29.85,30.20,463400,29.32
20090226,31.46,31.53,30.45,30.46,336800,29.57
20090225,31.18,31.58,30.56,30.99,377300,30.08
20090224,30.33,31.44,30.16,31.24,276700,30.33
20090223,31.60,31.66,30.02,30.07,319300,29.19
20090220,31.01,31.74,30.71,31.37,701100,30.45
20090219,32.25,32.53,31.48,31.54,518100,30.62
20090218,32.44,32.46,31.53,31.94,693300,31.01
20090217,32.48,32.64,32.05,32.09,859600,31.15
20090213,33.84,34.20,33.60,33.72,533200,32.73
20090212,32.91,33.84,32.65,33.82,1173400,32.83
20090211,33.75,33.99,32.98,33.48,793100,32.50
20090210,34.63,35.15,33.33,33.57,978800,32.59
20090209,34.87,35.30,34.60,34.88,368700,33.86
20090206,33.97,35.02,33.90,34.91,1809200,33.89
20090205,32.89,34.13,32.80,33.85,618600,32.86
20090204,33.26,33.84,33.03,33.16,318400,32.19
20090203,32.64,33.26,32.28,33.10,297000,32.13
20090202,32.09,32.68,31.94,32.50,335200,31.55
20090130,33.55,33.69,32.38,32.58,379100,31.63
20090129,33.91,33.91,33.17,33.28,412900,32.31
20090128,33.91,34.47,33.70,34.27,425700,33.27
20090127,33.05,33.35,32.64,33.19,364600,32.22
20090126,32.51,33.41,32.33,32.75,526500,31.79
20090123,31.43,32.93,31.33,32.50,776200,31.55
20090122,32.04,32.73,31.62,32.17,771800,31.23
20090121,32.04,32.83,31.34,32.79,493700,31.83
20090120,33.20,33.26,31.51,31.56,916300,30.64
20090116,33.42,33.71,32.45,33.46,545300,32.48
20090115,32.32,33.28,31.55,32.93,731800,31.97
20090114,33.03,33.03,32.10,32.31,1069900,31.37
20090113,33.31,33.80,33.07,33.60,856000,32.62
20090112,34.33,34.33,33.14,33.34,491100,32.37
20090109,35.16,35.16,34.03,34.30,670600,33.30
20090108,34.66,35.16,34.33,35.10,1490800,34.07
20090107,35.42,35.45,34.63,34.85,509500,33.83
20090106,35.86,36.35,35.61,36.07,519400,35.02
20090105,35.19,35.94,34.91,35.68,416800,34.64
20090102,34.21,35.59,33.93,35.40,468900,34.37
20081231,33.33,34.37,33.29,33.90,255600,32.91
20081230,32.64,33.43,32.50,33.38,187100,32.40
20081229,32.84,32.84,32.00,32.46,1061200,31.51
20081226,32.40,32.71,32.32,32.70,96300,31.74
20081224,31.84,32.31,31.81,32.24,690300,31.30
20081223,32.74,33.01,32.19,32.40,311900,31.24
20081222,33.50,33.60,31.98,32.62,371700,31.45
20081219,33.86,34.09,33.27,33.60,371000,32.39
20081218,34.28,34.33,33.09,33.55,256200,32.35
20081217,33.50,34.69,33.29,34.24,313000,33.01
20081216,33.87,33.87,32.58,33.87,313300,32.65
20081215,33.02,33.14,31.72,32.19,234900,31.03
20081212,31.67,32.78,31.05,32.78,380000,31.60
20081211,33.24,33.81,32.08,32.38,197800,31.22
20081210,33.01,33.88,32.92,33.55,192100,32.35
20081209,32.85,33.87,32.52,32.69,335800,31.52
20081208,32.39,33.38,32.39,33.07,376200,31.88
20081205,30.05,31.70,29.26,31.69,618900,30.55
20081204,31.24,31.90,29.84,30.37,311000,29.28
20081203,30.25,31.68,30.17,31.68,254200,30.54
20081202,30.25,30.96,29.84,30.92,323800,29.81
20081201,32.35,32.35,30.00,30.00,600300,28.92
20081128,32.69,33.05,32.42,33.05,192400,31.86
20081126,30.72,32.84,30.46,32.78,179600,31.60
20081125,30.97,31.20,30.17,31.08,1177800,29.96
20081124,28.83,30.98,28.83,30.55,425400,29.45
20081121,27.14,28.35,26.19,28.35,466700,27.33
20081120,28.63,28.91,26.49,26.63,309300,25.67
20081119,31.43,31.43,29.11,29.11,252000,28.07
20081118,31.27,31.74,30.19,31.15,378900,30.03
20081117,31.46,32.31,31.21,31.28,308500,30.16
20081114,33.03,33.53,31.91,32.04,126400,30.89
20081113,31.39,33.57,29.99,33.57,544900,32.37
20081112,32.86,32.88,31.27,31.39,488300,30.26
20081111,34.23,34.28,32.97,33.48,219000,32.28
20081110,35.70,36.16,34.23,34.65,338700,33.41
20081107,34.55,35.32,34.28,35.05,485300,33.79
20081106,36.01,36.13,34.00,34.13,425400,32.91
20081105,37.97,38.32,36.32,36.33,768500,35.03
20081104,37.59,38.62,37.53,38.54,470700,37.16
20081103,37.07,37.30,36.43,36.81,542700,35.49
20081031,36.37,37.50,35.56,36.96,192000,35.63
20081030,35.63,36.32,34.96,36.32,194300,35.02
20081029,33.29,35.81,33.29,34.50,134800,33.26
20081028,31.86,33.46,30.28,33.46,119800,32.26
20081027,31.17,32.48,30.71,30.71,140000,29.61
20081024,31.46,32.60,30.75,32.12,263400,30.97
20081023,34.43,34.66,31.67,33.32,394300,32.12
20081022,35.53,35.85,33.01,34.10,338900,32.88
20081021,37.99,38.59,36.83,36.95,379900,35.62
20081020,36.93,38.57,36.72,38.56,272400,37.18
20081017,34.89,37.96,34.89,36.17,421100,34.87
20081016,34.94,36.10,32.76,36.10,186400,34.80
20081015,38.12,38.12,34.43,34.45,176500,33.21
20081014,43.20,43.20,37.96,38.61,308300,37.22
20081013,37.99,39.35,36.49,39.35,369300,37.94
20081010,33.20,35.85,32.33,34.77,265500,33.52
20081009,38.70,39.18,35.30,35.81,202200,34.53
20081008,36.64,39.16,36.00,37.87,178400,36.51
20081007,40.42,40.91,37.88,37.88,200700,36.52
20081006,40.50,40.92,37.76,40.32,426800,38.87
20081003,43.69,44.66,42.19,42.34,161900,40.82
20081002,45.98,45.98,43.01,43.20,162100,41.65
20081001,46.64,46.88,45.80,46.45,277300,44.78
20080930,45.23,47.23,45.23,47.22,155500,45.53
20080929,48.77,48.77,44.47,45.32,286100,43.69
20080926,49.44,49.60,48.78,49.60,307900,47.82
20080925,50.70,51.60,49.92,50.49,111500,48.68
20080924,49.50,50.75,49.50,49.97,247300,48.18
20080923,51.18,51.83,50.08,50.29,358400,48.49
20080922,52.64,52.90,51.25,51.27,105800,49.43
20080919,56.06,63.59,51.25,52.63,234800,50.74
20080918,49.87,50.57,47.51,50.40,341500,48.59
20080917,50.54,50.54,48.71,48.71,132700,46.96
20080916,48.55,51.02,48.55,51.02,136700,49.19
20080915,51.76,52.06,49.99,50.21,161300,48.41
20080912,51.96,53.48,51.79,53.48,117900,51.56
20080911,51.02,52.42,50.32,52.42,66800,50.54
20080910,50.88,51.82,50.50,51.43,67100,49.58
20080909,52.50,52.52,50.36,50.67,69200,48.85
20080908,54.89,55.13,52.56,53.21,87000,51.30
20080905,53.06,53.59,51.92,53.44,1231700,51.52
20080904,54.28,54.48,52.79,53.09,377800,51.19
20080903,55.52,55.72,54.31,54.70,76800,52.74
20080902,57.10,57.12,55.58,55.72,105300,53.72
20080829,57.67,57.68,56.95,56.98,259800,54.94
20080828,57.42,57.78,57.18,57.74,43200,55.67
20080827,56.83,57.23,56.70,57.10,31900,55.05
20080826,56.25,56.65,56.14,56.48,55400,54.45
20080825,57.13,57.13,56.01,56.21,225700,54.19
20080822,57.35,57.58,57.10,57.34,160400,55.28
20080821,57.05,57.31,56.68,57.15,514300,55.10
20080820,56.51,57.00,56.50,56.99,63600,54.95
20080819,56.52,56.53,56.09,56.33,75400,54.31
20080818,57.62,57.64,56.29,56.54,75400,54.51
20080815,57.46,57.56,57.09,57.31,111400,55.25
20080814,56.88,57.45,56.65,57.43,151300,55.37
20080813,56.49,57.27,56.23,57.06,131500,55.01
20080812,56.97,57.14,56.35,56.47,343400,54.44
20080811,56.60,56.94,56.44,56.81,96200,54.77
20080808,55.84,56.65,55.54,56.58,154400,54.55
20080807,56.39,56.62,55.79,56.04,91400,54.03
20080806,55.65,56.85,55.65,56.84,61900,54.80
20080805,55.23,55.91,54.96,55.91,304900,53.90
20080804,56.57,56.57,54.68,54.94,115500,52.97
20080801,57.08,57.14,56.52,56.62,307400,54.59
20080731,57.78,57.99,56.91,56.94,556200,54.90
20080730,57.11,58.24,57.11,58.21,379500,56.12
20080729,56.36,56.91,56.18,56.91,132500,54.87
20080728,57.04,57.06,56.13,56.13,52400,54.12
20080725,56.81,57.05,56.02,56.74,93400,54.70
20080724,57.87,57.98,56.15,56.22,183800,54.20
20080723,58.61,58.61,57.73,57.84,209400,55.76
20080722,58.14,58.33,57.70,58.29,131000,56.20
20080721,58.20,58.68,57.86,58.68,130200,56.57
20080718,57.86,57.99,57.58,57.74,89400,55.67
20080717,58.10,58.37,57.34,57.97,129200,55.89
20080716,56.98,57.69,56.44,57.69,80700,55.62
20080715,56.01,57.65,56.00,56.74,143300,54.70
20080714,57.94,58.30,57.21,57.64,102700,55.57
20080711,57.54,58.15,56.63,57.57,138600,55.50
20080710,57.34,58.52,56.69,57.94,241400,55.86
20080709,58.21,58.70,57.07,57.17,237200,55.12
20080708,57.40,58.02,56.20,58.00,406400,55.92
20080707,58.34,58.88,56.82,57.59,245600,55.52
20080703,59.03,59.04,57.43,58.05,258900,55.97
20080702,61.19,61.43,58.75,58.75,365700,56.64
20080701,60.27,60.96,59.68,60.96,169700,58.77
20080630,61.04,61.41,60.82,60.82,566900,58.64
20080627,60.81,61.17,60.33,60.89,145500,58.71
20080626,61.79,61.97,60.59,60.79,257800,58.61
20080625,62.36,62.90,62.01,62.41,153300,60.17
20080624,63.06,63.11,62.06,62.17,145900,59.94
20080623,63.11,63.36,62.98,63.20,34900,60.93
20080620,63.68,63.68,62.46,62.74,65000,60.49
20080619,64.00,64.10,63.49,63.86,20000,61.57
20080618,63.99,64.12,63.39,63.91,69600,61.62
20080617,64.03,64.54,64.03,64.17,167900,61.87
20080616,63.88,64.17,63.31,64.06,93400,61.76
20080613,62.85,63.50,62.51,63.50,22000,61.22
20080612,62.91,62.98,61.85,62.12,94800,59.89
20080611,63.51,63.51,62.34,62.34,148500,60.10
20080610,63.36,63.70,62.97,63.30,33000,61.03
20080609,63.95,64.45,63.32,64.19,42500,61.89
20080606,65.14,65.56,63.92,63.99,194700,61.69
20080605,64.14,65.43,64.14,65.43,55300,63.08
20080604,63.64,64.45,63.60,63.85,136900,61.56
20080603,64.15,64.53,63.25,63.86,41600,61.57
20080602,64.40,64.41,63.67,64.16,167400,61.86
20080530,63.94,64.65,63.94,64.45,350400,62.14
20080529,63.75,64.22,63.59,63.80,37800,61.51
20080528,63.31,63.92,63.04,63.92,36500,61.63
20080527,63.00,63.10,62.56,63.09,82800,60.83
20080523,63.17,63.34,62.36,62.80,63200,60.55
20080522,63.57,63.76,63.23,63.38,150900,61.11
20080521,64.90,65.12,63.43,63.53,64500,61.25
20080520,64.78,64.78,64.17,64.68,179300,62.36
20080519,65.38,65.84,64.59,64.87,50900,62.54
20080516,65.23,65.30,64.59,65.28,66700,62.94
20080515,64.00,64.83,63.82,64.81,242900,62.48
20080514,63.93,64.54,63.76,63.82,37800,61.53
20080513,63.45,63.86,63.10,63.80,177200,61.51
20080512,62.74,63.14,62.11,63.13,31800,60.86
20080509,62.17,62.68,62.16,62.59,18600,60.34
20080508,62.30,62.70,62.16,62.63,21700,60.38
20080507,63.05,63.17,61.96,61.99,243400,59.77
20080506,61.97,63.14,61.97,62.96,28800,60.70
20080505,62.04,62.53,61.94,62.18,33300,59.95
20080502,62.53,62.54,61.78,62.11,41600,59.88
20080501,61.00,61.82,60.80,61.75,47500,59.53
20080430,61.74,62.79,61.00,61.24,90700,59.04
20080429,61.75,61.75,61.15,61.49,39000,59.28
20080428,62.08,62.21,61.72,61.92,115700,59.70
20080425,61.38,61.95,60.95,61.90,31000,59.68
20080424,61.05,61.43,60.05,61.03,88000,58.84
20080423,60.86,61.09,60.49,60.84,30000,58.66
20080422,61.26,61.26,60.17,60.56,57400,58.39
20080421,61.10,61.60,60.93,61.56,31200,59.35
20080418,61.12,61.67,60.85,61.27,66700,59.07
20080417,60.64,60.64,59.72,60.12,694200,57.96
20080416,58.82,60.30,58.82,60.29,26200,58.13
20080415,58.79,58.91,58.10,58.70,27900,56.59
20080414,58.56,58.82,58.23,58.51,318400,56.41
20080411,59.03,59.23,58.41,58.54,75600,56.44
20080410,59.55,59.97,58.95,59.77,44500,57.63
20080409,60.29,60.29,58.94,59.14,26100,57.02
20080408,59.28,59.97,59.28,59.82,33300,57.67
20080407,60.40,60.60,59.61,59.74,609000,57.60
20080404,59.42,60.36,59.33,59.89,28000,57.74
20080403,58.41,59.41,58.41,59.26,25300,57.13
20080402,58.69,59.34,58.49,59.04,31200,56.92
20080401,57.33,58.48,57.01,58.48,46900,56.38
20080331,56.29,56.60,56.05,56.46,31300,54.43
20080328,57.76,57.76,56.03,56.28,14700,54.26
20080327,57.63,57.74,56.68,56.88,40400,54.84
20080326,57.73,57.73,57.27,57.36,45100,55.30
20080325,57.33,58.08,57.13,57.94,87100,55.86
20080324,54.84,57.56,54.84,57.19,61900,55.14
20080320,54.50,55.55,53.88,55.34,46700,53.35
20080319,57.36,57.36,54.64,54.77,34400,52.80
20080318,56.09,56.54,55.07,56.54,243700,54.51
20080317,54.01,55.09,53.47,54.32,87200,52.37
20080314,57.54,57.54,55.20,55.96,126100,53.95
20080313,55.73,57.25,55.15,57.06,66700,55.01
20080312,57.59,57.59,55.89,56.46,2841300,54.43
20080311,55.99,56.79,55.16,56.79,107100,54.75
20080310,56.56,56.56,54.80,54.87,78100,52.90
20080307,57.06,57.39,55.81,56.57,144800,54.54
20080306,58.55,58.60,57.28,57.28,68400,55.22
20080305,58.55,59.03,58.14,58.73,219300,56.62
20080304,57.85,58.27,57.18,58.09,176300,56.00
20080303,58.55,58.74,57.82,58.46,228000,56.36
20080229,59.80,59.80,58.34,58.49,41900,56.39
20080228,60.38,60.68,60.04,60.32,57000,58.15
20080227,60.83,61.16,60.39,60.71,34200,58.53
20080226,60.29,61.31,60.09,61.08,145300,58.88
20080225,59.53,60.61,59.20,60.52,374700,58.34
20080222,59.09,59.34,58.32,59.32,86500,57.19
20080221,59.90,60.10,58.84,58.89,130200,56.77
20080220,58.51,59.80,58.42,59.66,132300,57.51
20080219,60.73,60.73,58.80,59.00,57000,56.88
20080215,58.75,58.84,58.19,58.80,120000,56.69
20080214,60.02,60.02,58.97,59.00,79300,56.88
20080213,59.54,59.90,58.95,59.79,71600,57.64
20080212,59.21,59.60,58.34,58.69,59100,56.58
20080211,58.08,58.95,57.69,58.80,115900,56.69
20080208,57.65,58.26,57.37,57.95,81600,55.87
20080207,56.76,58.02,56.39,57.53,91500,55.46
20080206,58.26,58.44,56.90,56.95,68600,54.90
20080205,58.81,59.10,57.88,57.88,89900,55.80
20080204,60.36,60.36,59.77,59.86,102400,57.71
20080201,59.07,60.30,59.07,60.23,65200,58.06
20080131,56.90,59.18,56.90,58.40,141200,56.30
20080130,58.20,59.07,57.60,57.61,156800,55.54
20080129,58.34,58.46,57.76,58.34,230900,56.24
20080128,56.99,58.01,56.38,58.01,108100,55.92
20080125,58.21,58.56,56.80,56.98,76400,54.93
20080124,56.50,57.57,56.50,57.51,97800,55.44
20080123,54.07,56.42,53.10,56.31,117900,54.28
20080122,53.87,56.09,53.45,55.94,373300,53.93
20080118,56.57,57.10,55.55,56.30,188200,54.28
20080117,58.26,58.63,56.07,56.18,130100,54.16
20080116,58.69,58.96,57.37,58.31,109200,56.21
20080115,60.04,60.08,58.77,58.91,102200,56.79
20080114,60.16,60.78,60.08,60.74,120300,58.56
20080111,60.63,60.63,59.64,59.92,66500,57.76
20080110,59.83,61.26,59.53,60.70,93400,58.52
20080109,60.33,60.35,58.80,60.35,129800,58.18
20080108,61.56,61.97,60.00,60.02,109900,57.86
20080107,62.02,62.36,60.88,61.43,123000,59.22
20080104,63.54,63.54,61.73,62.05,75100,59.82
20080103,64.14,64.46,63.80,64.08,54700,61.78
20080102,64.94,65.07,63.79,64.06,101700,61.76
20071231,65.05,65.21,64.60,64.80,28500,62.47
20071228,65.49,65.49,64.92,65.22,43000,62.87
20071227,65.74,65.91,65.04,65.09,34000,62.75
20071226,66.06,66.11,65.64,66.10,35100,63.72
20071224,66.27,66.27,65.45,65.93,32800,63.56
20071221,64.70,65.35,64.70,65.26,43800,62.91
20071220,63.83,64.42,63.50,64.42,20900,62.10
20071219,64.05,64.05,63.32,63.62,60400,61.19
20071218,63.21,63.54,62.50,63.31,44900,60.90
20071217,64.14,64.14,62.85,62.91,51300,60.51
20071214,64.01,64.78,64.01,64.17,42000,61.72
20071213,64.30,64.85,64.08,64.79,31900,62.32
20071212,66.13,66.13,64.26,64.85,44600,62.38
20071211,66.55,66.55,64.32,64.38,46800,61.93
20071210,66.24,66.35,65.92,66.28,84600,63.75
20071207,65.71,65.92,65.38,65.85,51600,63.34
20071206,64.46,65.45,64.07,65.39,141700,62.90
20071205,64.34,64.41,63.91,64.33,34500,61.88
20071204,64.11,64.11,63.20,63.42,67400,61.00
20071203,65.58,66.89,63.73,63.78,95700,61.35
20071130,64.59,64.59,63.50,63.83,52600,61.40
20071129,63.25,63.73,63.04,63.41,45900,60.99
20071128,62.41,63.59,62.41,63.59,20600,61.17
20071127,61.41,61.41,60.58,61.37,32600,59.03
20071126,61.90,62.02,60.49,60.49,21400,58.18
20071123,61.25,61.46,60.72,61.32,6300,58.98
20071121,62.42,62.42,60.19,60.58,31800,58.27
20071120,61.72,62.25,60.57,61.38,27100,59.04
20071119,62.61,62.61,61.15,61.38,27800,59.04
20071116,62.68,62.68,61.78,62.61,28300,60.22
20071115,63.34,63.34,61.92,62.17,27700,59.80
20071114,63.44,63.79,63.04,63.09,19500,60.68
20071113,62.51,63.22,62.09,63.19,17500,60.78
20071112,62.22,62.90,61.44,61.48,38600,59.14
20071109,63.38,63.85,62.92,63.11,41400,60.70
20071108,64.77,64.77,63.06,64.24,111700,61.79
20071107,68.45,68.45,64.35,64.38,35500,61.93
20071106,66.26,66.26,64.99,65.89,22800,63.38
20071105,65.15,65.37,64.54,65.15,32700,62.67
20071102,65.75,65.88,65.00,65.73,38100,63.22
20071101,66.20,66.32,65.42,65.42,43500,62.93
20071031,66.12,66.78,65.79,66.70,37500,64.16
20071030,66.11,66.28,65.82,65.83,30100,63.32
20071029,66.31,66.45,66.07,66.16,26500,63.64
20071026,65.91,66.17,65.50,65.90,38500,63.39
20071025,65.51,65.64,64.74,65.56,58500,63.06
20071024,65.14,65.42,64.19,65.42,62200,62.93
20071023,65.20,65.57,64.72,65.57,33800,63.07
20071022,63.77,64.94,63.70,64.89,49200,62.42
20071019,66.03,66.03,64.18,64.18,55200,61.73
20071018,65.83,66.37,65.63,66.29,21600,63.76
20071017,66.39,66.39,65.38,66.11,36200,63.59
20071016,66.19,66.19,65.78,65.85,24800,63.34
20071015,66.99,67.24,66.00,66.34,24400,63.81
20071012,66.42,66.85,66.33,66.84,96400,64.29
20071011,67.45,67.48,65.97,66.34,38900,63.81
20071010,66.88,67.06,66.56,67.01,27900,64.45
20071009,66.50,66.89,66.34,66.89,17700,64.34
20071008,66.41,66.52,66.16,66.31,34000,63.78
20071005,66.10,66.70,65.93,66.52,31100,63.98
20071004,65.59,65.66,65.34,65.61,19500,63.11
20071003,65.67,65.88,65.48,65.57,18600,63.07
20071002,65.90,65.99,65.60,65.98,16000,63.46
20071001,64.92,65.77,64.92,65.72,38400,63.21
20070928,65.02,65.25,64.72,64.80,29200,62.33
20070927,64.83,65.05,64.66,65.01,22800,62.53
20070926,64.36,64.56,64.21,64.47,49200,62.01
20070925,63.63,64.08,63.36,64.08,32500,61.64
20070924,64.26,64.34,63.75,63.95,38900,61.51
20070921,64.23,64.49,64.11,64.15,47400,61.70
20070920,64.23,64.26,63.76,63.93,19100,61.49
20070919,64.45,64.84,63.99,64.26,375600,61.81
20070918,62.52,63.96,62.21,63.87,38200,61.43
20070917,62.50,62.50,61.91,62.01,31200,59.65
20070914,61.87,62.61,61.87,62.56,40200,60.17
20070913,62.44,62.73,62.33,62.37,29700,59.99
20070912,62.21,62.63,62.17,62.21,22900,59.84
20070911,61.73,62.34,61.68,62.31,14600,59.93
20070910,62.17,62.25,60.86,61.64,44000,59.29
20070907,61.97,62.20,61.60,61.81,66700,59.45
20070906,63.01,63.14,62.53,63.01,16600,60.61
20070905,62.75,63.02,62.42,62.85,36200,60.45
20070904,62.39,63.60,62.39,63.32,58200,60.91
20070831,62.18,62.75,62.12,62.43,24000,60.05
20070830,61.24,61.87,61.21,61.65,7300,59.30
20070829,60.65,61.65,60.65,61.63,17100,59.28
20070828,61.57,61.57,60.31,60.34,35200,58.04
20070827,62.27,62.30,61.71,61.90,1990100,59.54
20070824,61.37,62.36,61.37,62.36,13400,59.98
20070823,61.86,61.86,61.16,61.40,23600,59.06
20070822,61.43,61.68,61.17,61.55,39400,59.20
20070821,60.15,60.67,60.07,60.54,16300,58.23
20070820,60.05,60.33,59.52,60.27,41900,57.97
20070817,60.18,60.35,58.50,59.78,34900,57.50
20070816,58.52,58.54,56.42,58.26,67700,56.04
20070815,60.33,60.66,59.00,59.19,32400,56.93
20070814,61.78,61.93,60.56,60.56,106600,58.25
20070813,62.42,62.42,61.70,61.82,192400,59.46
20070810,60.55,61.92,60.19,61.57,50200,59.22
20070809,62.00,63.01,61.42,61.57,77600,59.22
20070808,62.74,63.74,62.63,63.31,49500,60.90
20070807,61.44,62.56,61.44,62.55,20300,60.16
20070806,60.68,61.59,60.26,61.43,62200,59.09
20070803,62.60,62.60,61.08,61.11,19400,58.78
20070802,62.59,62.64,62.00,62.64,39000,60.25
20070801,62.13,62.49,60.92,62.02,78300,59.66
20070731,63.40,63.41,61.73,61.73,47900,59.38
20070730,62.02,62.74,61.70,62.52,45800,60.14
20070727,62.24,62.81,61.44,61.44,46000,59.10
20070726,63.02,63.24,61.60,62.48,120600,60.10
20070725,64.86,64.90,63.66,64.12,289300,61.67
20070724,65.44,65.58,64.26,64.53,43000,62.07
20070723,66.03,66.22,65.81,65.86,15600,63.35
20070720,66.44,66.44,65.58,65.78,15500,63.27
20070719,66.53,66.58,66.20,66.37,32900,63.84
20070718,65.87,66.03,65.60,66.03,13700,63.51
20070717,66.40,66.40,65.96,66.16,21300,63.64
20070716,66.27,66.45,65.93,66.10,16900,63.58
20070713,66.06,66.39,66.05,66.35,15800,63.82
20070712,65.51,66.11,65.49,66.05,14600,63.53
20070711,64.72,65.07,64.50,65.07,27100,62.59
20070710,65.13,65.20,64.62,64.64,20400,62.18
20070709,65.40,65.53,65.06,65.36,20400,62.87
20070706,64.76,65.24,64.61,65.20,17100,62.71
20070705,64.45,64.65,64.23,64.65,18900,62.18
20070703,64.15,64.26,64.13,64.24,14100,61.79
20070702,63.59,64.00,63.58,64.00,45500,61.56
20070629,63.45,63.75,62.92,63.29,15100,60.88
20070628,63.55,63.55,63.23,63.25,26400,60.84
20070627,62.05,63.20,62.04,63.20,21700,60.79
20070626,63.21,63.21,62.31,62.31,30400,59.93
20070625,63.49,63.57,62.66,62.90,22700,60.50
20070622,63.85,63.85,63.20,63.50,35700,61.08
20070621,63.45,63.94,63.13,63.83,21000,61.40
20070620,64.24,64.26,63.46,63.46,12200,61.04
20070619,63.92,64.13,63.62,63.99,17900,61.55
20070618,64.35,64.35,63.95,64.02,26400,61.58
20070615,64.38,64.38,64.09,64.13,37300,61.68
20070614,63.45,63.71,63.45,63.68,21700,61.25
20070613,62.69,63.09,62.51,63.09,10400,60.68
20070612,62.60,62.86,62.27,62.27,10200,59.90
20070611,62.75,63.09,62.53,62.95,7700,60.55
20070608,61.88,62.73,61.74,62.72,22500,60.33
20070607,62.90,63.21,62.00,62.00,37000,59.64
20070606,63.80,63.80,63.06,63.30,14100,60.89
20070605,64.15,64.17,63.76,64.04,20300,61.60
20070604,63.89,64.27,63.85,64.24,17900,61.79
20070601,64.04,64.16,63.86,63.95,15800,61.51
20070531,63.65,63.79,63.49,63.73,10200,61.30
20070530,62.19,63.26,62.19,63.26,25500,60.85
20070529,62.42,62.71,62.30,62.48,13900,60.10
20070525,62.05,62.26,61.99,62.19,26800,59.82
20070524,62.73,62.81,61.69,61.80,23800,59.44
20070523,62.98,63.06,62.56,62.56,37500,60.17
20070522,62.70,62.81,62.53,62.65,13300,60.26
20070521,62.38,62.87,62.35,62.72,25700,60.33
20070518,62.10,62.35,61.91,62.25,14100,59.88
20070517,61.75,62.05,61.55,61.84,11400,59.48
20070516,61.75,61.79,61.32,61.75,15300,59.40
20070515,61.70,62.15,61.50,61.52,20800,59.17
20070514,62.30,62.30,61.64,61.89,32100,59.53
20070511,61.85,62.13,61.58,62.12,18000,59.75
20070510,62.20,62.28,61.45,61.56,38100,59.21
20070509,61.90,62.49,61.83,62.44,55900,60.06
20070508,61.73,61.89,61.35,61.86,12200,59.50
20070507,62.15,62.15,61.87,61.92,51200,59.56
20070504,61.75,61.98,61.70,61.88,9200,59.52
20070503,61.60,61.72,61.41,61.66,269400,59.31
20070502,60.85,61.58,60.85,61.50,12800,59.15
20070501,60.65,60.73,60.12,60.67,32900,58.36
20070430,61.59,61.59,60.66,60.66,20400,58.35
20070427,61.52,61.52,61.30,61.45,8600,59.11
20070426,61.59,61.66,61.27,61.57,22200,59.22
20070425,61.40,61.57,60.87,61.45,12000,59.11
20070424,61.13,61.13,60.65,60.92,11300,58.60
20070423,60.70,61.00,60.70,60.92,25400,58.60
20070420,60.88,60.88,60.42,60.52,7000,58.21
20070419,59.94,60.28,59.79,60.11,6500,57.82
20070418,60.35,60.47,60.06,60.39,3500,58.09
20070417,60.55,60.57,60.26,60.40,30200,58.10
20070416,60.24,60.41,60.11,60.36,6200,58.06
20070413,59.90,59.92,59.55,59.89,10000,57.61
20070412,59.07,59.77,59.07,59.77,7800,57.49
20070411,59.65,59.65,59.09,59.17,11000,56.91
20070410,59.35,59.60,59.35,59.57,6200,57.30
20070409,59.57,59.58,59.30,59.43,15200,57.16
20070405,59.11,59.36,59.06,59.35,26200,57.09
20070404,58.99,59.09,58.83,59.09,15700,56.84
20070403,58.77,59.00,58.72,58.98,3400,56.73
20070402,58.30,58.48,58.12,58.48,4700,56.25
20070330,58.32,58.46,57.92,58.08,13100,55.87
20070329,58.52,58.52,57.84,58.13,8000,55.91
20070328,58.35,58.35,58.00,58.11,13600,55.89
20070327,58.65,58.68,58.51,58.68,20900,56.44
20070326,59.17,59.17,58.42,58.88,19500,56.63
20070323,59.11,59.11,58.87,59.02,12200,56.77
20070322,58.90,58.90,58.61,58.79,29800,56.55
20070321,57.91,58.81,57.79,58.66,13600,56.41
20070320,57.54,57.71,57.41,57.66,7900,55.45
20070319,57.19,57.48,57.06,57.36,6300,55.16
20070316,56.77,57.04,56.56,56.72,9600,54.55
20070315,56.69,57.03,56.69,56.90,53400,54.72
20070314,56.44,56.65,55.60,56.51,11200,54.35
20070313,57.18,57.27,56.29,56.29,8600,54.13
20070312,57.19,57.51,57.12,57.34,11200,55.14
20070309,57.35,57.35,56.88,57.11,17200,54.92
20070308,57.18,57.35,56.99,56.99,9500,54.81
20070307,56.31,56.81,56.31,56.49,9900,54.33
20070306,56.13,56.56,55.92,56.52,19300,54.36
20070305,55.60,56.24,55.40,55.40,16700,53.28
20070302,56.97,57.18,56.25,56.25,36800,54.10
20070301,56.20,57.46,56.00,57.14,14500,54.95
20070228,57.23,57.72,56.79,57.48,23300,55.28
20070227,58.45,58.53,56.83,57.22,19600,55.03
20070226,59.82,59.82,59.20,59.34,27200,57.07
20070223,59.63,59.63,59.49,59.60,30600,57.32
20070222,59.71,59.83,59.35,59.59,21100,57.31
20070221,59.29,59.55,59.14,59.54,35900,57.26
20070220,58.99,59.44,58.84,59.40,15700,57.13
20070216,59.08,59.08,58.89,59.05,18100,56.79
20070215,58.86,59.11,58.86,59.07,22100,56.81
20070214,58.48,58.91,58.48,58.81,5200,56.56
20070213,58.08,58.16,57.95,58.11,8000,55.88
20070212,58.13,58.13,57.73,57.78,10900,55.57
20070209,59.00,59.00,57.91,58.26,23300,56.03
20070208,58.66,58.89,58.57,58.80,17800,56.55
20070207,58.58,58.80,58.50,58.59,15200,56.35
20070206,58.48,58.48,58.15,58.46,10300,56.22
20070205,58.33,58.36,58.19,58.26,10700,56.03
20070202,58.07,58.18,57.93,58.16,3800,55.93
20070201,57.66,57.93,57.66,57.81,7000,55.60
20070131,56.81,57.56,56.81,57.55,3600,55.35
20070130,56.69,56.96,56.68,56.96,4800,54.78
20070129,56.67,56.91,56.58,56.60,3000,54.43
20070126,56.54,56.66,56.24,56.58,6700,54.41
20070125,57.13,57.29,56.39,57.29,20300,55.10
20070124,56.94,57.29,56.85,57.29,10000,55.10
20070123,56.41,56.94,56.41,56.78,4400,54.61
20070122,56.62,56.62,56.26,56.38,9000,54.22
20070119,56.23,56.65,56.23,56.65,9400,54.48
20070118,56.81,56.81,56.16,56.33,6500,54.17
20070117,56.84,57.05,56.80,56.84,9600,54.66
20070116,56.99,57.00,56.72,56.77,26200,54.60
20070112,56.44,56.78,56.44,56.78,3000,54.61
20070111,56.26,56.45,56.18,56.29,11900,54.13
20070110,55.33,55.82,55.26,55.81,5600,53.67
20070109,55.36,55.48,55.06,55.48,8900,53.36
20070108,55.19,55.52,55.10,55.37,4900,53.25
20070105,55.19,55.20,54.95,55.06,9200,52.95
20070104,54.94,55.42,54.94,55.41,3700,53.29
20070103,55.60,55.81,54.83,55.19,17000,53.08
20061229,55.61,55.61,55.33,55.44,2200,53.32
20061228,55.85,55.85,55.64,55.73,3500,53.60
20061227,55.60,55.76,55.60,55.76,5500,53.62
20061226,55.23,55.29,55.21,55.21,1800,53.10
20061222,55.44,55.44,55.26,55.32,6400,53.20
20061221,56.19,56.19,55.68,55.68,4400,53.34
20061220,56.26,56.40,56.04,56.09,2100,53.74
20061219,55.56,56.24,55.56,56.22,7100,53.86
20061218,56.70,56.71,56.08,56.08,4100,53.73
20061215,56.83,56.83,56.56,56.56,5100,54.19
20061214,56.50,56.83,56.50,56.83,10700,54.45
20061213,56.53,56.53,56.22,56.35,4700,53.99
20061212,56.57,56.58,56.13,56.13,2700,53.78
20061211,56.57,56.66,56.57,56.66,5500,54.28
20061208,56.73,57.02,56.60,56.82,25500,54.44
20061207,57.17,57.17,56.71,56.73,45300,54.35
20061206,56.84,57.07,56.84,56.97,41900,54.58
20061205,56.73,56.96,56.69,56.89,67400,54.50
20061204,56.46,56.93,56.46,56.85,18700,54.47
20061201,56.32,56.32,55.74,55.74,3100,53.40
20061130,56.10,56.10,56.07,56.07,1400,53.72
20061129,55.70,55.93,55.70,55.93,2300,53.58
20061128,55.01,55.38,55.01,55.38,2400,53.06
20061127,56.21,56.21,55.21,55.21,13500,52.89
20061124,56.08,56.31,56.08,56.30,3400,53.94
20061122,56.16,56.30,56.00,56.30,6500,53.94
20061121,55.70,55.86,55.70,55.86,2000,53.52
20061120,55.43,55.68,55.43,55.57,6100,53.24
20061117,55.35,55.50,55.29,55.50,2000,53.17
20061116,55.74,55.74,55.55,55.58,3600,53.25
20061115,55.44,55.85,55.35,55.62,29600,53.29
20061114,54.87,55.25,54.70,55.25,22400,52.93
20061113,54.64,54.84,54.64,54.76,23800,52.46
20061110,54.48,54.52,54.34,54.50,16900,52.21
20061109,54.82,54.95,54.38,54.39,16500,52.11
20061108,54.38,54.78,54.38,54.70,16600,52.41
20061107,54.41,54.69,54.41,54.46,17100,52.18
20061106,53.81,54.42,53.81,54.31,9900,52.03
20061103,53.69,53.69,53.39,53.53,13300,51.28
20061102,53.29,53.56,53.29,53.45,11900,51.21
20061101,54.41,54.41,53.44,53.46,15200,51.22
20061031,54.35,54.36,54.09,54.09,4000,51.82
20061030,54.28,54.48,54.14,54.35,11400,52.07
20061027,54.73,54.73,54.36,54.36,3400,52.08
20061026,54.59,54.59,54.37,54.53,1000,52.24
20061025,54.00,54.30,54.00,54.30,2200,52.02
20061024,53.95,54.11,53.91,54.08,11300,51.81
20061023,53.65,54.03,53.65,53.90,10800,51.64
20061020,53.83,53.83,53.69,53.69,10800,51.44
20061019,54.05,54.06,53.94,54.05,10700,51.78
20061018,54.23,54.23,53.66,53.74,12800,51.49
20061017,54.03,54.03,53.75,53.92,12400,51.66
20061016,54.10,54.48,54.10,54.43,11600,52.15
20061013,53.79,54.08,53.79,53.91,16200,51.65
20061012,53.39,53.79,53.39,53.79,2300,51.53
20061011,53.06,53.24,53.03,53.03,1800,50.81
20061010,53.18,53.33,53.18,53.29,1000,51.05
20061009,52.98,53.31,52.97,53.09,3400,50.86
20061006,52.88,53.13,52.81,52.95,14200,50.73
20061005,52.98,53.36,52.85,53.31,12100,51.07
20061004,51.90,52.65,51.90,52.62,3900,50.41
20061003,51.76,52.16,51.73,51.80,18700,49.63
20061002,52.45,52.57,52.18,52.18,1600,49.99
20060929,52.81,52.81,52.54,52.56,12300,50.36
20060928,52.90,52.90,52.63,52.63,11700,50.42
20060927,52.75,52.85,52.69,52.69,6600,50.48
20060926,52.37,52.64,52.37,52.63,2200,50.42
20060925,51.70,51.79,51.41,51.79,500,49.62
20060922,52.01,52.01,51.62,51.66,700,49.49
20060921,52.69,52.69,52.19,52.22,900,50.03
20060920,52.50,52.69,52.50,52.50,1300,50.30
20060919,53.26,53.26,51.92,51.92,2100,49.74
20060918,52.48,52.97,52.35,52.45,35500,50.25
20060915,52.53,52.53,52.29,52.29,1000,50.10
20060914,52.31,52.31,52.27,52.27,400,50.08
20060913,52.15,52.46,52.03,52.46,1200,50.26
20060912,51.35,51.95,51.35,51.95,2300,49.77
20060911,50.75,51.15,50.75,51.15,1300,49.00
20060908,51.20,51.20,51.00,51.00,9800,48.86
20060907,51.32,51.32,51.03,51.09,900,48.95
20060906,51.97,51.97,51.57,51.57,1100,49.41
20060905,52.05,52.20,52.05,52.18,1700,49.99
20060901,51.90,52.12,51.90,52.12,500,49.93
20060831,51.61,51.71,51.57,51.69,7100,49.52
20060830,51.55,51.60,51.55,51.60,3900,49.44
20060829,50.99,50.99,50.95,50.95,11700,48.81
20060828,50.86,51.20,50.86,51.20,200,49.05
20060825,50.90,50.98,50.90,50.98,3400,48.84
