20140814,107.76,108.08,107.51,108.08,40100,108.08
20140813,107.36,107.47,107.04,107.20,68900,107.20
20140812,106.84,106.98,106.64,106.87,38800,106.87
20140811,106.63,107.15,106.54,106.98,36600,106.98
20140808,105.30,106.04,105.07,105.91,87700,105.91
20140807,106.24,106.56,105.13,105.55,49100,105.55
20140806,105.96,106.40,105.15,106.40,105300,106.40
20140805,107.17,107.49,106.05,106.34,118000,106.34
20140804,108.00,108.10,107.18,107.97,55500,107.97
20140801,107.47,108.11,107.07,107.18,111100,107.18
20140731,108.72,108.74,107.72,107.80,90000,107.80
20140730,109.84,110.00,109.27,109.65,52500,109.65
20140729,110.71,110.73,109.97,110.03,62600,110.03
20140728,110.52,110.69,110.01,110.62,156300,110.62
20140725,110.80,110.96,110.40,110.67,50600,110.67
20140724,110.89,110.97,110.63,110.65,30000,110.65
20140723,110.77,110.92,110.48,110.71,49400,110.71
20140722,110.19,110.71,110.19,110.44,100400,110.44
20140721,109.70,109.95,109.31,109.92,63400,109.92
20140718,109.51,110.20,109.35,110.16,34600,110.16
20140717,110.02,110.37,109.27,109.38,38000,109.38
20140716,110.34,110.51,110.12,110.30,138500,110.30
20140715,110.30,110.36,109.26,109.86,85600,109.86
20140714,110.29,110.53,110.16,110.29,47100,110.29
20140711,109.96,109.96,109.44,109.77,48800,109.77
20140710,109.52,110.12,109.21,110.05,44800,110.05
20140709,110.44,111.12,110.44,111.09,62400,111.09
20140708,111.63,111.84,110.50,110.98,85100,110.98
20140707,111.97,111.97,111.72,111.85,240000,111.85
20140703,112.28,112.74,112.28,112.71,38400,112.71
20140702,112.06,112.16,111.86,112.15,54100,112.15
20140701,111.74,112.14,111.55,111.98,87900,111.98
20140630,110.72,111.16,110.64,111.16,135500,111.16
20140627,110.03,110.46,109.99,110.44,38000,110.44
20140626,110.00,110.33,109.56,110.33,40000,110.33
20140625,109.03,109.66,109.02,109.48,48500,109.48
20140624,110.07,110.20,109.17,109.24,55600,109.24
20140623,111.07,111.30,110.68,110.88,141300,110.13
20140620,111.42,111.43,111.14,111.32,56300,110.57
20140619,111.46,111.62,111.03,111.32,48500,110.57
20140618,110.34,111.28,110.23,111.13,30000,110.38
20140617,110.05,110.33,109.86,110.17,37000,109.43
20140616,110.34,110.62,110.00,110.45,121800,109.70
20140613,110.57,110.78,110.35,110.74,35000,109.99
20140612,110.70,111.26,110.60,110.88,27600,110.13
20140611,110.51,110.77,110.34,110.51,50800,109.76
20140610,111.04,111.18,110.78,111.15,46800,110.40
20140609,110.99,111.29,110.80,111.19,48800,110.44
20140606,110.94,111.19,110.68,111.14,116400,110.39
20140605,109.73,110.40,109.51,110.36,44300,109.62
20140604,109.35,109.58,109.05,109.54,31000,108.80
20140603,108.96,109.47,108.53,109.42,74100,108.68
20140602,109.40,109.77,109.29,109.73,298700,108.99
20140530,109.39,109.48,109.16,109.39,48800,108.65
20140529,108.95,109.25,108.82,109.24,109900,108.50
20140528,108.81,108.87,108.45,108.80,59300,108.07
20140527,108.82,108.82,108.23,108.65,48200,107.92
20140523,107.55,107.98,107.55,107.77,50900,107.04
20140522,107.36,107.49,106.99,107.42,59100,106.70
20140521,106.55,106.98,106.25,106.98,69500,106.26
20140520,106.56,106.72,105.80,106.12,89900,105.40
20140519,106.59,106.72,106.31,106.71,100700,105.99
20140516,106.63,106.76,106.15,106.76,46800,106.04
20140515,107.52,107.80,106.60,106.85,77500,106.13
20140514,108.42,108.46,108.01,108.02,62400,107.29
20140513,108.57,108.59,108.23,108.45,65400,107.72
20140512,108.37,108.67,108.26,108.65,77000,107.92
20140509,108.22,108.22,107.57,107.90,65200,107.17
20140508,108.57,108.90,108.02,108.32,66100,107.59
20140507,108.52,108.78,108.00,108.62,43400,107.89
20140506,108.85,109.00,108.51,108.80,43200,108.07
20140505,108.28,108.58,108.01,108.57,37900,107.84
20140502,108.28,108.68,108.05,108.67,47500,107.94
20140501,108.03,108.29,107.84,108.00,71600,107.27
20140430,107.54,107.95,107.19,107.95,45400,107.22
20140429,107.23,107.85,107.01,107.66,109100,106.93
20140428,107.36,107.36,106.41,106.87,59900,106.15
20140425,107.57,107.57,106.95,107.31,38900,106.59
20140424,108.20,108.22,107.42,107.89,658400,107.16
20140423,107.96,108.02,107.58,107.81,66200,107.08
20140422,108.14,108.18,107.76,108.03,97000,107.30
20140421,107.67,107.88,107.30,107.58,34900,106.85
20140417,107.48,107.91,107.19,107.67,35600,106.94
20140416,106.15,107.10,106.15,107.06,154800,106.34
20140415,105.77,105.80,104.50,105.60,62500,104.89
20140414,106.15,106.24,105.54,105.87,44900,105.16
20140411,106.57,106.90,106.00,106.46,43700,105.74
20140410,108.57,108.57,107.00,107.33,62900,106.61
20140409,108.03,108.84,107.56,108.78,71900,108.05
20140408,107.00,107.39,106.75,107.23,32800,106.51
20140407,107.80,107.91,107.08,107.33,54600,106.61
20140404,108.70,108.76,107.63,107.86,29400,107.13
20140403,108.17,108.17,107.43,107.98,38800,107.25
20140402,107.95,108.50,107.90,108.24,129200,107.51
20140401,107.64,107.91,107.35,107.85,90200,107.12
20140331,106.94,107.20,106.63,106.86,77200,106.14
20140328,106.23,106.58,106.19,106.31,44500,105.59
20140327,105.48,105.88,105.06,105.76,54200,105.05
20140326,105.77,105.91,105.00,105.04,50000,104.33
20140325,104.57,105.50,104.46,105.24,37700,104.53
20140324,104.90,104.94,103.67,104.30,57400,103.60
20140321,105.34,105.49,104.28,104.37,99900,103.67
20140320,105.09,105.47,104.63,105.23,237400,104.52
20140319,107.37,107.50,105.54,106.00,90900,105.28
20140318,106.83,107.52,106.83,107.38,27000,106.66
20140317,106.51,106.95,106.49,106.67,64800,105.95
20140314,105.30,105.82,105.23,105.54,42300,104.83
20140313,107.23,107.68,105.33,105.52,58100,104.81
20140312,106.52,106.86,106.32,106.76,66700,106.04
20140311,107.77,107.92,107.01,107.23,54700,106.51
20140310,107.92,107.93,107.23,107.79,53400,107.06
20140307,108.70,108.80,107.89,108.34,60300,107.61
20140306,108.56,109.16,108.56,108.86,45800,108.13
20140305,107.67,107.79,107.45,107.77,41000,107.04
20140304,107.51,108.10,107.38,107.62,43600,106.89
20140303,106.10,106.40,105.52,105.82,109200,105.11
20140228,107.18,107.84,107.00,107.46,49100,106.74
20140227,105.71,106.74,105.71,106.64,39200,105.92
20140226,106.30,106.35,105.76,106.02,42800,105.30
20140225,106.82,107.07,106.11,106.29,46300,105.57
20140224,106.38,107.05,106.30,106.67,47800,105.95
20140221,105.92,106.29,105.65,105.97,73500,105.26
20140220,104.84,105.78,104.84,105.71,47700,105.00
20140219,105.69,105.93,104.92,105.08,67600,104.37
20140218,105.69,105.99,105.50,105.69,62600,104.98
20140214,104.74,105.46,104.74,105.19,175800,104.48
20140213,103.46,104.75,103.46,104.56,25900,103.85
20140212,104.18,104.29,103.74,103.99,46800,103.29
20140211,102.93,104.19,102.65,103.65,47600,102.95
20140210,102.85,102.99,102.28,102.64,167600,101.95
20140207,102.22,102.94,101.65,102.88,140000,102.19
20140206,100.36,101.49,100.36,101.40,91400,100.72
20140205,99.48,99.82,98.79,99.60,68800,98.93
20140204,98.73,99.60,98.73,99.42,104900,98.75
20140203,99.86,99.94,98.41,98.52,83900,97.86
20140131,99.79,100.63,99.50,100.27,61200,99.59
20140130,100.75,101.15,100.18,101.13,75000,100.45
20140129,100.43,100.81,100.05,100.13,45100,99.45
20140128,100.58,101.27,100.58,101.22,61000,100.54
20140127,101.15,101.75,99.26,100.07,68000,99.39
20140124,102.52,102.52,101.50,101.50,82100,100.82
20140123,103.62,103.89,102.76,103.20,84200,102.50
20140122,104.19,104.19,103.78,104.09,75700,103.39
20140121,104.04,104.04,103.50,103.97,72000,103.27
20140117,103.76,103.88,103.45,103.55,44000,102.85
20140116,103.59,103.95,103.30,103.73,69200,103.03
20140115,103.80,104.04,103.60,103.96,57600,103.26
20140114,103.57,103.90,103.28,103.87,43900,103.17
20140113,103.79,103.79,102.92,103.14,64900,102.44
20140110,103.02,103.97,101.37,103.82,93000,103.12
20140109,102.88,102.88,102.00,102.44,197200,101.75
20140108,102.71,102.89,102.50,102.64,44700,101.95
20140107,102.68,102.72,102.50,102.66,39700,101.97
20140106,102.66,102.66,102.22,102.37,188800,101.68
20140103,101.96,102.49,101.85,102.16,55700,101.47
20140102,102.22,102.27,101.31,101.34,113300,100.66
20131231,102.40,103.03,102.22,102.94,57300,102.25
20131230,101.99,102.47,101.50,102.40,68000,101.71
20131227,101.65,101.77,101.07,101.30,89700,100.62
20131226,101.02,101.12,100.75,101.01,56100,100.33
20131224,99.98,100.78,99.75,100.78,31000,100.10
20131223,100.46,100.62,99.71,100.00,277000,99.33
20131220,99.79,100.20,99.23,99.65,211800,98.98
20131219,101.27,101.49,100.79,101.10,150100,98.84
20131218,101.31,102.42,100.63,102.03,49200,99.75
20131217,100.79,101.15,100.51,100.92,68800,98.67
20131216,101.24,101.50,100.95,101.29,51000,99.03
20131213,100.62,100.90,100.38,100.88,29200,98.63
20131212,100.95,100.95,100.01,100.57,37900,98.33
20131211,102.03,102.20,100.96,101.14,54700,98.88
20131210,102.23,102.25,101.71,102.18,25300,99.90
20131209,101.75,102.18,101.70,102.09,83600,99.81
20131206,101.31,102.17,101.31,102.09,35100,99.81
20131205,100.93,101.15,100.64,100.83,29200,98.58
20131204,100.47,101.06,100.20,100.97,29500,98.72
20131203,101.36,102.36,100.71,101.12,23200,98.86
20131202,102.25,102.41,101.48,101.93,199900,99.66
20131129,102.05,102.48,102.05,102.36,18200,100.08
20131127,102.00,102.07,101.60,102.01,23400,99.73
20131126,100.90,101.58,100.90,101.43,45700,99.17
20131125,100.98,101.36,100.77,100.90,33500,98.65
20131122,101.21,101.36,100.79,100.91,254200,98.66
20131121,100.59,100.99,100.54,100.86,34800,98.61
20131120,101.43,101.67,100.60,100.80,33000,98.55
20131119,101.28,101.80,101.25,101.40,23500,99.14
20131118,102.45,102.45,101.44,101.52,96500,99.26
20131115,101.77,101.95,101.42,101.73,44600,99.46
20131114,100.72,101.25,100.37,101.17,88500,98.91
20131113,99.46,100.42,99.30,100.42,43000,98.18
20131112,100.50,100.53,99.90,100.06,34300,97.83
20131111,100.75,100.90,100.28,100.70,27800,98.45
20131108,100.32,100.92,100.01,100.85,26600,98.60
20131107,101.74,101.74,100.28,100.48,287500,98.24
20131106,102.19,102.49,101.69,101.96,366800,99.69
20131105,102.05,102.16,101.46,101.49,287100,99.23
20131104,102.75,102.89,102.30,102.89,49700,100.59
20131101,102.62,102.97,102.01,102.44,68400,100.15
20131031,103.19,103.41,102.63,102.89,44300,100.59
20131030,103.75,103.75,102.74,103.19,24800,100.89
20131029,103.50,103.62,103.16,103.43,20000,101.12
20131028,103.29,103.49,103.07,103.14,185900,100.84
20131025,103.56,103.64,103.36,103.64,41100,101.33
20131024,104.00,104.00,103.48,103.81,51300,101.49
20131023,103.55,103.94,103.07,103.26,55200,100.96
20131022,104.05,104.49,104.03,104.30,53000,101.97
20131021,103.47,103.73,103.24,103.41,45700,101.10
20131018,103.14,103.89,102.73,103.16,54900,100.86
20131017,101.80,102.76,101.55,102.64,60300,100.35
20131016,100.95,101.39,100.82,101.30,38700,99.04
20131015,100.97,101.07,100.47,100.54,46100,98.30
20131014,100.01,101.33,100.01,101.18,70100,98.92
20131011,100.33,100.85,100.10,100.81,77400,98.56
20131010,99.85,100.63,99.30,100.60,28900,98.36
20131009,98.81,99.01,98.17,98.87,24900,96.66
20131008,99.43,99.47,98.25,98.28,43100,96.09
20131007,99.17,99.61,98.52,99.34,35800,97.12
20131004,99.80,100.31,99.80,100.23,106400,97.99
20131003,100.37,100.59,99.50,99.80,40200,97.57
20131002,100.03,100.46,99.75,100.46,15900,98.22
20131001,99.36,100.34,99.01,100.25,282300,98.01
20130930,99.00,99.61,98.95,99.34,57200,97.12
20130927,99.77,99.87,99.50,99.67,107300,97.45
20130926,99.87,100.09,99.44,99.93,28800,97.70
20130925,99.43,99.92,99.30,99.73,32600,97.51
20130924,99.42,99.92,99.25,99.53,191800,97.31
20130923,99.45,99.59,98.86,99.40,40200,97.18
20130920,100.93,100.97,99.84,99.84,25400,97.25
20130919,101.66,101.66,100.81,101.00,46800,98.38
20130918,98.81,101.68,98.60,101.68,59400,99.04
20130917,99.00,99.21,98.83,99.06,23900,96.49
20130916,99.06,99.55,98.92,99.04,26000,96.47
20130913,98.04,98.34,97.80,98.34,21400,95.79
20130912,98.19,98.34,97.67,97.71,30800,95.17
20130911,98.03,98.57,97.87,98.57,43700,96.01
20130910,98.00,98.26,97.79,98.26,60400,95.71
20130909,96.29,97.50,96.29,97.49,64700,94.96
20130906,95.96,96.20,95.39,95.97,53100,93.48
20130905,95.08,95.34,94.79,95.29,32000,92.81
20130904,94.34,95.17,94.02,95.12,27700,92.65
20130903,94.90,95.00,93.98,94.25,85000,91.80
20130830,93.01,93.41,92.68,92.91,21000,90.50
20130829,93.66,93.82,93.33,93.45,20600,91.02
20130828,92.94,93.53,92.63,93.06,38200,90.64
20130827,93.89,94.31,93.10,93.12,35000,90.70
20130826,95.53,95.69,95.00,95.13,43000,92.66
20130823,95.13,95.76,95.00,95.76,16300,93.27
20130822,94.90,95.21,94.78,95.05,43400,92.58
20130821,94.82,94.96,94.16,94.31,29100,91.86
20130820,95.17,95.58,95.00,95.21,32700,92.74
20130819,96.41,96.41,95.44,95.44,44300,92.96
20130816,96.40,96.68,96.16,96.16,56700,93.66
20130815,95.86,96.08,95.13,95.99,35900,93.50
20130814,96.56,96.92,96.41,96.76,36400,94.25
20130813,96.62,96.76,96.07,96.60,115100,94.09
20130812,96.23,96.61,96.03,96.43,60800,93.92
20130809,96.56,96.76,96.30,96.62,36100,94.11
20130808,95.60,96.67,95.54,96.60,52900,94.09
20130807,95.00,95.28,94.49,94.99,24400,92.52
20130806,95.94,95.95,95.35,95.52,39700,93.04
20130805,95.73,95.97,95.59,95.84,30200,93.35
20130802,95.15,95.70,94.96,95.59,40900,93.11
20130801,95.00,95.39,94.52,95.27,87500,92.79
20130731,93.89,94.54,93.51,93.85,26800,91.41
20130730,94.76,94.76,93.98,94.11,25900,91.67
20130729,94.57,94.70,94.00,94.36,43400,91.91
20130726,94.83,95.20,94.28,95.20,36800,92.73
20130725,94.78,95.43,94.69,95.35,19800,92.87
20130724,95.67,95.67,94.67,95.00,50600,92.53
20130723,95.48,95.72,95.10,95.56,35800,93.08
20130722,94.79,95.17,94.57,95.03,41700,92.56
20130719,94.11,94.47,93.98,94.41,57400,91.96
20130718,94.20,94.48,94.08,94.26,57500,91.81
20130717,94.06,94.30,93.72,93.97,65500,91.53
20130716,93.42,93.92,93.30,93.88,38300,91.44
20130715,93.45,93.79,93.18,93.74,31200,91.30
20130712,93.10,93.19,92.66,92.94,35000,90.53
20130711,92.45,93.50,92.41,93.47,42600,91.04
20130710,90.72,91.50,90.65,90.82,45100,88.46
20130709,90.94,91.90,90.15,90.81,49100,88.45
20130708,90.05,90.67,90.04,90.45,57000,88.10
20130705,90.17,90.23,89.25,90.05,68400,87.71
20130703,89.42,90.19,89.07,89.96,15800,87.62
20130702,90.10,90.52,89.35,89.75,23700,87.42
20130701,89.93,90.67,89.93,90.19,66100,87.85
20130628,89.14,89.74,88.61,89.23,96200,86.91
20130627,88.93,89.50,88.75,89.40,230600,87.08
20130626,88.24,88.49,88.01,88.42,35500,86.12
20130625,87.18,87.76,86.35,87.58,194900,85.30
20130624,86.76,87.25,85.83,86.93,90500,84.67
20130621,89.60,90.37,88.29,89.44,150500,86.30
20130620,90.81,90.89,88.93,89.18,120100,86.05
20130619,94.12,94.21,92.49,92.53,79400,89.29
20130618,93.68,94.20,93.68,94.09,31100,90.79
20130617,93.77,94.07,93.09,93.53,96500,90.25
20130614,93.25,93.26,92.31,92.57,33400,89.32
20130613,92.18,93.47,92.18,93.47,61000,90.19
20130612,93.11,93.99,92.21,92.22,42000,88.99
20130611,92.60,92.91,92.19,92.54,50600,89.30
20130610,94.18,94.24,93.56,93.76,45700,90.47
20130607,93.70,94.17,93.26,93.87,27000,90.58
20130606,93.08,93.56,92.79,93.48,38000,90.20
20130605,94.00,94.10,93.00,93.15,65100,89.88
20130604,95.12,95.21,94.12,94.46,64000,91.15
20130603,94.36,95.09,94.20,95.04,72500,91.71
20130531,95.30,95.38,94.36,94.36,49300,91.05
20130530,95.50,96.20,95.27,95.92,61600,92.56
20130529,95.67,95.84,95.04,95.51,59900,92.16
20130528,96.09,96.68,95.44,95.61,31100,92.26
20130524,95.11,95.45,94.71,95.29,34700,91.95
20130523,95.28,95.86,94.77,95.79,34500,92.43
20130522,98.01,98.81,96.53,96.78,38000,93.39
20130521,97.69,98.24,97.38,98.03,67200,94.59
20130520,97.60,97.95,97.39,97.82,42700,94.39
20130517,97.18,97.60,97.08,97.58,39100,94.16
20130516,97.00,97.27,96.68,96.84,52100,93.44
20130515,96.91,97.12,96.53,97.09,77200,93.69
20130514,97.34,97.70,97.31,97.46,29800,94.04
20130513,97.60,97.60,97.01,97.36,27500,93.95
20130510,97.47,97.74,97.03,97.71,41700,94.28
20130509,98.32,98.40,97.31,97.85,101000,94.42
20130508,97.98,98.51,97.97,98.42,85700,94.97
20130507,97.79,97.80,97.33,97.68,46500,94.26
20130506,97.33,97.55,97.21,97.36,42700,93.95
20130503,97.02,97.56,97.00,97.50,100400,94.08
20130502,96.18,96.58,96.06,96.56,41100,93.17
20130501,96.85,96.85,96.01,96.10,24500,92.73
20130430,96.04,96.78,95.91,96.78,29500,93.39
20130429,95.52,96.13,95.52,95.91,22500,92.55
20130426,95.29,95.33,94.84,94.98,80400,91.65
20130425,95.00,95.67,95.00,95.35,86600,92.01
20130424,94.00,94.68,94.00,94.44,35800,91.13
20130423,93.30,93.79,93.03,93.77,30400,90.48
20130422,92.69,93.00,92.25,93.00,32500,89.74
20130419,92.44,92.63,92.20,92.55,55200,89.30
20130418,91.88,91.93,91.15,91.73,30700,88.51
20130417,92.42,92.65,91.18,91.62,37600,88.41
20130416,92.75,93.14,92.41,93.14,29600,89.87
20130415,93.52,93.52,91.77,91.92,312200,88.70
20130412,94.65,94.66,94.05,94.43,957300,91.12
20130411,94.67,95.10,94.46,94.86,48700,91.53
20130410,93.95,94.31,93.61,94.24,117000,90.94
20130409,92.61,93.57,92.60,93.20,31100,89.93
20130408,92.53,92.60,92.14,92.60,34800,89.35
20130405,92.14,92.91,91.87,92.91,185300,89.65
20130404,92.98,93.39,92.64,93.35,71500,90.08
20130403,93.93,94.00,92.69,92.92,46300,89.66
20130402,93.89,94.00,93.51,93.72,83200,90.43
20130401,93.93,93.99,93.16,93.21,123000,89.94
20130328,94.00,94.50,93.95,94.45,57300,91.14
20130327,93.41,93.86,93.03,93.82,62800,90.53
20130326,93.79,94.23,93.76,94.23,40100,90.93
20130325,94.56,94.56,93.14,93.41,90600,90.13
20130322,94.02,94.25,93.92,94.06,57300,90.76
20130321,93.99,94.24,93.75,93.75,55400,90.46
20130320,94.47,94.65,94.08,94.08,30600,90.78
20130319,94.14,94.44,93.28,93.72,31000,90.43
20130318,94.38,94.82,94.14,94.22,54700,90.92
20130315,94.98,94.99,94.61,94.87,27300,91.54
20130314,94.64,94.99,94.33,94.78,56500,91.46
20130313,94.44,94.61,93.81,94.22,60400,90.92
20130312,94.74,94.76,94.09,94.19,39100,90.89
20130311,94.65,94.95,94.40,94.82,116600,91.50
20130308,94.81,94.99,94.24,94.80,54000,91.48
20130307,94.69,94.90,94.67,94.80,36200,91.48
20130306,94.68,94.69,94.27,94.62,50300,91.30
20130305,93.91,94.49,93.91,94.24,99600,90.94
20130304,93.22,93.52,92.96,93.45,45700,90.17
20130301,93.22,93.59,93.01,93.55,49800,90.27
20130228,93.77,94.00,93.42,93.42,50300,90.14
20130227,92.78,94.03,92.59,93.80,26700,90.51
20130226,92.76,92.90,92.29,92.78,53500,89.53
20130225,94.14,94.14,91.87,91.87,43200,88.65
20130222,93.40,93.81,93.12,93.81,27900,90.52
20130221,93.11,93.11,92.34,92.76,48700,89.51
20130220,94.84,94.93,93.65,93.65,35900,90.37
20130219,94.64,94.76,94.25,94.76,34300,91.44
20130215,94.14,94.15,93.66,93.98,29800,90.68
20130214,93.97,94.19,93.86,94.15,66300,90.85
20130213,94.57,94.85,94.29,94.56,32700,91.24
20130212,93.91,94.38,93.63,94.01,68800,90.71
20130211,94.04,94.14,93.60,93.91,50100,90.62
20130208,94.00,94.19,93.80,94.09,43600,90.79
20130207,94.07,94.27,93.12,93.86,117900,90.57
20130206,93.58,94.06,93.29,94.06,74300,90.76
20130205,93.93,94.13,93.50,93.89,128500,90.60
20130204,94.11,94.11,93.19,93.30,93000,90.03
20130201,94.23,94.85,94.08,94.48,92200,91.17
20130131,93.75,93.82,93.44,93.64,78600,90.36
20130130,93.70,94.15,93.70,93.85,90400,90.56
20130129,93.39,93.80,93.39,93.78,263200,90.49
20130128,93.60,93.71,93.05,93.29,280900,90.02
20130125,93.78,93.87,93.36,93.71,112600,90.42
20130124,93.44,93.90,93.40,93.68,54300,90.40
20130123,93.52,93.60,93.20,93.44,80100,90.16
20130122,93.59,93.88,93.30,93.67,84300,90.39
20130118,93.43,93.60,93.11,93.53,53200,90.25
20130117,93.18,93.60,93.08,93.47,60100,90.19
20130116,92.74,92.95,92.50,92.87,43200,89.61
20130115,92.98,93.27,92.80,93.10,43500,89.84
20130114,93.49,93.60,93.10,93.27,122600,90.00
20130111,93.27,93.45,93.03,93.37,47500,90.10
20130110,93.08,93.57,92.85,93.50,54500,90.22
20130109,92.34,92.55,92.29,92.43,114200,89.19
20130108,92.23,92.41,91.75,92.02,76900,88.79
20130107,92.05,92.50,91.97,92.46,69600,89.22
20130104,91.75,92.38,91.62,92.26,111700,89.03
20130103,92.18,92.50,91.73,91.99,87800,88.76
20130102,92.50,92.59,91.99,92.42,102300,89.18
20121231,89.37,90.93,89.37,90.89,66500,87.70
20121228,89.63,89.83,89.26,89.46,57900,86.32
20121227,89.69,90.00,89.31,89.93,56200,86.78
20121226,89.84,90.17,89.11,89.55,57100,86.41
20121224,89.43,89.84,88.91,89.25,20000,86.12
20121221,89.02,89.44,88.83,89.18,97200,86.05
20121220,89.83,90.24,89.70,90.24,69400,87.08
20121219,91.71,91.95,91.51,91.56,58100,86.47
20121218,90.91,91.62,90.78,91.59,198000,86.50
20121217,90.55,90.71,90.21,90.71,55500,85.67
20121214,90.07,90.54,90.02,90.30,39000,85.28
20121213,90.33,90.33,89.58,89.83,37500,84.83
20121212,90.00,90.67,89.98,90.27,36300,85.25
20121211,89.62,89.93,89.49,89.61,197200,84.63
20121210,89.33,89.72,89.24,89.44,201800,84.47
20121207,89.47,89.70,89.30,89.58,180000,84.60
20121206,89.11,89.47,89.01,89.47,22700,84.49
20121205,89.10,89.49,88.80,89.13,27500,84.17
20121204,88.66,89.05,88.66,88.80,34200,83.86
20121203,88.88,88.96,88.32,88.48,56700,83.56
20121130,88.56,88.64,88.29,88.46,48800,83.54
20121129,88.32,88.49,87.94,88.46,18100,83.54
20121128,86.65,87.75,86.62,87.74,25100,82.86
20121127,87.55,87.70,87.19,87.23,39000,82.38
20121126,87.37,87.67,87.12,87.66,38200,82.78
20121123,87.15,87.79,87.15,87.77,11800,82.89
20121121,86.31,86.45,86.10,86.31,13000,81.51
20121120,86.40,86.54,85.76,86.51,32800,81.70
20121119,85.73,86.54,85.73,86.54,37000,81.73
20121116,84.61,85.18,84.25,85.08,27200,80.35
20121115,85.00,85.18,84.55,85.00,23800,80.27
20121114,85.74,85.97,84.65,84.66,43900,79.95
20121113,85.55,86.26,85.52,85.69,49200,80.92
20121112,86.76,86.76,86.16,86.40,21000,81.60
20121109,86.37,86.98,86.22,86.43,24400,81.62
20121108,87.03,87.28,86.34,86.55,11500,81.74
20121107,87.64,87.64,86.59,87.24,32000,82.39
20121106,87.79,88.36,87.68,88.20,17700,83.29
20121105,87.59,87.64,87.30,87.54,27600,82.67
20121102,88.38,88.65,87.50,87.66,31300,82.78
20121101,87.79,88.52,87.79,88.50,46400,83.58
20121031,87.53,87.74,87.11,87.30,23700,82.44
20121026,87.37,87.49,86.95,87.37,18800,82.51
20121025,88.00,88.01,87.32,87.58,12800,82.71
20121024,87.60,87.74,87.11,87.16,31100,82.31
20121023,87.35,87.35,86.75,86.93,88600,82.10
20121022,88.46,88.64,88.02,88.44,52500,83.52
20121019,88.79,88.79,87.61,87.72,37800,82.84
20121018,89.24,89.60,88.87,89.14,27200,84.18
20121017,89.00,89.56,88.83,89.47,13300,84.49
20121016,88.28,88.46,88.18,88.37,61400,83.46
20121015,87.66,87.81,87.04,87.75,19000,82.87
20121012,87.48,87.75,87.04,87.19,180800,82.34
20121011,87.98,87.98,87.44,87.48,49700,82.61
20121010,87.48,87.48,86.85,86.91,40700,82.08
20121009,88.07,88.15,87.47,87.55,40700,82.68
20121008,88.48,88.55,88.25,88.40,32500,83.48
20121005,89.50,89.76,88.92,89.00,37300,84.05
20121004,88.25,89.07,88.25,88.97,23800,84.02
20121003,88.07,88.18,87.59,87.88,26700,82.99
20121002,88.30,88.50,87.98,88.23,27800,83.32
20121001,88.16,88.77,87.85,88.13,55400,83.23
20120928,87.65,87.73,87.12,87.45,41900,82.59
20120927,87.23,88.19,87.11,88.04,28000,83.14
20120926,87.11,87.11,86.41,86.80,16700,81.97
20120925,88.41,88.60,87.32,87.32,35200,82.46
20120924,87.74,88.14,87.26,88.01,86600,83.12
20120921,89.20,89.37,88.93,89.11,26900,83.44
20120920,88.12,88.80,87.92,88.68,39700,83.04
20120919,88.89,89.24,88.75,89.08,11700,83.41
20120918,88.60,89.06,88.50,88.77,31700,83.12
20120917,89.30,89.61,88.89,89.12,44400,83.45
20120914,89.33,90.30,89.33,89.64,26700,83.94
20120913,87.21,89.05,86.99,88.88,24500,83.23
20120912,87.15,87.49,87.09,87.31,32800,81.76
20120911,86.36,86.99,86.13,86.86,22400,81.33
20120910,86.30,86.65,86.00,86.00,21100,80.53
20120907,85.91,86.40,85.91,86.26,73100,80.77
20120906,83.91,85.35,83.91,85.26,298200,79.84
20120905,83.56,83.59,83.14,83.23,34300,77.94
20120904,83.94,83.94,83.33,83.72,37300,78.39
20120831,83.90,84.16,83.04,83.91,24500,78.57
20120830,83.50,83.50,82.56,82.85,31500,77.58
20120829,84.17,84.17,83.70,83.77,11700,78.44
20120828,83.91,84.23,83.77,83.90,77300,78.56
20120827,84.99,84.99,84.03,84.15,186000,78.80
20120824,84.66,85.00,84.50,84.92,14400,79.52
20120823,85.29,85.29,84.75,84.91,12200,79.51
20120822,84.84,85.46,84.62,85.23,58200,79.81
20120821,85.26,85.88,84.95,85.11,35100,79.70
20120820,84.75,84.95,84.37,84.84,28000,79.44
20120817,84.85,84.87,84.50,84.81,18100,79.41
20120816,83.89,84.75,83.84,84.61,17400,79.23
20120815,83.52,83.88,83.49,83.76,16100,78.43
20120814,83.90,83.98,83.45,83.52,24300,78.21
20120813,83.40,83.94,83.12,83.47,57200,78.16
20120810,83.29,83.88,83.23,83.88,34100,78.54
20120809,83.33,83.80,83.26,83.63,17000,78.31
20120808,83.16,83.60,82.83,83.48,78800,78.17
20120807,83.16,83.69,83.16,83.40,15000,78.09
20120806,82.77,83.14,82.61,82.61,18800,77.35
20120803,81.72,82.67,81.72,82.43,35000,77.19
20120802,80.50,81.36,80.02,80.51,35400,75.39
20120801,81.45,82.00,81.29,81.36,27100,76.18
20120731,81.64,82.00,81.38,81.38,27200,76.20
20120730,81.91,82.18,81.62,81.79,146100,76.59
20120727,81.21,82.58,81.21,82.58,16300,77.33
20120726,80.54,81.00,80.31,80.85,25200,75.71
20120725,79.37,79.41,78.68,79.09,19800,74.06
20120724,79.05,79.33,78.18,78.65,39600,73.65
20120723,78.84,79.36,78.40,79.16,36600,74.12
20120720,81.18,81.22,80.75,81.00,29000,75.85
20120719,81.71,82.23,81.63,82.03,37800,76.81
20120718,80.33,81.27,80.33,81.19,26700,76.03
20120717,80.59,81.19,80.01,81.18,20600,76.02
20120716,80.75,81.04,80.36,80.79,34300,75.65
20120713,80.10,80.97,79.87,80.80,39400,75.66
20120712,79.77,80.00,79.20,79.83,30800,74.75
20120711,80.86,81.07,80.17,80.57,15200,75.44
20120710,81.31,81.66,80.35,80.56,38400,75.44
20120709,80.76,81.09,80.55,81.09,22700,75.93
20120706,81.57,81.80,80.95,81.33,39100,76.16
20120705,82.15,82.42,81.75,82.19,37400,76.96
20120703,82.25,83.00,82.25,82.89,23600,77.62
20120702,81.59,82.12,81.10,82.06,24800,76.84
20120629,80.80,81.48,80.51,81.38,22100,76.20
20120628,78.49,78.96,78.02,78.75,26400,73.74
20120627,78.81,79.24,78.55,79.15,14600,74.11
20120626,78.72,78.72,77.83,78.53,30900,73.53
20120625,78.38,78.75,77.70,78.17,25700,73.20
20120622,79.47,79.61,79.13,79.55,57600,74.49
20120621,80.95,80.95,78.93,78.98,33700,73.96
20120620,80.90,81.35,80.28,80.87,46300,75.73
20120619,80.04,81.04,80.04,80.74,149800,75.60
20120618,79.00,79.70,78.73,79.46,64100,74.41
20120615,78.77,79.39,78.50,79.39,32100,74.34
20120614,77.92,78.40,77.69,78.27,34300,73.29
20120613,78.10,78.69,77.70,77.76,29800,72.81
20120612,78.25,78.74,77.85,78.70,30800,73.69
20120611,79.58,79.82,77.77,77.83,43000,72.88
20120608,78.20,78.91,77.82,78.91,22500,73.89
20120607,80.11,80.23,78.85,79.02,37600,73.99
20120606,77.73,79.04,77.73,79.02,22800,73.99
20120605,76.14,77.00,76.14,77.00,50700,72.10
20120604,76.26,76.54,75.51,76.09,54300,71.25
20120601,76.89,77.09,76.05,76.12,70700,71.28
20120531,78.28,78.36,77.47,78.11,81100,73.14
20120530,78.50,78.51,77.71,77.80,25300,72.85
20120529,79.53,80.12,79.16,79.65,37400,74.58
20120525,78.20,78.56,78.03,78.25,45700,73.27
20120524,79.00,79.08,78.02,78.58,21100,73.58
20120523,78.87,79.13,77.56,79.08,44000,74.05
20120522,79.91,80.57,79.22,79.40,51600,74.35
20120521,78.52,80.04,78.52,80.00,36700,74.91
20120518,79.16,79.38,77.90,78.01,52300,73.05
20120517,79.68,79.78,78.68,78.94,35700,73.92
20120516,80.17,80.45,79.16,79.26,66900,74.22
20120515,81.41,81.55,80.14,80.31,64000,75.20
20120514,82.25,82.53,81.66,81.73,56000,76.53
20120511,83.36,84.57,83.36,83.77,22000,78.44
20120510,84.47,84.79,84.18,84.37,51800,79.00
20120509,83.03,84.14,82.99,83.89,36900,78.55
20120508,85.33,85.38,84.15,84.97,35800,79.56
20120507,86.01,86.34,85.50,86.14,37000,80.66
20120504,86.63,86.68,85.67,85.94,43500,80.47
20120503,87.97,87.97,87.03,87.36,37000,81.80
20120502,87.80,88.22,87.48,88.12,55000,82.51
20120501,87.75,88.85,87.75,88.46,35600,82.83
20120430,87.91,87.91,87.46,87.75,13000,82.17
20120427,87.78,88.22,87.46,87.99,19800,82.39
20120426,86.86,87.79,86.86,87.64,35700,82.06
20120425,86.93,87.32,86.74,87.31,14700,81.76
20120424,85.93,86.37,85.77,85.98,22900,80.51
20120423,85.45,85.76,85.03,85.71,40900,80.26
20120420,86.98,87.63,86.98,87.04,21400,81.50
20120419,86.83,87.30,86.34,86.71,23700,81.19
20120418,86.65,87.11,86.31,86.93,16700,81.40
20120417,86.92,87.47,86.65,87.25,21900,81.70
20120416,86.49,86.64,85.91,86.39,22300,80.89
20120413,87.03,87.09,86.30,86.30,33800,80.81
20120412,86.21,87.51,86.04,87.51,22700,81.94
20120411,85.64,85.74,85.20,85.40,29800,79.97
20120410,85.49,85.66,84.20,84.27,40000,78.91
20120409,85.62,86.18,85.10,86.01,36900,80.54
20120405,86.28,86.70,86.00,86.42,48600,80.92
20120404,87.00,87.03,86.00,86.45,51300,80.95
20120403,89.23,89.23,87.74,88.12,91000,82.51
20120402,88.49,89.71,88.46,89.52,83700,83.83
20120330,88.88,89.02,88.53,88.97,25600,83.31
20120329,87.78,88.18,87.00,88.07,44000,82.47
20120328,88.73,89.09,88.05,88.53,34600,82.90
20120327,89.65,89.76,89.09,89.23,26900,83.55
20120326,88.98,89.88,88.98,89.88,34400,84.16
20120323,87.70,88.37,87.67,88.28,21700,82.66
20120322,87.75,87.81,87.45,87.73,25300,82.15
20120321,88.47,88.88,88.29,88.61,20700,82.97
20120320,88.43,88.74,88.10,88.67,36000,83.03
20120319,89.30,89.76,89.02,89.66,98200,83.96
20120316,89.32,89.65,89.18,89.25,14000,83.57
20120315,88.63,89.04,88.28,89.01,30900,83.35
20120314,89.27,89.37,88.10,88.35,27500,82.73
20120313,88.72,89.33,88.15,89.27,40100,83.59
20120312,89.04,89.11,88.11,88.13,287000,82.52
20120309,89.29,89.57,89.10,89.24,28100,83.56
20120308,88.91,89.70,88.73,89.41,23900,83.72
20120307,87.53,87.83,87.11,87.70,59400,82.12
20120306,87.39,87.39,86.27,86.52,49200,81.02
20120305,89.84,89.84,89.02,89.31,45000,83.63
20120302,90.35,90.43,89.90,89.98,285600,84.26
20120301,90.33,90.60,90.13,90.52,70000,84.76
20120229,91.05,91.18,89.67,89.99,187400,84.27
20120228,90.14,90.76,90.00,90.66,215900,84.89
20120227,89.40,89.90,89.01,89.78,60500,84.07
20120224,90.36,90.67,90.13,90.36,30400,84.61
20120223,89.88,90.04,89.43,90.00,52700,84.27
20120222,89.66,89.93,89.34,89.67,47700,83.97
20120221,89.70,89.94,89.31,89.56,40500,83.86
20120217,89.22,89.32,88.75,89.13,49900,83.46
20120216,87.76,88.92,87.56,88.92,35600,83.26
20120215,88.92,88.97,88.07,88.15,32500,82.54
20120214,88.54,88.66,87.59,88.20,45400,82.59
20120213,89.19,89.26,88.54,88.79,45200,83.14
20120210,88.04,88.44,87.46,87.91,96000,82.32
20120209,89.40,89.98,88.69,89.32,48600,83.64
20120208,88.64,89.25,88.50,89.11,58400,83.44
20120207,88.07,88.53,87.52,88.42,59800,82.80
20120206,87.11,88.37,87.04,88.35,269500,82.73
20120203,87.39,87.98,87.38,87.89,80200,82.30
20120202,86.48,87.05,86.41,86.73,48300,81.21
20120201,85.90,86.57,85.81,86.19,66400,80.71
20120131,84.83,85.00,84.15,84.56,62000,79.18
20120130,83.38,83.83,83.16,83.73,50300,78.40
20120127,84.15,84.83,83.90,84.61,41700,79.23
20120126,84.80,85.00,83.95,84.18,49600,78.82
20120125,82.62,84.23,82.26,84.13,38400,78.78
20120124,82.34,82.81,82.12,82.78,36100,77.51
20120123,83.09,83.65,83.00,83.28,62000,77.98
20120120,82.47,82.87,82.20,82.87,33000,77.60
20120119,82.40,82.51,81.97,82.49,35900,77.24
20120118,80.55,81.72,80.55,81.71,30000,76.51
20120117,80.59,80.78,79.95,80.29,29500,75.18
20120113,79.20,79.21,78.34,79.08,24000,74.05
20120112,79.79,80.09,79.35,80.01,46300,74.92
20120111,79.16,79.46,78.90,79.34,34000,74.29
20120110,79.50,79.68,79.30,79.43,27800,74.38
20120109,78.33,78.39,77.85,78.33,53900,73.35
20120106,78.50,78.50,77.70,77.83,75200,72.88
20120105,78.28,78.71,77.98,78.60,29200,73.60
20120104,79.10,79.41,78.73,79.33,49500,74.28
20120103,79.00,79.67,78.91,79.42,134100,74.37
20111230,77.08,77.71,77.08,77.57,118000,72.64
20111229,76.29,77.12,76.29,77.05,116900,72.15
20111228,76.78,77.19,75.86,75.96,141500,71.13
20111227,77.00,77.44,76.92,77.15,91800,72.24
20111223,77.06,77.61,76.79,77.45,83200,72.52
20111222,76.77,77.35,76.53,77.15,111500,72.24
20111221,76.26,76.91,75.74,76.91,173300,72.02
20111220,77.96,79.24,77.96,79.11,101900,71.76
20111219,77.34,77.47,76.18,76.18,94300,69.10
20111216,77.63,78.13,77.28,77.56,153700,70.35
20111215,78.17,78.36,77.41,77.53,73300,70.33
20111214,77.82,78.15,77.08,77.26,71200,70.08
20111213,79.88,80.32,78.25,78.47,32100,71.18
20111212,80.26,80.32,79.01,79.58,39700,72.19
20111209,81.22,82.00,81.22,81.84,28900,74.24
20111208,82.03,82.03,80.27,80.36,55400,72.89
20111207,82.14,83.23,82.01,83.11,29700,75.39
20111206,82.58,83.10,82.25,82.76,36500,75.07
20111205,83.80,83.98,82.67,82.96,34900,75.25
20111202,83.35,83.35,82.18,82.38,61200,74.73
20111201,82.59,83.08,82.02,82.33,30400,74.68
20111130,82.22,83.40,82.22,83.33,51500,75.59
20111129,79.40,79.85,79.15,79.32,14300,71.95
20111128,79.29,79.30,78.59,79.04,35100,71.70
20111125,76.39,77.18,76.30,76.35,13900,69.26
20111123,77.87,77.96,76.45,76.45,70000,69.35
20111122,79.00,79.20,78.47,78.75,90500,71.43
20111121,79.91,79.91,78.43,79.31,42100,71.94
20111118,81.98,82.01,81.34,81.48,20500,73.91
20111117,82.54,82.74,80.82,81.15,54400,73.61
20111116,82.62,83.63,82.32,82.32,64000,74.67
20111115,83.50,84.35,83.02,84.15,54200,76.33
20111114,84.64,84.64,83.60,84.00,70100,76.20
20111111,84.39,85.33,84.31,85.12,30200,77.21
20111110,84.01,84.01,82.75,83.41,51800,75.66
20111109,84.27,84.33,82.62,82.66,73800,74.98
20111108,86.18,87.23,85.68,86.98,21000,78.90
20111107,85.80,86.29,85.10,86.14,21800,78.14
20111104,85.38,86.07,84.64,85.74,144100,77.77
20111103,85.28,86.56,84.74,86.51,102900,78.47
20111102,84.75,85.10,83.95,84.55,27500,76.70
20111101,82.97,84.29,82.60,83.23,28700,75.50
20111031,87.54,87.57,85.76,85.76,72000,77.79
20111028,89.00,89.51,88.35,89.21,32800,80.92
20111027,89.20,90.82,88.76,90.00,39200,81.64
20111026,86.10,86.37,84.50,86.26,67200,78.25
20111025,85.79,85.79,84.67,84.67,16900,76.80
20111024,84.75,86.53,84.75,86.22,42400,78.21
20111021,84.24,84.70,83.91,84.31,24400,76.48
20111020,82.91,83.08,81.57,82.84,53200,75.14
20111019,84.43,84.73,82.84,83.21,34000,75.48
20111018,83.30,85.13,82.24,84.49,31300,76.64
20111017,84.99,85.11,83.04,83.25,71200,75.52
20111014,84.79,85.42,84.56,85.39,15500,77.46
20111013,83.74,84.44,83.21,84.16,28400,76.34
20111012,83.76,85.19,83.76,84.54,30200,76.69
20111011,81.89,82.39,80.71,82.35,27800,74.70
20111010,81.23,82.50,81.23,82.45,64800,74.79
20111007,80.62,80.79,79.02,79.34,36100,71.97
20111006,78.13,79.94,77.98,79.76,26000,72.35
20111005,76.87,78.12,75.87,78.04,26200,70.79
20111004,75.13,77.14,74.25,77.14,74800,69.97
20111003,78.00,78.81,76.00,76.00,68700,68.94
20110930,79.26,80.20,78.43,78.45,112200,71.16
20110929,81.69,82.12,79.79,80.79,38300,73.28
20110928,81.21,81.75,80.00,80.04,31500,72.60
20110927,81.70,82.36,80.63,81.18,100300,73.64
20110926,78.11,78.91,77.31,78.90,50300,71.57
20110923,78.52,79.59,78.50,78.88,58600,71.55
20110922,79.92,80.41,78.17,79.11,64600,71.76
20110921,85.09,85.17,82.75,82.75,115800,75.06
20110920,85.16,86.12,84.91,85.07,33500,77.17
20110919,85.64,85.97,84.53,85.61,60800,77.66
20110916,87.78,88.09,86.95,87.74,73900,79.59
20110915,87.37,87.64,86.45,87.33,46500,79.22
20110914,85.75,86.77,84.80,85.92,33400,77.94
20110913,84.92,86.24,84.92,85.92,93100,77.94
20110912,84.03,85.35,83.50,85.35,167500,77.42
20110909,86.95,87.33,85.42,85.92,51700,77.94
20110908,88.50,89.49,87.94,88.17,132000,79.98
20110907,88.36,89.50,88.00,89.35,18700,81.05
20110906,86.47,87.59,85.86,87.08,76100,78.99
20110902,89.99,90.50,89.42,89.77,83200,81.43
20110901,91.75,92.13,90.88,91.11,55000,82.65
20110831,92.20,92.74,91.77,92.22,48000,83.65
20110830,90.12,90.90,89.46,90.54,27700,82.13
20110829,90.01,90.67,89.79,90.62,30100,82.20
20110826,86.65,88.28,85.68,88.21,23200,80.02
20110825,88.31,88.93,86.71,86.71,37800,78.65
20110824,88.05,88.91,87.60,88.31,48800,80.11
20110823,87.22,88.62,86.64,88.61,53100,80.38
20110822,87.73,87.97,86.00,86.19,28400,78.18
20110819,86.26,88.12,85.78,85.78,101300,77.81
20110818,88.25,88.38,86.62,87.20,81000,79.10
20110817,91.93,92.60,91.21,91.63,16600,83.12
20110816,91.17,91.83,90.17,91.11,75600,82.65
20110815,91.31,92.68,91.31,92.55,48200,83.95
20110812,90.64,91.00,89.61,90.20,62100,81.82
20110811,86.43,90.36,86.02,89.42,60100,81.11
20110810,87.41,87.99,84.82,85.52,106900,77.58
20110809,85.79,88.00,84.08,87.47,527800,79.34
20110808,86.42,86.99,79.35,82.25,337200,74.61
20110805,92.66,93.53,89.01,90.64,387700,82.22
20110804,95.00,95.31,91.45,91.46,182100,82.96
20110803,98.57,98.57,96.61,98.32,113400,89.19
20110802,99.49,99.93,98.00,98.00,151700,88.90
20110801,102.61,102.76,99.83,100.96,51100,91.58
20110729,100.85,101.73,100.53,101.28,93700,91.87
20110728,101.73,102.33,101.07,101.07,46800,91.68
20110727,103.11,103.44,101.59,101.61,36000,92.17
20110726,103.93,104.01,103.39,103.62,18700,93.99
20110725,103.38,103.64,103.09,103.09,159900,93.51
20110722,103.74,103.96,103.31,103.88,23400,94.23
20110721,102.74,103.56,102.27,103.52,23200,93.90
20110720,101.93,102.05,101.34,102.02,39300,92.54
20110719,100.76,101.21,100.66,101.02,62800,91.64
20110718,100.01,100.13,98.99,99.75,216000,90.48
20110715,101.08,101.52,100.72,101.33,21500,91.92
20110714,101.77,101.97,100.40,100.68,17100,91.33
20110713,100.94,102.26,100.71,101.40,92000,91.98
20110712,99.51,100.50,99.49,99.56,44300,90.31
20110711,101.03,101.07,100.01,100.02,27400,90.73
20110708,102.96,103.24,102.32,102.93,28100,93.37
20110707,103.79,104.29,103.46,104.12,66300,94.45
20110706,102.94,103.07,102.35,103.00,50400,93.43
20110705,103.82,104.06,103.32,103.58,48800,93.96
20110701,102.57,103.81,102.22,103.81,41300,94.17
20110630,101.81,102.81,101.81,102.73,56800,93.19
20110629,100.39,101.14,100.04,101.01,47900,91.63
20110628,98.55,99.43,98.35,99.43,23700,90.19
20110627,97.60,98.45,97.32,98.27,32900,89.14
20110624,98.29,98.39,97.50,97.71,17000,88.63
20110623,97.83,98.51,97.00,98.45,95100,89.30
20110622,99.65,100.03,99.32,99.34,133500,90.11
20110621,98.80,100.12,98.80,99.99,34100,90.70
20110620,97.97,98.25,97.40,98.16,59800,89.04
20110617,99.09,99.29,98.61,98.83,24300,89.65
20110616,98.17,98.67,97.42,98.09,36000,88.98
20110615,100.22,100.44,98.80,99.06,68200,89.86
20110614,101.15,102.09,100.88,101.70,17900,92.25
20110613,100.53,100.80,99.70,100.27,42000,90.96
20110610,101.59,101.59,99.98,100.34,39300,91.02
20110609,101.57,102.76,101.57,102.63,28200,93.10
20110608,102.47,102.59,101.54,101.59,41400,92.15
20110607,103.54,104.01,103.32,103.46,18200,93.85
20110606,103.27,103.49,102.33,102.41,17500,92.90
20110603,103.08,104.37,102.82,103.79,20300,94.15
20110602,103.97,104.20,103.07,103.99,18400,94.33
20110601,104.84,104.98,103.02,103.16,39400,93.58
20110531,104.75,104.98,104.21,104.91,66700,95.16
20110527,102.40,103.13,102.40,102.73,23900,93.19
20110526,101.38,102.15,101.14,102.10,24500,92.62
20110525,100.55,101.45,100.50,101.23,22200,91.83
20110524,101.21,101.28,100.50,101.04,33200,91.65
20110523,100.02,100.82,99.60,100.23,69500,90.92
20110520,102.81,103.01,101.97,102.37,30600,92.86
20110519,103.15,103.55,102.55,103.52,74700,93.90
20110518,102.61,103.23,102.13,103.19,28100,93.60
20110517,101.41,102.19,100.96,102.11,36900,92.62
20110516,102.11,102.99,101.97,101.97,24400,92.50
20110513,103.67,103.67,101.71,102.47,45900,92.95
20110512,103.07,104.47,102.69,104.04,37000,94.37
20110511,105.24,105.24,103.37,103.82,38300,94.18
20110510,104.99,105.70,104.77,105.59,33800,95.78
20110509,103.88,104.81,103.57,104.65,36000,94.93
20110506,104.72,107.76,103.00,103.60,21900,93.98
20110505,104.18,104.25,102.48,103.06,34800,93.49
20110504,105.88,105.88,104.50,104.92,38000,95.17
20110503,106.36,106.46,105.30,105.88,27000,96.04
20110502,107.52,107.84,106.73,106.96,35000,97.02
20110429,106.96,107.39,106.73,107.18,56000,97.22
20110428,106.51,107.00,106.43,106.91,57200,96.98
20110427,106.22,107.00,105.20,107.00,29300,97.06
20110426,105.64,106.09,105.12,106.07,68000,96.22
20110425,105.55,105.55,104.80,104.91,41300,95.16
20110421,105.17,105.74,104.88,105.42,33800,95.63
20110420,104.11,104.90,104.11,104.80,21500,95.06
20110419,102.32,102.80,102.07,102.59,18300,93.06
20110418,101.98,101.98,100.88,101.51,61400,92.08
20110415,103.54,103.81,103.19,103.38,21500,93.78
20110414,103.06,103.68,102.89,103.49,45200,93.88
20110413,103.34,103.57,102.33,102.61,25200,93.08
20110412,103.10,103.10,101.84,102.26,55300,92.76
20110411,104.23,104.46,103.29,103.54,31600,93.92
20110408,104.45,104.47,103.63,104.03,33200,94.37
20110407,103.42,103.71,102.91,103.31,20100,93.71
20110406,103.76,104.00,103.33,103.57,44600,93.95
20110405,102.57,103.34,102.33,103.17,49700,93.59
20110404,103.38,103.38,102.57,103.18,77700,93.59
20110401,102.23,102.83,101.82,102.58,41100,93.05
20110331,101.66,102.13,101.57,101.93,34400,92.46
20110330,101.44,102.12,101.12,101.88,83300,92.42
20110329,100.10,100.84,99.75,100.84,40300,91.47
20110328,100.58,100.65,100.06,100.16,57200,90.86
20110325,100.53,100.90,100.15,100.20,43600,90.89
20110324,100.52,101.16,100.15,100.87,40000,91.50
20110323,99.31,100.21,99.00,100.00,22900,90.71
20110322,99.67,99.98,99.00,99.61,38800,90.36
20110321,99.14,99.87,98.72,99.79,38700,90.52
20110318,97.46,97.81,97.24,97.62,33200,88.55
20110317,95.84,96.00,95.00,95.50,70700,86.63
20110316,94.89,95.23,92.07,93.35,81700,84.68
20110315,92.65,95.10,91.36,94.74,113200,85.94
20110314,97.11,97.45,96.41,97.29,51200,88.25
20110311,97.97,99.18,97.50,98.98,443100,89.78
20110310,99.76,99.76,98.50,98.61,71900,89.45
20110309,101.34,101.37,100.95,101.15,36200,91.75
20110308,100.90,101.33,100.48,101.23,39800,91.83
20110307,102.34,102.36,100.43,100.84,105000,91.47
20110304,101.89,102.28,100.92,101.54,252500,92.11
20110303,101.50,102.08,101.25,101.97,23400,92.50
20110302,100.11,100.79,100.11,100.62,46800,91.27
20110301,101.00,101.41,99.65,99.86,47200,90.58
20110228,100.96,100.96,100.16,100.58,106300,91.24
20110225,98.66,99.65,98.66,99.64,36500,90.38
20110224,98.16,98.40,97.45,98.35,49000,89.21
20110223,98.75,99.41,98.01,98.73,52400,89.56
20110222,100.16,100.16,98.55,98.75,70000,89.58
20110218,101.62,101.85,101.25,101.62,33000,92.18
20110217,100.98,101.53,100.70,101.47,50300,92.04
20110216,100.66,101.12,100.40,100.93,66200,91.55
20110215,100.56,100.63,100.13,100.35,41100,91.03
20110214,100.34,100.71,100.05,100.63,38200,91.28
20110211,99.74,100.53,99.49,100.39,63000,91.06
20110210,99.95,100.29,99.04,100.05,51500,90.76
20110209,101.32,101.43,100.81,101.14,39800,91.74
20110208,101.43,101.78,101.14,101.73,81400,92.28
20110207,101.83,101.86,101.20,101.48,44200,92.05
20110204,101.11,101.24,100.29,101.14,49400,91.74
20110203,100.83,101.00,100.00,100.99,38800,91.61
20110202,100.89,101.02,100.53,100.82,59900,91.45
20110201,99.86,101.27,99.86,100.95,53700,91.57
20110131,98.47,99.31,98.47,98.86,34000,89.68
20110128,99.89,99.89,98.00,98.06,130000,88.95
20110127,100.03,100.35,99.75,100.24,72500,90.93
20110126,99.97,100.31,99.55,100.10,69400,90.80
20110125,99.18,99.47,98.60,99.47,46200,90.23
20110124,99.23,99.67,98.82,99.67,67000,90.41
20110121,99.69,99.69,99.01,99.02,36400,89.82
20110120,99.64,99.64,98.35,99.21,47900,89.99
20110119,101.09,101.26,100.00,100.31,90100,90.99
20110118,101.03,101.40,100.52,100.90,153500,91.53
20110114,100.03,100.76,99.87,100.76,44800,91.40
20110113,100.74,100.80,99.99,100.16,68700,90.86
20110112,99.75,100.46,99.65,100.46,69600,91.13
20110111,98.52,98.76,98.14,98.67,44500,89.50
20110110,97.49,97.73,96.75,97.72,68300,88.64
20110107,98.58,98.58,97.25,97.92,65300,88.82
20110106,99.83,99.83,98.17,98.45,78700,89.30
20110105,99.23,99.61,98.56,99.58,63300,90.33
20110104,100.89,101.07,99.25,99.97,89300,90.68
20110103,100.64,100.75,100.20,100.37,138300,91.05
20101231,98.94,99.74,98.87,99.62,102100,90.37
20101230,98.75,98.75,98.25,98.50,81000,89.35
20101229,98.17,98.51,97.99,98.36,98300,89.22
20101228,97.45,97.46,96.80,97.13,57600,88.11
20101227,96.81,97.22,96.50,96.90,109500,87.90
20101223,97.21,97.27,96.75,97.22,108200,88.19
20101222,97.27,97.27,96.73,97.02,89500,88.01
20101221,99.81,99.96,99.66,99.90,309700,87.95
20101220,99.42,99.51,98.77,99.22,41500,87.35
20101217,99.26,99.26,98.60,99.17,30200,87.31
20101216,99.26,99.30,98.56,99.30,41400,87.42
20101215,99.76,99.96,98.74,99.10,97900,87.24
20101214,100.35,100.61,99.68,100.14,48500,88.16
20101213,99.47,100.31,99.30,99.86,139800,87.91
20101210,98.45,98.78,98.06,98.78,39200,86.96
20101209,98.65,98.65,97.76,98.34,31100,86.57
20101208,98.52,99.00,98.01,98.62,37700,86.82
20101207,100.17,100.19,98.74,98.79,50800,86.97
20101206,98.34,98.97,98.20,98.82,35400,87.00
20101203,97.48,98.77,97.15,98.68,27200,86.87
20101202,96.29,97.86,96.29,97.81,31400,86.11
20101201,95.26,96.02,95.14,95.95,35700,84.47
20101130,92.77,93.85,92.77,93.40,31900,82.23
20101129,93.61,94.05,92.52,93.84,38800,82.61
20101126,94.30,94.70,93.43,94.31,24300,83.03
20101124,94.26,95.35,94.26,95.35,38200,83.94
20101123,94.53,94.53,93.17,93.79,83500,82.57
20101122,96.46,96.56,95.05,96.36,47800,84.83
20101119,96.07,96.69,95.61,96.69,32600,85.12
20101118,96.09,96.44,95.90,96.27,20400,84.75
20101117,93.68,94.45,93.68,93.93,28900,82.69
20101116,95.16,95.16,93.00,93.62,162300,82.42
20101115,96.87,96.87,95.96,96.05,36100,84.56
20101112,96.95,97.20,95.57,96.23,59600,84.72
20101111,97.91,97.91,97.18,97.69,26900,86.00
20101110,98.50,98.80,97.32,98.75,25800,86.94
20101109,99.99,100.11,97.77,98.30,38200,86.54
20101108,99.16,99.45,98.63,99.32,132200,87.44
20101105,99.72,99.93,98.80,99.58,96500,87.67
20101104,99.22,99.85,99.13,99.85,111200,87.90
20101103,97.34,97.87,96.55,97.73,40400,86.04
20101102,96.95,97.32,96.72,97.20,31800,85.57
20101101,96.50,96.84,95.70,96.13,64600,84.63
20101029,95.68,96.04,95.34,96.01,144200,84.52
20101028,95.87,95.90,95.18,95.33,90600,83.92
20101027,95.50,95.63,94.16,95.10,127400,83.72
20101026,96.06,96.21,95.55,96.08,49900,84.59
20101025,96.88,96.98,96.18,96.37,90600,84.84
20101022,95.78,95.78,95.26,95.72,46400,84.27
20101021,96.05,96.22,94.71,95.25,50800,83.85
20101020,94.41,95.80,93.89,95.49,54400,84.07
20101019,94.58,94.64,93.24,93.50,68800,82.31
20101018,96.03,96.39,95.52,96.05,48000,84.56
20101015,97.00,97.45,95.60,96.20,35300,84.69
20101014,96.79,96.94,96.10,96.54,109900,84.99
20101013,95.97,96.62,95.83,96.15,46200,84.65
20101012,94.44,95.01,93.75,94.90,37700,83.55
20101011,95.60,95.60,94.55,94.77,39100,83.43
20101008,94.36,95.08,94.03,94.95,41100,83.59
20101007,95.17,95.48,93.74,94.27,26700,82.99
20101006,94.50,94.76,94.11,94.55,41600,83.24
20101005,93.25,94.15,92.94,94.02,30600,82.77
20101004,92.65,92.70,91.60,92.04,60600,81.03
20101001,92.88,93.06,92.31,93.00,78000,81.87
20100930,92.54,92.68,91.14,91.72,30200,80.75
20100929,91.62,92.30,91.62,92.01,46100,81.00
20100928,91.31,91.87,90.36,91.77,33700,80.79
20100927,91.43,91.48,90.93,91.04,29200,80.15
20100924,90.18,91.08,90.11,91.07,26200,80.17
20100923,89.20,89.73,88.79,88.96,100100,78.32
20100922,89.83,90.24,89.27,89.68,59500,78.95
20100921,89.62,90.08,88.83,89.63,73600,78.91
20100920,88.31,89.56,88.31,89.54,20000,78.83
20100917,88.40,88.42,87.92,88.24,20600,77.68
20100916,87.97,88.31,87.68,88.30,19800,77.74
20100915,87.84,88.38,87.53,88.32,12400,77.75
20100914,87.87,88.73,87.67,88.40,66000,77.82
20100913,87.47,87.79,87.25,87.67,49800,77.18
20100910,85.94,86.44,85.94,86.36,18800,76.03
20100909,86.56,86.56,85.49,85.77,30200,75.51
20100908,85.25,85.79,85.13,85.29,45300,75.09
20100907,85.41,85.41,84.32,84.47,72600,74.36
20100903,85.85,85.85,84.96,85.56,46500,75.32
20100902,84.01,84.48,83.85,84.48,26000,74.37
20100901,83.03,84.13,83.01,84.08,52500,74.02
20100831,81.10,82.15,81.10,81.65,50500,71.88
20100830,82.07,82.18,81.34,81.37,43300,71.63
20100827,81.37,82.35,80.77,82.25,20100,72.41
20100826,81.44,81.51,80.58,80.63,19200,70.98
20100825,80.01,80.90,79.75,80.69,44200,71.04
20100824,80.96,81.19,80.00,80.78,16700,71.12
20100823,82.83,82.83,81.90,81.93,25700,72.13
20100820,82.35,82.35,81.54,82.04,17100,72.22
20100819,83.58,83.78,82.39,82.90,33500,72.98
20100818,83.79,84.17,83.35,83.83,32900,73.80
20100817,83.73,84.00,83.15,83.45,19000,73.47
20100816,81.85,82.60,81.65,82.38,16100,72.52
20100813,82.17,82.21,81.58,81.82,31300,72.03
20100812,80.57,81.88,80.57,81.88,37900,72.08
20100811,82.41,83.05,81.60,81.75,33500,71.97
20100810,84.72,85.30,84.00,85.07,30600,74.89
20100809,86.15,86.26,85.62,86.00,22400,75.71
20100806,84.99,85.76,84.92,85.73,50400,75.47
20100805,85.49,85.69,85.02,85.43,23900,75.21
20100804,85.49,85.64,84.92,85.37,36000,75.16
20100803,85.29,85.48,84.86,85.32,25600,75.11
20100802,84.89,85.77,84.65,85.44,30700,75.22
20100730,82.54,83.51,82.43,83.23,26500,73.27
20100729,83.82,83.82,82.47,82.89,23100,72.97
20100728,82.88,82.89,82.40,82.67,11200,72.78
20100727,83.74,83.85,82.66,83.16,29600,73.21
20100726,83.11,83.41,82.52,83.41,25900,73.43
20100723,81.98,82.79,81.75,82.79,25500,72.89
20100722,81.30,82.19,81.30,81.92,38700,72.12
20100721,81.02,81.02,79.22,79.66,65200,70.13
20100720,79.02,80.64,78.83,80.55,13500,70.91
20100719,80.05,80.05,79.05,79.65,18600,70.12
20100716,80.94,80.94,79.22,79.36,17100,69.87
20100715,81.48,81.88,80.49,81.41,27200,71.67
20100714,81.05,82.50,80.59,81.19,29600,71.48
20100713,80.69,81.25,80.69,80.99,44000,71.30
20100712,79.84,80.14,79.56,80.03,362300,70.46
20100709,79.40,80.29,79.37,80.21,18900,70.61
20100708,80.18,80.18,79.07,79.99,15000,70.42
20100707,77.77,79.44,77.77,79.42,192400,69.92
20100706,78.31,78.62,77.04,77.39,17400,68.13
20100702,77.01,77.18,75.78,76.25,18100,67.13
20100701,76.16,76.46,75.02,76.04,42600,66.94
20100630,76.41,76.64,75.38,75.39,22800,66.37
20100629,77.50,77.50,75.69,76.00,38900,66.91
20100628,79.12,79.50,78.64,78.95,8800,69.50
20100625,78.53,79.49,78.53,79.09,24100,69.63
20100624,79.33,79.38,78.45,78.62,14800,69.21
20100623,79.00,80.23,79.00,80.00,23100,70.43
20100622,80.62,80.95,79.30,79.34,27600,69.85
20100621,81.39,81.66,79.99,80.30,56500,70.69
20100618,80.21,80.44,79.90,80.39,20000,70.77
20100617,80.11,80.11,79.26,80.02,30400,70.45
20100616,79.24,80.00,79.20,79.82,41200,70.27
20100615,78.95,80.23,78.77,80.23,257400,70.63
20100614,78.26,79.01,77.74,77.74,56500,68.44
20100611,76.46,77.38,76.21,77.26,29700,68.02
20100610,76.59,77.38,75.29,77.26,69900,68.02
20100609,75.28,75.94,74.09,74.29,108200,65.40
20100608,73.98,74.56,73.32,74.45,175800,65.54
20100607,74.85,75.02,73.52,73.52,569300,64.72
20100604,76.04,76.36,74.11,74.32,35400,65.43
20100603,77.67,77.83,76.51,77.36,83800,68.10
20100602,76.21,77.34,75.71,77.34,43100,68.09
20100601,75.84,77.19,75.26,75.28,80900,66.27
20100528,77.17,77.17,75.82,76.00,62000,66.91
20100527,73.93,77.00,73.93,77.00,109700,67.79
20100526,73.78,74.51,72.87,72.93,141300,64.20
20100525,73.41,73.51,71.51,73.51,184600,64.72
20100524,75.44,76.50,74.36,74.41,560800,65.51
20100521,73.07,76.16,73.07,76.16,171600,67.05
20100520,75.00,75.34,73.70,74.03,76900,65.17
20100519,77.38,77.86,76.33,77.57,34500,68.29
20100518,80.44,80.47,77.62,78.00,43500,68.67
20100517,80.61,80.61,78.42,79.99,36000,70.42
20100514,81.65,81.65,80.03,80.63,33800,70.98
20100513,83.12,83.33,82.26,82.30,35900,72.45
20100512,82.20,83.33,82.20,83.19,21100,73.24
20100511,83.07,83.07,81.09,81.97,55600,72.16
20100510,82.45,82.94,78.77,82.76,54600,72.86
20100507,78.17,79.22,76.00,77.77,75200,68.47
20100506,80.93,81.88,74.00,78.96,105500,69.51
20100505,82.20,82.52,81.09,81.66,92200,71.89
20100504,85.08,85.08,83.27,83.43,63100,73.45
20100503,86.64,87.34,86.48,87.06,26400,76.64
20100430,87.44,87.52,86.25,86.38,36200,76.05
20100429,86.79,87.42,86.79,87.28,32300,76.84
20100428,86.21,86.63,84.85,85.83,44300,75.56
20100427,88.01,88.36,85.69,85.97,78300,75.68
20100426,89.25,89.37,88.97,89.01,43600,78.36
20100423,88.07,89.14,87.83,89.14,34800,78.48
20100422,87.49,88.23,87.01,88.22,25000,77.67
20100421,88.10,88.23,87.61,88.15,25700,77.60
20100420,88.00,88.23,87.72,88.16,27600,77.61
20100419,86.64,87.25,86.16,87.02,26100,76.61
20100416,88.63,88.77,87.03,87.72,52100,77.23
20100415,89.17,89.52,89.00,89.35,31800,78.66
20100414,88.68,89.52,88.58,89.52,31900,78.81
20100413,88.50,88.50,87.68,88.29,52300,77.73
20100412,88.78,88.82,88.46,88.58,35500,77.98
20100409,88.19,88.61,88.00,88.61,24000,78.01
20100408,87.01,87.73,86.61,87.64,26400,77.15
20100407,87.66,87.74,86.98,87.20,48000,76.77
20100406,87.45,87.89,87.16,87.76,31000,77.26
20100405,87.38,87.68,87.06,87.60,63600,77.12
20100401,86.55,87.02,86.50,87.02,23200,76.61
20100331,85.45,85.75,85.13,85.51,18200,75.28
20100330,85.74,85.74,85.06,85.36,30600,75.15
20100329,84.90,85.38,84.83,85.38,30400,75.17
20100326,84.31,84.67,83.93,84.46,46600,74.36
20100325,84.60,84.60,83.55,83.60,35500,73.60
20100324,84.04,84.08,83.57,83.80,26300,73.77
20100323,84.60,85.07,84.29,84.92,113200,74.76
20100322,83.26,84.58,83.11,84.50,22400,74.39
20100319,84.18,85.25,83.73,84.18,26200,74.11
20100318,85.59,85.59,84.79,85.15,38200,74.96
20100317,82.65,85.94,82.65,85.58,32300,75.34
20100316,84.55,85.07,84.07,85.06,30300,74.88
20100315,83.95,83.97,83.30,83.94,38200,73.90
20100312,84.23,84.51,84.09,84.29,23400,74.21
20100311,83.54,83.96,83.24,83.82,106800,73.79
20100310,83.35,83.92,83.05,83.92,41000,73.88
20100309,82.61,83.35,82.21,82.93,20800,73.01
20100308,83.56,83.57,82.95,83.25,54400,73.29
20100305,82.67,83.34,82.59,83.31,40400,73.34
20100304,82.21,82.21,81.40,81.82,31000,72.03
20100303,81.90,82.39,81.50,82.04,39500,72.22
20100302,81.11,81.59,80.76,81.05,28700,71.35
20100301,79.56,80.54,79.56,80.11,39500,70.53
20100226,78.70,79.64,78.50,79.51,28200,70.00
20100225,78.31,79.14,77.50,79.14,37600,69.67
20100224,79.30,79.73,79.06,79.31,12700,69.82
20100223,79.96,79.96,78.84,79.00,22500,69.55
20100222,80.58,80.58,79.99,80.16,51100,70.57
20100219,79.61,80.27,79.19,79.98,51800,70.41
20100218,79.89,80.63,79.88,80.61,21600,70.97
20100217,80.27,80.32,79.72,80.12,19000,70.53
20100216,79.08,80.14,78.70,80.08,37900,70.50
20100212,78.21,78.61,77.29,78.61,56500,69.21
20100211,78.00,79.28,77.82,79.20,44400,69.72
20100210,78.37,78.37,77.42,78.11,22900,68.76
20100209,76.86,78.91,76.86,78.24,60900,68.88
20100208,76.79,77.22,75.82,75.86,40000,66.78
20100205,77.15,78.00,75.47,76.97,131300,67.76
20100204,80.10,80.10,78.02,78.07,70800,68.73
20100203,81.52,81.74,80.81,81.10,39000,71.40
20100202,81.05,81.89,80.83,81.84,48800,72.05
20100201,79.50,80.47,79.50,80.47,43900,70.84
20100129,80.36,80.38,78.76,79.15,40700,69.68
20100128,81.25,81.25,79.38,79.99,43900,70.42
20100127,80.50,80.77,79.49,80.77,72300,71.11
20100126,80.76,81.56,80.51,80.73,39700,71.07
20100125,81.67,82.34,81.60,81.71,34600,71.93
20100122,81.99,82.18,80.62,80.67,47700,71.02
20100121,84.15,85.04,82.18,82.35,43000,72.50
20100120,85.08,85.13,83.74,84.48,57100,74.37
20100119,85.52,86.63,85.52,86.54,39600,76.19
20100115,86.35,86.35,85.26,85.72,55400,75.46
20100114,86.14,86.73,86.05,86.67,58500,76.30
20100113,87.59,87.59,85.34,86.32,35000,75.99
20100112,86.00,86.00,84.99,85.19,86200,75.00
20100111,86.66,86.81,86.27,86.63,199500,76.27
20100108,85.32,85.94,85.03,85.93,48400,75.65
20100107,84.93,85.21,84.53,85.09,39700,74.91
20100106,84.71,85.35,84.50,85.19,19100,75.00
20100105,84.47,84.95,84.15,84.53,51200,74.42
20100104,82.72,84.30,82.72,84.19,48500,74.12
20091231,82.57,82.66,81.72,81.72,40600,71.94
20091230,81.62,81.97,81.43,81.92,48100,72.12
20091229,82.17,82.22,81.73,81.88,33400,72.08
20091228,81.79,81.79,81.24,81.60,65100,71.84
20091224,81.47,81.47,80.95,81.38,19700,71.64
20091223,82.12,82.43,81.63,82.17,50700,71.05
20091222,81.63,81.75,81.01,81.46,40400,70.44
20091221,81.58,81.86,81.09,81.35,23200,70.34
20091218,81.30,81.35,80.48,81.31,28600,70.31
20091217,81.45,81.45,80.71,80.93,44700,69.98
20091216,82.15,82.81,82.15,82.53,15400,71.36
20091215,81.85,82.12,81.61,81.91,48700,70.83
20091214,82.47,82.72,82.10,82.57,22800,71.40
20091211,82.28,82.28,81.60,81.89,37400,70.81
20091210,82.30,82.30,81.65,81.94,29500,70.85
20091209,81.58,81.78,80.88,81.78,16300,70.71
20091208,82.21,82.21,81.26,81.43,38500,70.41
20091207,83.01,83.67,82.74,83.04,19000,71.80
20091204,84.52,84.57,82.61,83.25,22300,71.98
20091203,84.47,84.66,83.61,83.67,14000,72.35
20091202,84.00,84.43,83.66,84.06,27700,72.68
20091201,82.61,84.00,82.61,83.82,19500,72.48
20091130,81.48,81.69,80.74,81.61,47600,70.57
20091127,83.49,83.49,80.01,81.16,36900,70.18
20091125,83.24,83.60,82.99,83.50,435100,72.20
20091124,83.00,83.00,82.36,82.76,25600,71.56
20091123,83.00,83.58,82.84,83.12,29000,71.87
20091120,81.66,82.03,81.38,82.01,17800,70.91
20091119,82.91,83.10,81.64,82.44,37600,71.28
20091118,84.25,84.25,83.49,83.91,29800,72.55
20091117,83.75,84.03,83.07,84.00,37600,72.63
20091116,83.77,85.17,83.24,84.75,52300,73.28
20091113,82.69,83.43,82.17,83.22,22600,71.96
20091112,81.99,83.00,81.80,82.05,36100,70.95
20091111,83.54,83.65,82.79,83.19,31000,71.93
20091110,83.08,83.10,82.01,82.85,56500,71.64
20091109,82.98,85.63,82.97,83.71,81500,72.38
20091106,80.90,81.68,80.55,81.55,116500,70.51
20091105,81.08,81.60,80.87,81.58,167600,70.54
20091104,79.94,81.00,79.94,80.28,32400,69.42
20091103,78.23,78.98,77.72,78.94,30400,68.26
20091102,78.98,79.65,77.73,78.76,18100,68.10
20091030,80.17,80.23,77.90,78.15,37900,67.57
20091029,78.70,80.88,78.70,80.73,451900,69.81
20091028,78.83,80.60,77.45,77.70,80700,67.19
20091027,81.54,81.54,80.35,80.56,23500,69.66
20091026,83.21,83.68,81.41,81.65,31900,70.60
20091023,84.11,84.12,82.74,83.00,43000,71.77
20091022,83.53,84.29,82.91,84.19,30100,72.80
20091021,83.45,84.92,83.45,83.63,36600,72.31
20091020,84.92,86.34,83.49,84.07,35900,72.69
20091019,85.00,86.11,84.08,84.88,75800,73.39
20091016,83.69,84.20,83.17,83.90,49400,72.55
20091015,84.12,84.66,83.87,84.62,56200,73.17
20091014,83.84,85.50,83.84,84.65,38600,73.19
20091013,82.88,82.97,82.32,82.84,26800,71.63
20091012,83.19,83.37,82.50,82.77,42300,71.57
20091009,82.19,82.46,81.74,82.39,83900,71.24
20091008,83.10,83.10,81.42,82.21,84600,71.08
20091007,82.07,82.07,80.47,81.02,557500,70.06
20091006,79.61,81.33,79.61,80.60,42400,69.69
20091005,77.72,79.18,77.72,79.06,35300,68.36
20091002,77.28,77.82,76.67,77.43,36400,66.95
20091001,79.97,79.97,78.15,78.28,65000,67.69
20090930,80.48,80.97,79.24,80.33,64300,69.46
20090929,79.44,80.44,79.16,79.61,139300,68.84
20090928,79.16,80.31,78.83,79.93,128700,69.11
20090925,78.91,79.37,78.65,79.00,104000,68.31
20090924,80.81,80.81,78.71,79.22,504300,68.50
20090923,81.35,81.82,80.38,80.38,81000,69.50
20090922,80.78,82.79,80.78,81.19,44800,70.20
20090921,79.85,80.60,79.23,79.98,55200,69.16
20090918,81.02,81.12,80.37,80.82,29200,69.88
20090917,80.91,81.56,80.44,80.68,35100,69.76
20090916,80.30,81.44,80.30,81.32,67900,70.32
20090915,79.35,79.98,78.76,79.85,46600,69.04
20090914,78.49,79.38,78.32,79.38,44300,68.64
20090911,79.91,79.91,78.93,79.19,26900,68.47
20090910,78.58,79.18,77.88,79.16,47100,68.45
20090909,79.72,79.72,77.96,78.47,62700,67.85
20090908,77.15,79.19,77.15,77.64,55100,67.13
20090904,75.32,76.22,74.89,76.15,23000,65.85
20090903,76.15,76.15,74.31,74.87,25400,64.74
20090902,73.23,73.82,73.04,73.58,15900,63.62
20090901,74.14,75.14,73.16,73.16,27400,63.26
20090831,74.96,75.10,74.16,75.10,27300,64.94
20090828,76.52,76.52,75.46,75.72,16900,65.47
20090827,74.69,75.83,74.22,75.65,28500,65.41
20090826,76.50,76.50,74.50,75.08,32100,64.92
20090825,76.28,76.28,75.49,75.62,26900,65.39
20090824,75.78,75.80,74.97,75.23,31200,65.05
20090821,74.50,75.33,74.49,75.12,33800,64.95
20090820,72.99,73.99,72.99,73.80,21600,63.81
20090819,71.80,73.33,71.44,72.99,33700,63.11
20090818,71.57,72.68,71.57,72.57,23800,62.75
20090817,73.01,73.01,70.24,71.43,21300,61.76
20090814,74.66,74.66,73.44,74.01,22100,63.99
20090813,73.96,75.48,73.53,74.29,13400,64.24
20090812,72.23,73.41,72.23,72.96,27200,63.09
20090811,72.43,72.43,71.74,72.15,23600,62.39
20090810,73.51,73.51,72.04,72.56,37800,62.74
20090807,73.35,73.49,72.91,73.06,47600,63.17
20090806,73.69,73.69,72.62,73.06,20700,63.17
20090805,73.52,73.83,72.61,73.60,33900,63.64
20090804,72.90,73.70,72.90,73.52,33900,63.57
20090803,73.65,73.88,72.54,73.71,38400,63.74
20090731,70.91,71.83,70.75,71.54,46900,61.86
20090730,70.38,70.99,70.15,70.50,37400,60.96
20090729,69.58,69.58,68.92,69.44,21600,60.04
20090728,69.82,69.95,69.11,69.78,16000,60.34
20090727,70.12,70.50,69.82,70.50,22600,60.96
20090724,69.93,70.39,69.67,70.39,23500,60.86
20090723,68.86,70.45,68.86,70.04,26300,60.56
20090722,68.42,69.25,68.42,68.99,19000,59.65
20090721,69.17,69.17,68.10,68.70,31600,59.40
20090720,68.30,68.72,68.04,68.64,26800,59.35
20090717,66.92,67.24,66.74,67.18,11900,58.09
20090716,66.66,67.46,66.42,67.25,59000,58.15
20090715,67.66,67.66,66.22,67.14,23700,58.05
20090714,64.65,64.94,64.40,64.86,33100,56.08
20090713,63.41,64.43,62.88,64.33,36500,55.62
20090710,63.47,64.29,63.07,63.73,14800,55.11
20090709,64.32,64.62,64.05,64.29,19300,55.59
20090708,64.17,64.17,62.84,63.46,36500,54.87
20090707,65.06,65.06,64.00,64.08,13100,55.41
20090706,65.49,65.49,64.36,65.21,18500,56.39
20090702,65.77,65.84,65.26,65.46,25400,56.60
20090701,66.74,67.10,66.55,66.60,30700,57.59
20090630,66.37,66.50,65.30,65.79,28800,56.89
20090629,66.32,66.51,65.90,66.46,26400,57.47
20090626,66.03,66.29,65.83,66.21,16300,57.25
20090625,64.74,65.84,64.63,65.76,11500,56.86
20090624,64.71,65.21,64.02,64.28,20500,55.58
20090623,63.43,63.87,62.96,63.78,31100,55.15
20090622,64.09,64.13,62.77,62.78,42700,54.28
20090619,64.89,65.04,64.50,64.80,19400,56.03
20090618,64.60,65.06,64.36,64.62,25500,55.88
20090617,64.78,64.98,64.00,64.69,22700,55.94
20090616,66.11,66.11,64.83,64.94,80800,56.15
20090615,66.62,66.62,65.28,65.76,102000,56.86
20090612,67.37,67.76,67.18,67.76,42200,58.59
20090611,67.65,68.86,67.07,68.18,32200,58.95
20090610,67.76,69.43,66.23,67.07,45300,57.99
20090609,66.72,67.25,66.49,66.92,29000,57.86
20090608,65.84,66.64,63.54,66.37,24500,57.39
20090605,67.56,67.56,66.33,66.66,30700,57.64
20090604,67.06,67.63,66.80,67.55,40700,58.41
20090603,67.80,67.80,66.21,66.82,24700,57.78
20090602,68.21,68.97,68.15,68.80,51400,59.49
20090601,67.59,68.32,67.59,67.91,89600,58.72
20090529,66.28,66.59,65.90,66.59,62100,57.58
20090528,64.96,65.46,64.44,65.36,22800,56.52
20090527,65.40,65.40,64.11,64.23,26200,55.54
20090526,63.57,65.36,63.42,65.19,49200,56.37
20090522,64.73,64.89,64.33,64.52,44500,55.79
20090521,63.37,63.94,63.18,63.80,49400,55.17
20090520,64.37,64.94,64.04,64.10,32800,55.43
20090519,62.78,63.65,62.65,63.22,37400,54.66
20090518,61.42,62.98,61.42,62.95,56600,54.43
20090515,60.87,61.25,59.94,60.42,67100,52.24
20090514,60.03,61.07,59.81,60.69,23700,52.48
20090513,60.82,60.82,59.48,59.65,51400,51.58
20090512,61.98,62.09,61.11,61.82,43800,53.45
20090511,61.89,61.89,60.91,60.99,50700,52.74
20090508,61.74,62.96,61.60,62.89,50500,54.38
20090507,62.11,62.24,60.13,60.54,103000,52.35
20090506,61.46,61.90,60.83,61.83,360800,53.46
20090505,59.82,60.66,58.39,60.42,36600,52.24
20090504,60.19,66.60,58.17,60.70,53300,52.49
20090501,57.53,58.10,57.34,58.08,7400,50.22
20090430,57.45,57.74,56.76,57.03,10700,49.31
20090429,56.13,57.21,56.13,56.73,26700,49.05
20090428,54.30,55.39,54.30,55.03,21600,47.58
20090427,55.74,56.79,55.00,55.49,79000,47.98
20090424,56.45,58.90,56.37,56.74,15300,49.06
20090423,55.11,55.67,54.98,55.49,12800,47.98
20090422,53.72,55.16,53.72,54.19,19300,46.86
20090421,53.04,54.37,53.04,54.37,10100,47.01
20090420,53.79,53.85,52.85,52.89,18000,45.73
20090417,55.33,55.45,55.01,55.37,30700,47.88
20090416,55.54,57.78,55.00,55.78,16100,48.23
20090415,54.57,55.53,54.57,55.53,12500,48.02
20090414,54.45,54.84,54.28,54.33,19900,46.98
20090413,53.49,57.60,53.44,54.73,31500,47.32
20090409,53.58,53.80,53.00,53.80,16200,46.52
20090408,51.97,54.80,51.66,52.09,8800,45.04
20090407,51.57,51.75,51.28,51.41,11500,44.45
20090406,52.33,52.62,51.78,52.62,17100,45.50
