20140814,61.42,61.58,61.42,61.58,98800,61.58
20140813,61.11,61.35,61.10,61.29,148600,61.29
20140812,60.96,61.08,60.78,60.93,246900,60.93
20140811,61.00,61.18,60.89,61.00,237400,61.00
20140808,60.20,60.73,60.14,60.71,298600,60.71
20140807,60.85,60.85,60.09,60.26,348500,60.26
20140806,60.36,60.79,60.30,60.63,206800,60.63
20140805,61.07,61.09,60.48,60.70,259600,60.70
20140804,61.10,61.43,60.82,61.32,345600,61.32
20140801,61.13,61.21,60.63,60.93,323100,60.93
20140731,61.90,61.91,61.12,61.14,227600,61.14
20140730,62.44,62.48,62.03,62.26,122600,62.26
20140729,62.71,62.71,62.21,62.23,400400,62.23
20140728,62.54,62.58,62.21,62.51,919000,62.51
20140725,62.70,62.73,62.33,62.51,377200,62.51
20140724,62.91,62.91,62.72,62.77,195600,62.77
20140723,62.75,62.77,62.60,62.72,120000,62.72
20140722,62.58,62.68,62.50,62.56,639500,62.56
20140721,62.21,62.28,61.96,62.25,186600,62.25
20140718,61.94,62.46,61.81,62.39,153400,62.39
20140717,62.33,62.46,61.67,61.74,234600,61.74
20140716,62.64,62.64,62.37,62.51,266700,62.51
20140715,62.51,62.53,62.03,62.24,180400,62.24
20140714,62.48,62.50,62.38,62.43,113400,62.43
20140711,62.07,62.09,61.85,62.06,124500,62.06
20140710,61.74,62.12,61.55,62.04,314900,62.04
20140709,62.31,62.50,62.19,62.45,238900,62.45
20140708,62.54,62.65,62.04,62.19,275800,62.19
20140707,62.91,62.91,62.60,62.69,496300,62.69
20140703,62.97,63.12,62.81,63.09,97600,63.09
20140702,62.78,62.92,62.75,62.81,228100,62.81
20140701,62.48,62.87,62.46,62.76,268600,62.76
20140630,62.16,62.30,62.09,62.23,1468100,62.23
20140627,61.88,62.19,61.88,62.17,190700,62.17
20140626,62.08,62.08,61.59,61.96,378100,61.96
20140625,61.76,62.00,61.70,61.97,381100,61.97
20140624,62.26,62.36,61.82,61.86,339900,61.86
20140623,62.67,62.69,62.51,62.63,568600,62.17
20140620,62.77,62.77,62.62,62.73,127000,62.27
20140619,62.71,62.78,62.52,62.63,127500,62.17
20140618,62.16,62.58,62.01,62.52,387600,62.06
20140617,61.96,62.19,61.87,62.16,211200,61.70
20140616,62.01,62.13,61.90,62.04,93600,61.58
20140613,62.00,62.09,61.81,62.08,134600,61.62
20140612,62.00,62.19,61.79,61.91,268400,61.45
20140611,62.23,62.23,62.05,62.15,212700,61.69
20140610,62.38,62.38,62.14,62.37,165700,61.91
20140609,62.33,62.49,62.25,62.42,191200,61.96
20140606,62.23,62.37,62.14,62.35,159500,61.89
20140605,61.73,62.04,61.50,62.01,337300,61.55
20140604,61.40,61.56,61.26,61.55,132300,61.09
20140603,61.45,61.50,61.31,61.49,110500,61.04
20140602,61.49,61.59,61.32,61.58,222000,61.12
20140530,61.46,61.46,61.23,61.34,317600,60.89
20140529,61.27,61.47,61.18,61.47,271900,61.02
20140528,61.24,61.26,61.00,61.10,138300,60.65
20140527,61.00,61.34,61.00,61.21,196600,60.76
20140523,60.77,60.95,60.72,60.93,212300,60.48
20140522,60.50,60.76,60.49,60.67,165100,60.22
20140521,60.24,60.47,60.23,60.43,255600,59.98
20140520,60.35,60.40,59.88,60.02,142900,59.58
20140519,60.25,60.45,60.17,60.42,89300,59.97
20140516,60.29,60.37,60.00,60.36,174800,59.91
20140515,60.46,60.57,59.84,60.09,189500,59.65
20140514,60.65,60.74,60.45,60.52,115600,60.07
20140513,60.80,60.80,60.62,60.67,244900,60.22
20140512,60.52,60.75,60.45,60.70,239600,60.25
20140509,60.15,60.19,59.85,60.17,94600,59.73
20140508,60.29,60.53,60.03,60.15,106800,59.71
20140507,60.20,60.25,59.75,60.24,140800,59.79
20140506,60.28,60.28,59.95,59.99,266300,59.55
20140505,60.00,60.28,59.77,60.26,301500,59.81
20140502,60.15,60.45,60.15,60.25,152200,59.80
20140501,60.22,60.34,60.04,60.23,145700,59.78
20140430,59.85,60.16,59.71,60.11,1324700,59.67
20140429,59.65,59.99,59.60,59.89,99100,59.45
20140428,59.62,59.77,59.10,59.59,200400,59.15
20140425,59.66,59.67,59.30,59.41,118900,58.97
20140424,59.89,60.07,59.56,59.88,310100,59.44
20140423,59.99,60.01,59.78,59.85,154400,59.41
20140422,59.88,60.11,59.81,59.97,182900,59.53
20140421,59.73,59.79,59.56,59.75,159400,59.31
20140417,59.38,59.77,59.36,59.66,169200,59.22
20140416,59.27,59.42,59.07,59.42,1145400,58.98
20140415,58.81,58.95,58.04,58.80,237100,58.37
20140414,58.68,58.96,58.45,58.81,689800,58.38
20140411,58.76,58.95,58.41,58.49,485100,58.06
20140410,60.03,60.03,58.84,58.95,214000,58.51
20140409,59.49,60.06,59.42,60.06,331300,59.62
20140408,59.10,59.45,59.00,59.36,193300,58.92
20140407,59.60,59.67,58.97,59.14,143200,58.70
20140404,60.37,60.43,59.48,59.55,312400,59.11
20140403,60.15,60.22,59.85,60.07,440900,59.63
20140402,60.10,60.25,60.00,60.20,382900,59.75
20140401,59.89,60.15,59.84,60.11,422800,59.67
20140331,59.54,59.75,59.52,59.67,381700,59.23
20140328,59.14,59.42,59.07,59.16,399500,58.72
20140327,58.64,58.94,58.56,58.79,245000,58.36
20140326,59.10,59.28,58.64,58.64,345900,58.21
20140325,58.89,59.01,58.60,58.88,269300,58.44
20140324,59.19,59.23,58.57,58.85,486700,58.08
20140321,59.33,59.45,58.83,58.90,169900,58.13
20140320,58.84,59.10,58.51,59.00,109400,58.23
20140319,59.50,59.50,58.60,58.89,306800,58.12
20140318,59.20,59.54,59.13,59.47,248100,58.70
20140317,58.86,59.19,58.80,59.02,380700,58.25
20140314,58.40,58.78,58.32,58.52,332800,57.76
20140313,59.56,59.58,58.43,58.58,235800,57.82
20140312,59.21,59.40,58.91,59.38,186800,58.61
20140311,59.92,59.97,59.35,59.44,305700,58.67
20140310,59.89,59.89,59.49,59.75,461000,58.97
20140307,60.33,60.43,59.82,60.02,285200,59.24
20140306,60.20,60.38,60.13,60.21,1073100,59.43
20140305,59.84,60.00,59.80,59.94,145900,59.16
20140304,59.87,59.96,59.62,59.91,785400,59.13
20140303,58.93,59.20,58.64,58.91,407500,58.14
20140228,59.76,60.03,59.41,59.72,370700,58.94
20140227,59.41,59.60,59.21,59.56,199700,58.78
20140226,59.44,59.53,59.20,59.34,144000,58.57
20140225,59.58,59.66,59.24,59.33,171700,58.56
20140224,59.18,59.83,59.18,59.48,291300,58.71
20140221,59.30,59.38,59.10,59.11,492600,58.34
20140220,58.79,59.18,58.64,59.10,167700,58.33
20140219,59.14,59.34,58.74,58.77,452100,58.00
20140218,59.16,59.28,59.00,59.15,303300,58.38
20140214,58.63,59.01,58.60,58.89,241500,58.12
20140213,57.99,58.65,57.95,58.60,312100,57.84
20140212,58.41,58.55,58.24,58.39,417100,57.63
20140211,57.68,58.43,57.68,58.28,215600,57.52
20140210,57.67,57.67,57.37,57.52,340100,56.77
20140207,57.31,57.62,57.04,57.56,303500,56.81
20140206,56.19,56.97,56.19,56.92,193400,56.18
20140205,56.00,56.19,55.64,56.05,204200,55.32
20140204,55.90,56.19,55.72,56.09,352100,55.36
20140203,56.92,56.92,55.53,55.63,971600,54.91
20140131,56.65,57.06,56.40,56.76,1016000,56.02
20140130,57.20,57.45,57.01,57.35,341500,56.60
20140129,57.00,57.18,56.65,56.78,403200,56.04
20140128,57.13,57.44,57.09,57.36,337400,56.61
20140127,57.20,57.34,56.56,56.89,340600,56.15
20140124,58.17,58.19,57.19,57.19,792900,56.45
20140123,58.98,59.00,58.45,58.71,481500,57.95
20140122,59.11,59.32,59.06,59.25,743700,58.48
20140121,59.14,59.39,58.83,59.10,385700,58.33
20140117,59.00,59.16,58.87,58.94,246300,58.17
20140116,59.31,59.31,58.93,59.16,195700,58.39
20140115,59.06,59.26,59.00,59.14,423400,58.37
20140114,58.71,58.98,58.50,58.96,233900,58.19
20140113,58.83,59.04,58.33,58.43,397800,57.67
20140110,58.95,59.09,58.71,59.09,282900,58.32
20140109,58.82,58.83,58.35,58.69,297200,57.93
20140108,58.76,58.82,58.52,58.70,443300,57.94
20140107,58.68,58.76,58.58,58.69,231700,57.93
20140106,58.78,58.87,58.35,58.42,253000,57.66
20140103,58.68,58.83,58.50,58.58,323700,57.82
20140102,59.00,59.05,58.38,58.52,584300,57.76
20131231,59.30,59.44,59.21,59.40,593400,58.63
20131230,59.09,59.17,59.01,59.16,255100,58.39
20131227,59.00,59.10,58.90,59.00,262100,58.23
20131226,58.85,58.87,58.75,58.82,264700,58.05
20131224,58.50,58.63,58.45,58.61,149200,57.85
20131223,58.48,58.49,58.26,58.47,346200,57.71
20131220,57.85,58.07,57.80,58.01,446000,57.25
20131219,58.03,58.09,57.73,58.06,1034200,56.93
20131218,57.48,58.15,56.96,58.05,442200,56.92
20131217,57.49,57.50,57.11,57.26,273600,56.15
20131216,57.27,57.61,57.26,57.49,331500,56.38
20131213,57.18,57.19,56.90,57.06,176500,55.95
20131212,57.25,57.34,56.90,57.08,269300,55.97
20131211,58.07,58.07,57.30,57.35,221300,56.24
20131210,58.01,58.15,57.95,58.02,193400,56.90
20131209,58.19,58.20,58.03,58.11,293100,56.98
20131206,57.84,58.13,57.79,58.06,207900,56.93
20131205,57.48,57.60,57.31,57.37,347600,56.26
20131204,57.52,57.74,57.20,57.58,292200,56.46
20131203,57.98,57.98,57.58,57.79,289500,56.67
20131202,58.45,58.45,58.07,58.10,498700,56.97
20131129,58.53,58.74,58.49,58.50,203100,57.37
20131127,58.16,58.49,58.16,58.46,286400,57.33
20131126,58.26,58.36,58.10,58.24,379000,57.11
20131125,58.44,58.45,58.18,58.22,153800,57.09
20131122,58.08,58.45,58.08,58.44,175900,57.31
20131121,57.81,58.22,57.81,58.22,203500,57.09
20131120,58.23,58.33,57.69,57.83,225300,56.71
20131119,58.20,58.35,58.03,58.11,218000,56.98
20131118,58.54,58.66,58.19,58.30,346000,57.17
20131115,58.00,58.36,58.00,58.33,338400,57.20
20131114,57.71,57.97,57.61,57.91,160600,56.79
20131113,56.97,57.65,56.95,57.64,93200,56.52
20131112,57.44,57.45,57.16,57.32,126000,56.21
20131111,57.49,57.54,57.37,57.48,171000,56.37
20131108,56.90,57.46,56.87,57.44,358900,56.33
20131107,57.83,57.83,56.93,56.94,201500,55.84
20131106,57.87,57.92,57.64,57.75,199900,56.63
20131105,57.53,57.60,57.30,57.48,167300,56.37
20131104,57.55,57.91,57.55,57.91,263700,56.79
20131101,57.60,57.72,57.28,57.58,519600,56.46
20131031,57.96,57.98,57.60,57.61,285000,56.49
20131030,58.22,58.26,57.68,57.91,308700,56.79
20131029,58.12,58.15,57.99,58.13,166600,57.00
20131028,58.00,58.09,57.86,57.99,299400,56.87
20131025,58.00,58.00,57.78,58.00,298200,56.88
20131024,57.92,57.99,57.73,57.94,129500,56.82
20131023,57.82,57.82,57.50,57.63,448700,56.51
20131022,58.03,58.34,57.96,58.14,365600,57.01
20131021,57.75,57.77,57.59,57.73,377500,56.61
20131018,57.40,57.72,57.40,57.67,381100,56.55
20131017,56.84,57.37,56.78,57.33,379100,56.22
20131016,56.41,56.77,56.40,56.77,500400,55.67
20131015,56.47,56.49,56.11,56.15,237500,55.06
20131014,56.06,56.60,56.00,56.54,160500,55.44
20131011,56.03,56.40,55.96,56.40,844300,55.31
20131010,55.58,56.02,55.50,56.01,293000,54.92
20131009,55.07,55.09,54.55,54.88,246200,53.82
20131008,55.45,55.50,54.76,54.77,336200,53.71
20131007,55.35,55.61,55.23,55.36,228000,54.29
20131004,55.68,55.88,55.47,55.81,366200,54.73
20131003,55.93,55.93,55.33,55.58,752700,54.50
20131002,55.81,55.95,55.55,55.91,369700,54.83
20131001,55.66,56.04,55.63,55.99,333600,54.90
20130930,55.19,55.66,55.19,55.55,298300,54.47
20130927,55.97,55.97,55.70,55.89,245200,54.81
20130926,56.10,56.27,55.91,56.07,246500,54.98
20130925,55.85,56.10,55.81,55.89,440800,54.81
20130924,56.09,56.26,55.85,55.94,207900,54.86
20130923,56.01,56.20,55.87,56.04,220200,54.95
20130920,56.93,56.93,56.36,56.37,238900,55.04
20130919,57.17,57.20,56.75,56.88,216700,55.54
20130918,56.07,57.15,55.87,57.06,210800,55.71
20130917,55.83,56.00,55.83,55.96,128000,54.64
20130916,56.00,56.22,55.80,55.83,265700,54.51
20130913,55.42,55.47,55.22,55.44,159500,54.13
20130912,55.48,55.52,55.24,55.26,118700,53.95
20130911,55.32,55.56,55.19,55.55,270200,54.24
20130910,55.36,55.39,55.16,55.39,245700,54.08
20130909,54.44,54.88,54.43,54.86,143900,53.56
20130906,54.18,54.37,53.69,54.12,50300,52.84
20130905,53.67,54.03,53.67,53.98,196100,52.70
20130904,53.47,53.92,53.37,53.87,121100,52.60
20130903,53.52,53.75,53.19,53.32,1107200,52.06
20130830,53.15,53.17,52.75,52.84,177700,51.59
20130829,53.04,53.40,53.04,53.12,492600,51.86
20130828,52.99,53.30,52.79,53.09,113400,51.83
20130827,53.50,53.51,52.97,53.01,343300,51.76
20130826,54.25,54.30,53.95,53.96,659800,52.68
20130823,54.03,54.24,53.93,54.21,119600,52.93
20130822,53.56,53.95,53.56,53.86,111300,52.59
20130821,53.73,53.93,53.20,53.38,141400,52.12
20130820,53.77,54.10,53.65,53.94,112500,52.66
20130819,54.19,54.19,53.77,53.77,126000,52.50
20130816,54.33,54.42,54.14,54.21,115000,52.93
20130815,54.36,54.41,53.95,54.28,241300,53.00
20130814,55.07,55.12,54.90,54.92,153000,53.62
20130813,54.92,55.10,54.65,55.04,125000,53.74
20130812,54.65,54.86,54.57,54.78,303900,53.48
20130809,54.80,54.94,54.64,54.81,72100,53.51
20130808,54.77,54.90,54.47,54.85,186400,53.55
20130807,54.50,54.50,54.28,54.36,232300,53.07
20130806,54.90,54.90,54.55,54.67,118500,53.38
20130805,54.98,54.98,54.78,54.93,102200,53.63
20130802,54.90,55.05,54.75,55.05,205900,53.75
20130801,54.73,54.94,54.70,54.89,694900,53.59
20130731,54.24,54.57,54.12,54.17,134300,52.89
20130730,54.34,54.38,53.98,54.11,159700,52.83
20130729,54.27,54.28,54.03,54.15,211000,52.87
20130726,54.34,54.45,53.99,54.44,458500,53.15
20130725,54.30,54.61,54.18,54.58,264600,53.29
20130724,54.88,54.88,54.31,54.47,171300,53.18
20130723,54.69,54.79,54.58,54.65,288500,53.36
20130722,54.44,54.63,54.39,54.62,113600,53.33
20130719,54.28,54.40,54.10,54.37,127600,53.08
20130718,54.16,54.44,54.12,54.37,275400,53.08
20130717,54.18,54.26,54.02,54.09,193600,52.81
20130716,54.01,54.01,53.71,53.87,122900,52.60
20130715,53.94,54.07,53.81,54.03,139700,52.75
20130712,53.63,53.83,53.61,53.75,112600,52.48
20130711,53.55,53.93,53.43,53.88,362100,52.61
20130710,52.62,52.99,52.59,52.72,147900,51.47
20130709,52.68,52.73,52.39,52.65,111200,51.41
20130708,52.30,52.45,52.20,52.30,187100,51.06
20130705,51.94,52.10,51.63,52.10,338200,50.87
20130703,51.40,51.81,51.27,51.73,209000,50.51
20130702,51.96,52.18,51.46,51.65,626700,50.43
20130701,51.92,52.21,51.84,51.94,343800,50.71
20130628,51.51,51.86,51.39,51.51,311800,50.29
20130627,51.64,51.86,51.60,51.72,258800,50.50
20130626,50.99,51.29,50.95,51.19,196100,49.98
20130625,50.78,50.88,50.30,50.80,324900,49.60
20130624,50.21,50.54,49.75,50.13,415400,48.94
20130621,51.60,51.76,50.91,51.37,356700,49.73
20130620,52.14,52.15,51.15,51.27,368300,49.63
20130619,53.77,53.77,52.83,52.88,256200,51.19
20130618,53.50,53.89,53.46,53.83,330400,52.11
20130617,53.47,53.71,53.16,53.43,200900,51.72
20130614,53.24,53.38,52.77,52.88,113600,51.19
20130613,52.63,53.41,52.47,53.34,132300,51.63
20130612,53.25,53.39,52.49,52.56,210300,50.88
20130611,52.94,53.20,52.68,52.85,385500,51.16
20130610,53.81,53.81,53.40,53.56,265000,51.85
20130607,53.16,53.55,53.01,53.53,96600,51.82
20130606,52.67,53.05,52.42,53.05,214300,51.35
20130605,53.30,53.34,52.60,52.61,226800,50.93
20130604,53.69,53.91,53.24,53.51,174100,51.80
20130603,53.45,53.72,53.21,53.71,532400,51.99
20130531,53.97,54.10,53.38,53.38,185600,51.67
20130530,54.17,54.46,54.09,54.31,220800,52.57
20130529,54.28,54.28,53.85,54.05,461500,52.32
20130528,54.64,54.97,54.33,54.46,284300,52.72
20130524,54.07,54.25,53.83,54.25,705000,52.51
20130523,54.01,54.58,53.60,54.58,396600,52.83
20130522,55.55,55.93,54.65,54.83,486200,53.08
20130521,55.33,55.53,55.10,55.39,344000,53.62
20130520,55.28,55.45,55.20,55.31,273800,53.54
20130517,54.98,55.25,54.87,55.25,256800,53.48
20130516,55.01,55.14,54.75,54.80,167100,53.05
20130515,54.84,55.19,54.80,55.09,143000,53.33
20130514,54.50,54.92,54.50,54.88,189900,53.12
20130513,54.55,54.59,54.35,54.53,386300,52.79
20130510,54.44,54.60,54.27,54.57,165800,52.82
20130509,54.79,54.88,54.44,54.55,188700,52.80
20130508,54.55,54.85,54.50,54.82,259000,53.07
20130507,54.36,54.46,54.15,54.44,146800,52.70
20130506,54.13,54.27,54.05,54.21,263000,52.48
20130503,53.96,54.31,53.96,54.15,159000,52.42
20130502,53.29,53.65,53.27,53.57,297100,51.86
20130501,53.51,53.66,53.10,53.16,250600,51.46
20130430,53.49,53.68,53.27,53.68,202000,51.96
20130429,53.21,53.51,53.13,53.42,185600,51.71
20130426,52.94,53.01,52.77,52.90,65600,51.21
20130425,52.98,53.26,52.94,53.04,186400,51.34
20130424,52.60,52.88,52.55,52.74,259100,51.05
20130423,52.26,52.54,52.14,52.52,250600,50.84
20130422,51.85,52.02,51.45,51.94,150800,50.28
20130419,51.51,51.78,51.45,51.77,177500,50.11
20130418,51.63,51.63,51.07,51.20,182000,49.56
20130417,51.98,51.98,51.20,51.44,451200,49.79
20130416,52.14,52.41,51.94,52.37,312200,50.69
20130415,52.50,52.51,51.53,51.53,208200,49.88
20130412,52.84,52.85,52.54,52.84,164100,51.15
20130411,52.98,53.23,52.90,53.07,225600,51.37
20130410,52.37,52.85,52.37,52.81,309000,51.12
20130409,52.00,52.32,51.85,52.10,139800,50.43
20130408,51.73,51.95,51.56,51.94,182400,50.28
20130405,51.11,51.76,51.11,51.69,221200,50.04
20130404,51.70,51.96,51.62,51.86,127500,50.20
20130403,52.26,52.28,51.50,51.57,188700,49.92
20130402,52.02,52.33,52.02,52.14,276800,50.47
20130401,52.23,52.24,51.70,51.83,467300,50.17
20130328,52.10,52.34,52.02,52.28,273700,50.61
20130327,51.78,52.13,51.65,52.07,166800,50.40
20130326,51.96,52.15,51.92,52.13,122500,50.46
20130325,52.18,52.23,51.52,51.74,185400,50.08
20130322,51.91,52.06,51.83,52.05,137400,50.38
20130321,51.99,52.13,51.78,51.86,402100,50.04
20130320,52.33,52.39,52.15,52.27,244700,50.44
20130319,52.23,52.30,51.53,51.82,2029100,50.00
20130318,52.00,52.43,51.90,52.18,195100,50.35
20130315,52.65,52.69,52.47,52.52,296600,50.68
20130314,52.45,52.70,52.40,52.67,188000,50.82
20130313,52.36,52.41,52.13,52.30,123100,50.47
20130312,52.51,52.58,52.22,52.33,191100,50.50
20130311,52.46,52.61,52.31,52.60,78000,50.76
20130308,52.42,52.48,52.18,52.45,412400,50.61
20130307,52.19,52.29,52.16,52.24,155500,50.41
20130306,52.11,52.23,51.94,52.05,424800,50.23
20130305,51.77,52.07,51.77,51.97,301100,50.15
20130304,51.21,51.50,51.11,51.49,352700,49.69
20130301,51.00,51.38,50.85,51.37,365700,49.57
20130228,51.41,51.61,51.24,51.24,453500,49.44
20130227,50.70,51.48,50.63,51.34,179800,49.54
20130226,50.82,50.91,50.36,50.78,269400,49.00
20130225,51.86,51.86,50.45,50.46,304700,48.69
20130222,51.24,51.42,51.06,51.42,132100,49.62
20130221,51.17,51.17,50.70,50.90,201500,49.12
20130220,52.11,52.13,51.41,51.43,249300,49.63
20130219,51.87,52.07,51.80,52.02,399100,50.20
20130215,51.78,51.78,51.44,51.57,295000,49.76
20130214,51.58,51.75,51.49,51.70,276600,49.89
20130213,51.89,51.96,51.69,51.78,185300,49.97
20130212,51.58,51.80,51.50,51.68,191800,49.87
20130211,51.60,51.60,51.40,51.52,287900,49.71
20130208,51.49,51.61,51.44,51.59,230600,49.78
20130207,51.53,51.53,50.95,51.28,250100,49.48
20130206,51.27,51.55,51.21,51.55,263800,49.74
20130205,51.29,51.64,51.29,51.50,189700,49.69
20130204,51.52,51.57,51.11,51.15,717300,49.36
20130201,51.74,51.95,51.60,51.88,257100,50.06
20130131,51.43,51.58,51.31,51.40,236800,49.60
20130130,51.73,51.75,51.49,51.54,180800,49.73
20130129,51.40,51.66,51.33,51.61,221200,49.80
20130128,51.50,51.53,51.20,51.33,183800,49.53
20130125,51.48,51.53,51.29,51.53,154900,49.72
20130124,51.20,51.43,51.03,51.25,507400,49.45
20130123,51.13,51.20,51.01,51.15,241900,49.36
20130122,50.92,51.19,50.85,51.19,1124000,49.40
20130118,50.95,51.03,50.73,50.99,384600,49.20
20130117,50.90,51.08,50.78,50.94,296400,49.15
20130116,50.56,50.65,50.45,50.61,438000,48.84
20130115,50.38,50.73,50.38,50.71,201900,48.93
20130114,50.74,50.79,50.54,50.76,226300,48.98
20130111,50.71,50.76,50.51,50.73,411000,48.95
20130110,50.61,50.79,50.39,50.76,433100,48.98
20130109,50.12,50.31,50.10,50.23,673900,48.47
20130108,50.19,50.21,49.84,50.01,1737600,48.26
20130107,50.24,50.26,50.04,50.20,892500,48.44
20130104,50.22,50.50,50.13,50.46,379800,48.69
20130103,50.20,50.52,50.13,50.22,348200,48.46
20130102,50.22,50.50,50.16,50.50,722400,48.73
20121231,48.78,49.50,48.73,49.42,293000,47.69
20121228,48.85,49.00,48.64,48.78,411400,47.07
20121227,49.22,49.22,48.65,49.08,453200,47.36
20121226,49.15,49.32,48.89,49.03,358600,47.31
20121224,49.20,49.24,49.00,49.11,229900,47.39
20121221,48.86,49.24,48.80,49.19,547000,47.47
20121220,49.45,49.66,49.36,49.61,346000,47.87
20121219,50.03,50.13,49.82,49.85,211100,47.57
20121218,49.42,50.00,49.40,49.95,1412000,47.66
20121217,49.01,49.48,49.01,49.46,222400,47.20
20121214,49.09,49.21,48.93,49.05,140800,46.80
20121213,49.31,49.38,48.93,49.02,189900,46.78
20121212,49.28,49.62,49.27,49.33,209500,47.07
20121211,49.00,49.33,49.00,49.24,305900,46.99
20121210,48.76,48.91,48.72,48.86,192500,46.62
20121207,48.72,48.89,48.62,48.84,91200,46.60
20121206,48.63,48.75,48.54,48.74,278300,46.51
20121205,48.41,48.81,48.31,48.55,158500,46.33
20121204,48.46,48.57,48.28,48.41,141000,46.19
20121203,48.79,48.79,48.34,48.35,176800,46.14
20121130,48.51,48.57,48.31,48.47,102200,46.25
20121129,48.41,48.54,48.20,48.43,511200,46.21
20121128,47.57,48.27,47.37,48.17,457200,45.96
20121127,47.93,48.10,47.75,47.76,188500,45.57
20121126,47.94,48.06,47.80,48.05,601100,45.85
20121123,47.85,48.17,47.85,48.17,65700,45.96
20121121,47.28,47.41,47.22,47.41,86500,45.24
20121120,47.15,47.32,46.95,47.25,122500,45.09
20121119,46.92,47.31,46.83,47.31,273700,45.14
20121116,46.28,46.41,45.83,46.33,120900,44.21
20121115,46.37,46.47,46.03,46.18,273500,44.07
20121114,46.86,46.98,46.15,46.25,1250500,44.13
20121113,46.76,47.19,46.69,46.80,319300,44.66
20121112,47.25,47.25,47.01,47.09,163100,44.93
20121109,46.89,47.38,46.83,47.05,305600,44.90
20121108,47.51,47.68,46.98,47.03,225100,44.88
20121107,48.01,48.01,47.27,47.51,175000,45.33
20121106,48.19,48.48,48.11,48.41,85700,46.19
20121105,47.98,48.10,47.80,48.01,203700,45.81
20121102,48.58,48.60,47.94,47.94,146000,45.74
20121101,48.01,48.46,47.87,48.45,366600,46.23
20121031,47.96,48.00,47.62,47.74,210300,45.55
20121026,47.87,47.97,47.60,47.79,45600,45.60
20121025,48.06,48.21,47.68,47.94,252200,45.74
20121024,48.00,48.03,47.62,47.64,91400,45.46
20121023,47.82,47.83,47.41,47.69,153800,45.51
20121022,48.52,48.60,48.20,48.54,91300,46.32
20121019,48.96,48.96,48.25,48.34,60300,46.13
20121018,49.04,49.35,48.94,49.10,62600,46.85
20121017,48.97,49.25,48.88,49.20,207700,46.95
20121016,48.61,48.92,48.60,48.91,210000,46.67
20121015,48.04,48.31,47.88,48.29,119800,46.08
20121012,48.09,48.15,47.77,47.86,52600,45.67
20121011,48.20,48.39,48.05,48.06,102200,45.86
20121010,48.00,48.08,47.73,47.83,70800,45.64
20121009,48.50,48.50,48.06,48.08,316300,45.88
20121008,48.51,48.65,48.51,48.63,48000,46.40
20121005,49.15,49.26,48.72,48.85,93800,46.61
20121004,48.64,48.84,48.52,48.83,110000,46.59
20121003,48.47,48.52,48.20,48.40,67800,46.18
20121002,48.62,48.68,48.27,48.46,230200,46.24
20121001,48.27,48.70,48.23,48.27,606700,46.06
20120928,48.28,48.28,47.89,48.03,251200,45.83
20120927,48.26,48.58,48.04,48.51,342200,46.29
20120926,48.16,48.17,47.77,47.91,175900,45.72
20120925,48.91,48.96,48.26,48.28,212800,46.07
20120924,48.62,48.77,48.50,48.68,75300,46.45
20120921,49.78,49.78,49.33,49.38,156900,46.56
20120920,49.31,49.42,49.00,49.38,251900,46.56
20120919,49.64,49.74,49.46,49.63,58800,46.80
20120918,49.57,49.62,49.41,49.53,100300,46.70
20120917,49.90,49.91,49.56,49.69,111800,46.85
20120914,49.78,50.34,49.77,49.94,318200,47.09
20120913,48.72,49.67,48.59,49.56,288200,46.73
20120912,48.78,48.87,48.58,48.71,70400,45.93
20120911,48.32,48.64,48.32,48.51,111600,45.74
20120910,48.45,48.54,48.19,48.21,221700,45.46
20120907,48.28,48.57,48.28,48.56,405100,45.79
20120906,47.35,48.10,47.35,48.10,417700,45.35
20120905,47.06,47.20,46.86,47.02,540100,44.34
20120904,47.17,47.20,46.85,47.09,138300,44.40
20120831,47.20,47.34,46.90,47.14,79300,44.45
20120830,47.08,47.08,46.73,46.81,84800,44.14
20120829,47.41,47.41,47.17,47.28,114500,44.58
20120828,47.20,47.46,47.20,47.36,98900,44.66
20120827,47.44,47.55,47.30,47.35,126700,44.65
20120824,47.17,47.51,47.01,47.37,185200,44.67
20120823,47.55,47.55,47.23,47.29,52000,44.59
20120822,47.43,47.68,47.29,47.61,118600,44.89
20120821,47.76,48.08,47.56,47.65,98100,44.93
20120820,47.60,47.69,47.39,47.64,107900,44.92
20120817,47.68,47.75,47.54,47.70,189100,44.98
20120816,47.33,47.74,47.20,47.66,206700,44.94
20120815,47.09,47.25,47.07,47.19,130100,44.50
20120814,47.36,47.36,47.07,47.16,48400,44.47
20120813,47.20,47.25,46.90,47.14,43400,44.45
20120810,46.88,47.27,46.82,47.25,53400,44.55
20120809,46.97,47.31,46.97,47.16,55000,44.47
20120808,46.90,47.21,46.90,47.06,188800,44.37
20120807,47.03,47.31,46.96,47.10,102100,44.41
20120806,46.70,46.97,46.67,46.77,128100,44.10
20120803,46.17,46.69,46.17,46.54,70400,43.88
20120802,45.54,45.81,45.09,45.40,74500,42.81
20120801,46.23,46.27,45.82,45.86,102400,43.24
20120731,46.24,46.42,46.00,46.00,218100,43.37
20120730,46.13,46.34,46.11,46.17,50600,43.53
20120727,45.58,46.43,45.58,46.28,97600,43.64
20120726,45.22,45.44,45.07,45.36,88600,42.77
20120725,44.54,44.57,44.16,44.40,119900,41.87
20120724,44.75,44.75,43.95,44.25,88300,41.72
20120723,44.56,44.83,44.25,44.75,67000,42.20
20120720,45.55,45.60,45.33,45.39,159800,42.80
20120719,45.92,46.16,45.85,46.05,244800,43.42
20120718,45.35,45.86,45.35,45.77,89100,43.16
20120717,45.46,45.56,44.96,45.53,47900,42.93
20120716,45.18,45.34,44.97,45.25,56700,42.67
20120713,44.69,45.38,44.69,45.26,135700,42.68
20120712,44.60,44.73,44.25,44.55,124700,42.01
20120711,44.97,45.16,44.76,45.00,78100,42.43
20120710,45.49,45.50,44.80,44.91,81500,42.35
20120709,45.28,45.29,45.01,45.27,82100,42.69
20120706,45.50,45.52,45.12,45.39,206600,42.80
20120705,45.95,46.07,45.69,45.89,81100,43.27
20120703,45.94,46.36,45.94,46.33,73300,43.69
20120702,45.74,45.88,45.47,45.84,128300,43.22
20120629,45.49,45.68,45.27,45.67,116300,43.06
20120628,44.04,44.27,43.73,44.24,65900,41.71
20120627,44.14,44.46,44.07,44.37,61200,41.84
20120626,43.83,44.09,43.60,43.94,82500,41.43
20120625,44.00,44.02,43.56,43.69,73200,41.20
20120622,44.53,44.63,44.24,44.57,48000,42.03
20120621,45.30,45.34,44.12,44.15,64600,41.63
20120620,45.39,45.60,44.99,45.33,296700,42.74
20120619,44.98,45.49,44.97,45.26,140000,42.68
20120618,44.47,44.75,44.33,44.62,103100,42.07
20120615,44.33,44.62,44.18,44.58,118000,42.04
20120614,43.81,44.18,43.66,44.03,144500,41.52
20120613,43.88,44.14,43.60,43.72,80300,41.22
20120612,43.69,44.08,43.41,44.08,252500,41.56
20120611,44.37,44.48,43.39,43.44,89000,40.96
20120608,43.61,44.06,43.44,44.01,188500,41.50
20120607,44.60,44.60,43.87,43.95,97400,41.44
20120606,43.25,43.96,43.14,43.95,69800,41.44
20120605,42.50,42.84,42.49,42.78,76400,40.34
20120604,42.69,42.76,42.19,42.56,297500,40.13
20120601,42.85,42.86,42.43,42.45,517400,40.03
20120531,43.54,43.64,43.07,43.44,93400,40.96
20120530,43.80,43.82,43.41,43.41,343600,40.93
20120529,44.15,44.41,43.93,44.28,191500,41.75
20120525,43.75,43.85,43.56,43.68,95200,41.19
20120524,43.98,44.00,43.46,43.77,106300,41.27
20120523,43.69,43.92,43.10,43.90,233000,41.39
20120522,44.20,44.49,43.81,44.05,79600,41.54
20120521,43.47,44.15,43.47,44.13,144200,41.61
20120518,43.76,43.89,43.23,43.32,158500,40.85
20120517,44.30,44.30,43.68,43.69,174800,41.20
20120516,44.72,44.88,44.27,44.30,118900,41.77
20120515,44.94,45.11,44.54,44.65,269000,42.10
20120514,45.20,45.31,44.98,45.03,291100,42.46
20120511,45.59,46.16,45.53,45.78,202000,43.17
20120510,46.15,46.20,45.85,45.93,523000,43.31
20120509,45.62,46.09,45.38,45.81,108100,43.20
20120508,46.36,46.36,45.75,46.25,151200,43.61
20120507,46.43,46.81,46.40,46.72,164000,44.05
20120504,47.08,47.10,46.50,46.52,495200,43.86
20120503,47.71,47.75,47.22,47.36,259000,44.66
20120502,47.59,47.77,47.46,47.76,158000,45.03
20120501,47.60,48.20,47.60,47.94,71600,45.20
20120430,47.80,47.80,47.56,47.70,106000,44.98
20120427,47.92,48.03,47.66,47.90,300600,45.17
20120426,47.35,47.82,47.27,47.80,488300,45.07
20120425,47.28,47.53,47.19,47.40,210500,44.69
20120424,46.61,46.95,46.61,46.77,63500,44.10
20120423,46.66,46.66,46.26,46.60,698600,43.94
20120420,47.39,47.52,47.21,47.21,124000,44.52
20120419,47.33,47.48,46.83,47.06,126600,44.37
20120418,47.26,47.45,47.18,47.27,104000,44.57
20120417,47.13,47.60,47.09,47.56,48800,44.85
20120416,47.02,47.07,46.60,46.84,64100,44.17
20120413,47.12,47.16,46.68,46.68,116100,44.02
20120412,46.85,47.50,46.81,47.46,145800,44.75
20120411,46.81,46.84,46.59,46.65,115400,43.99
20120410,46.96,47.06,46.02,46.12,320300,43.49
20120409,46.99,47.23,46.67,47.06,563500,44.37
20120405,47.34,47.68,47.34,47.47,143400,44.76
20120404,47.74,47.80,47.40,47.57,176800,44.85
20120403,48.76,48.76,48.11,48.31,67400,45.55
20120402,48.23,48.97,48.12,48.77,272400,45.99
20120330,48.39,48.39,48.05,48.27,478900,45.51
20120329,47.83,48.08,47.55,48.08,357000,45.34
20120328,48.53,48.55,47.92,48.16,110300,45.41
20120327,48.81,48.82,48.52,48.52,137000,45.75
20120326,48.42,48.83,48.42,48.81,190600,46.02
20120323,47.78,48.11,47.61,48.10,319700,45.35
20120322,47.78,47.91,47.62,47.73,237700,45.01
20120321,48.38,48.40,48.11,48.30,96300,45.54
20120320,48.30,48.44,48.10,48.39,98500,45.63
20120319,48.58,48.96,48.52,48.77,99100,45.99
20120316,48.71,48.75,48.60,48.63,95600,45.85
20120315,48.25,48.52,48.14,48.47,226600,45.70
20120314,48.33,48.38,47.99,48.18,356300,45.43
20120313,47.72,48.38,47.71,48.36,120100,45.60
20120312,47.57,47.67,47.38,47.52,142500,44.81
20120309,47.60,47.80,47.50,47.60,87900,44.88
20120308,47.36,47.74,47.27,47.64,179400,44.92
20120307,46.56,46.93,46.49,46.86,266300,44.19
20120306,46.69,46.69,46.20,46.35,425100,43.70
20120305,47.69,47.69,47.31,47.52,951100,44.81
20120302,47.90,47.99,47.66,47.82,446800,45.09
20120301,47.89,48.23,47.86,48.17,204000,45.42
20120229,48.20,48.32,47.62,47.71,370000,44.99
20120228,47.83,48.06,47.72,48.02,149700,45.28
20120227,47.43,47.91,47.26,47.75,203700,45.02
20120224,47.77,47.99,47.76,47.87,84200,45.14
20120223,47.44,47.67,47.16,47.60,201600,44.88
20120222,47.53,47.53,47.33,47.43,96600,44.72
20120221,47.67,47.78,47.45,47.57,94500,44.85
20120217,47.58,47.63,47.35,47.55,35400,44.84
20120216,46.80,47.42,46.71,47.42,72200,44.71
20120215,47.15,47.17,46.74,46.78,64500,44.11
20120214,46.94,46.95,46.55,46.87,68300,44.19
20120213,47.14,47.19,46.92,47.06,162700,44.37
20120210,46.65,46.70,46.47,46.65,121600,43.99
20120209,47.26,47.32,47.02,47.28,85100,44.58
20120208,47.15,47.30,46.91,47.22,129000,44.52
20120207,46.78,47.07,46.58,47.04,121800,44.36
20120206,46.71,46.89,46.65,46.88,89100,44.20
20120203,46.71,47.04,46.66,47.00,144400,44.32
20120202,46.33,46.49,46.20,46.35,302100,43.70
20120201,46.07,46.43,46.00,46.17,269600,43.53
20120131,45.78,45.83,45.25,45.54,264600,42.94
20120130,45.26,45.52,45.04,45.44,186300,42.85
20120127,45.57,45.84,45.56,45.72,109300,43.11
20120126,46.07,46.21,45.53,45.66,186100,43.05
20120125,45.25,45.89,45.02,45.83,136600,43.21
20120124,45.08,45.34,44.95,45.28,227500,42.70
20120123,45.51,45.70,45.30,45.45,445200,42.86
20120120,45.27,45.40,45.15,45.40,99500,42.81
20120119,45.11,45.36,45.00,45.30,220100,42.71
20120118,44.40,44.92,44.40,44.90,318600,42.34
20120117,44.42,44.60,44.21,44.31,233500,41.78
20120113,43.85,43.97,43.53,43.94,86600,41.43
20120112,44.32,44.39,44.00,44.33,200100,41.80
20120111,44.00,44.23,43.89,44.19,94200,41.67
20120110,44.24,44.33,44.15,44.25,130400,41.72
20120109,43.61,43.68,43.31,43.58,204400,41.09
20120106,43.72,43.72,43.36,43.43,57200,40.95
20120105,43.62,43.88,43.34,43.76,86800,41.26
20120104,43.78,44.04,43.65,43.99,143000,41.48
20120103,44.01,44.24,43.99,43.99,233500,41.48
20111230,42.98,43.27,42.98,43.18,198000,40.72
20111229,42.57,43.15,42.57,43.08,310000,40.62
20111228,43.17,43.19,42.50,42.58,406900,40.15
20111227,43.18,43.36,43.17,43.23,266900,40.76
20111223,43.13,43.38,43.02,43.29,283100,40.82
20111222,42.71,43.07,42.66,43.03,242700,40.57
20111221,42.55,42.64,42.11,42.54,343700,40.11
20111220,43.00,43.76,42.93,43.66,436400,40.21
20111219,42.91,42.99,42.21,42.30,198400,38.96
20111216,43.00,43.24,42.63,42.82,500600,39.43
20111215,43.01,43.12,42.64,42.75,299100,39.37
20111214,42.93,43.05,42.40,42.59,412100,39.22
20111213,43.88,44.08,42.95,43.12,142500,39.71
20111212,43.91,43.91,43.25,43.58,122000,40.13
20111209,43.98,44.74,43.98,44.62,95800,41.09
20111208,44.43,44.58,43.70,43.80,234800,40.34
20111207,44.61,45.22,44.36,45.02,115500,41.46
20111206,44.88,45.05,44.60,44.87,124300,41.32
20111205,45.13,45.33,44.71,44.98,182000,41.42
20111202,44.97,45.07,44.43,44.45,136800,40.94
20111201,44.54,44.89,44.33,44.47,176900,40.95
20111130,44.13,44.74,44.03,44.67,238200,41.14
20111129,42.62,42.93,42.44,42.71,219700,39.33
20111128,42.56,42.69,42.20,42.56,120200,39.20
20111125,41.02,41.53,40.75,41.02,107900,37.78
20111123,41.70,41.79,41.10,41.15,247100,37.90
20111122,42.31,42.54,42.00,42.26,126700,38.92
20111121,42.54,42.56,41.94,42.32,167000,38.97
20111118,43.68,43.68,43.11,43.31,50700,39.89
20111117,43.96,44.16,42.97,43.27,89200,39.85
20111116,44.26,44.80,43.94,43.99,643200,40.51
20111115,44.55,44.98,44.36,44.67,66500,41.14
20111114,45.04,45.07,44.44,44.65,99100,41.12
20111111,44.97,45.42,44.97,45.33,32600,41.75
20111110,44.52,44.59,43.93,44.35,51000,40.84
20111109,44.54,44.64,43.80,43.89,389200,40.42
20111108,45.54,46.09,45.29,46.01,164300,42.37
20111107,45.23,45.53,44.86,45.45,51700,41.86
20111104,45.19,45.29,44.78,45.24,121900,41.66
20111103,45.30,45.69,44.54,45.62,116400,42.01
20111102,44.51,44.89,44.27,44.71,129800,41.18
20111101,43.87,44.49,43.53,43.93,210500,40.46
20111031,46.09,46.16,45.23,45.23,99800,41.65
20111028,46.79,46.99,46.64,46.96,136400,43.25
20111027,46.54,47.49,46.37,47.11,311900,43.39
20111026,45.10,45.22,44.20,45.12,175400,41.55
20111025,45.15,45.15,44.41,44.49,98200,40.97
20111024,44.76,45.40,44.72,45.30,209800,41.72
20111021,44.10,44.62,44.10,44.62,88500,41.09
20111020,43.65,43.77,42.99,43.58,74000,40.13
20111019,44.14,44.32,43.52,43.64,164000,40.19
20111018,43.35,44.51,42.99,44.30,107400,40.80
20111017,44.26,44.26,43.42,43.45,89100,40.01
20111014,44.41,44.53,44.01,44.53,121800,41.01
20111013,43.62,43.87,43.26,43.79,115300,40.33
20111012,43.85,44.45,43.71,44.03,907400,40.55
20111011,42.86,43.29,42.81,43.18,375500,39.77
20111010,42.63,43.35,42.63,43.35,71800,39.92
20111007,42.29,42.45,41.61,41.80,79200,38.50
20111006,41.16,42.18,40.93,42.16,158000,38.83
20111005,40.42,41.25,40.06,41.16,179000,37.91
20111004,39.08,40.41,38.67,40.41,257000,37.21
20111003,40.50,40.89,39.57,39.63,461100,36.50
20110930,41.22,41.52,40.65,40.65,305700,37.44
20110929,42.37,42.51,41.32,41.95,286100,38.63
20110928,42.31,42.61,41.37,41.37,91700,38.10
20110927,42.50,42.99,42.05,42.29,107800,38.95
20110926,40.80,41.49,40.20,41.49,130600,38.21
20110923,40.10,40.71,40.02,40.63,202500,37.42
20110922,40.76,40.78,39.72,40.26,2043600,37.08
20110921,43.24,43.35,42.01,42.01,227600,38.69
20110920,43.59,43.93,43.20,43.34,38600,39.91
20110919,43.09,43.58,42.81,43.35,76100,39.92
20110916,44.20,44.35,43.79,44.20,534000,40.71
20110915,43.90,44.17,43.55,44.10,660000,40.61
20110914,43.01,43.77,42.40,43.37,137100,39.94
20110913,42.53,42.98,42.40,42.89,75900,39.50
20110912,41.74,42.49,41.52,42.49,165300,39.13
20110909,43.26,43.26,42.31,42.54,153600,39.18
20110908,44.03,44.52,43.75,43.81,76300,40.35
20110907,43.98,44.51,43.85,44.51,73000,40.99
20110906,42.39,43.39,42.10,43.31,136100,39.89
20110902,44.36,44.55,43.96,44.11,58800,40.62
20110901,45.60,45.99,45.15,45.21,335700,41.64
20110831,45.49,45.90,45.33,45.53,87200,41.93
20110830,44.81,45.28,44.45,45.11,98500,41.54
20110829,44.46,45.10,44.46,45.06,72200,41.50
20110826,43.04,44.04,42.52,43.87,80000,40.40
20110825,44.14,44.28,43.09,43.19,127300,39.78
20110824,43.62,44.20,43.42,44.13,524500,40.64
20110823,42.82,43.93,42.51,43.93,118500,40.46
20110822,43.44,43.55,42.43,42.46,91200,39.10
20110819,42.51,43.55,42.34,42.43,82200,39.08
20110818,43.76,43.76,42.62,43.08,516500,39.67
20110817,45.24,45.62,44.78,45.09,155600,41.52
20110816,44.77,45.27,44.45,44.89,113200,41.34
20110815,44.76,45.45,44.73,45.36,108400,41.77
20110812,44.44,44.66,43.97,44.37,186600,40.86
20110811,42.33,44.45,42.23,43.97,118200,40.49
20110810,43.24,43.33,41.92,41.94,225800,38.62
20110809,42.90,44.26,41.69,44.09,424600,40.60
20110808,43.52,44.03,41.70,41.74,812400,38.44
20110805,45.45,45.87,43.73,45.06,282000,41.50
20110804,46.71,46.71,44.81,44.87,728500,41.32
20110803,47.64,47.73,46.77,47.69,187900,43.92
20110802,48.37,48.55,47.50,47.50,132900,43.74
20110801,49.87,49.87,48.36,48.72,227600,44.87
20110729,48.96,49.52,48.71,49.09,175500,45.21
20110728,49.28,49.68,49.09,49.18,105000,45.29
20110727,50.18,50.18,49.14,49.26,142400,45.37
20110726,50.37,50.57,50.23,50.35,68300,46.37
20110725,50.16,50.52,50.10,50.27,107700,46.30
20110722,50.50,50.69,50.34,50.66,87800,46.65
20110721,50.06,50.71,50.03,50.65,97900,46.65
20110720,49.83,49.94,49.62,49.84,41000,45.90
20110719,49.18,49.58,49.18,49.53,114600,45.61
20110718,48.97,49.00,48.35,48.72,48200,44.87
20110715,49.42,49.45,49.01,49.34,40400,45.44
20110714,49.71,49.80,48.99,49.04,59800,45.16
20110713,49.38,49.92,49.28,49.41,50100,45.50
20110712,49.00,49.44,48.90,48.92,63900,45.05
20110711,49.67,49.72,49.08,49.29,115000,45.39
20110708,50.44,50.48,50.09,50.47,70800,46.48
20110707,50.76,51.02,50.72,50.97,533700,46.94
20110706,50.44,50.59,50.17,50.49,126700,46.50
20110705,50.68,50.74,50.51,50.63,53600,46.63
20110701,50.15,50.85,49.97,50.74,89200,46.73
20110630,49.82,50.26,49.73,50.17,64600,46.20
20110629,49.29,49.63,49.10,49.58,314100,45.66
20110628,48.40,48.97,48.40,48.95,34500,45.08
20110627,47.91,48.45,47.80,48.29,85400,44.47
20110624,48.43,48.43,47.83,47.90,30300,44.11
20110623,47.92,48.39,47.52,48.39,68600,44.56
20110622,48.78,49.02,48.63,48.65,161000,44.80
20110621,48.40,49.10,48.40,48.98,74400,45.11
20110620,47.89,48.22,47.84,48.11,213800,44.31
20110617,48.14,48.42,47.91,48.07,50400,44.27
20110616,47.81,48.04,47.39,47.77,190800,43.99
20110615,48.53,48.62,47.84,47.94,94200,44.15
20110614,49.03,49.23,48.88,49.17,199000,45.28
20110613,48.59,48.66,48.15,48.43,118300,44.60
20110610,48.95,48.95,48.12,48.33,73000,44.51
20110609,48.96,49.44,48.82,49.32,29000,45.42
20110608,49.03,49.18,48.76,48.92,144500,45.05
20110607,49.51,49.66,49.22,49.22,33300,45.33
20110606,49.50,49.54,49.00,49.00,52600,45.13
20110603,49.35,49.94,49.29,49.68,46300,45.75
20110602,49.97,50.06,49.53,49.84,161500,45.90
20110601,50.73,50.76,49.71,49.78,62900,45.84
20110531,50.86,50.87,50.47,50.85,63200,46.83
20110527,50.07,50.24,49.94,50.13,60700,46.17
20110526,49.55,49.90,49.32,49.80,67700,45.86
20110525,49.03,49.61,49.00,49.44,28500,45.53
20110524,49.35,49.44,49.05,49.16,60300,45.27
20110523,49.08,49.15,48.78,49.00,109100,45.13
20110520,50.27,50.27,49.71,49.86,24000,45.92
20110519,50.35,50.45,50.06,50.39,35200,46.41
20110518,49.79,50.28,49.70,50.28,35900,46.30
20110517,49.56,49.86,49.30,49.85,63300,45.91
20110516,49.89,50.25,49.65,49.70,93900,45.77
20110513,50.54,50.54,49.62,49.87,83400,45.93
20110512,50.30,50.66,49.94,50.46,163000,46.47
20110511,51.04,51.04,50.09,50.42,79100,46.43
20110510,51.01,51.36,50.93,51.32,84300,47.26
20110509,50.56,50.86,50.33,50.77,60000,46.76
20110506,50.88,51.13,50.28,50.50,87100,46.51
20110505,50.71,50.84,50.02,50.27,142000,46.30
20110504,51.48,51.48,50.73,50.99,59000,46.96
20110503,51.66,51.74,51.16,51.49,84000,47.42
20110502,52.25,52.35,51.82,51.88,131000,47.78
20110429,51.90,52.13,51.80,52.03,164000,47.92
20110428,51.51,51.85,51.51,51.81,100800,47.71
20110427,51.44,51.74,51.06,51.69,65200,47.60
20110426,51.06,51.34,50.92,51.26,67500,47.21
20110425,51.08,51.08,50.66,50.91,60000,46.88
20110421,51.08,51.08,50.75,50.96,102500,46.93
20110420,50.45,50.74,50.33,50.61,66500,46.61
20110419,49.49,49.67,49.35,49.66,89800,45.73
20110418,49.34,49.58,48.75,49.22,119100,45.33
20110415,49.99,50.19,49.84,50.09,31400,46.13
20110414,49.75,50.12,49.59,50.07,29100,46.11
20110413,50.32,50.32,49.72,49.90,108000,45.95
20110412,50.14,50.14,49.61,49.82,66800,45.88
20110411,50.61,50.70,50.18,50.33,70100,46.35
20110408,50.92,50.92,50.36,50.48,161800,46.49
20110407,50.50,50.65,50.18,50.43,49100,46.44
20110406,50.68,50.69,50.42,50.60,65700,46.60
20110405,50.19,50.46,50.12,50.35,48800,46.37
20110404,50.33,50.49,50.22,50.35,78900,46.37
20110401,50.13,50.43,49.94,50.27,86700,46.30
20110331,49.81,50.02,49.72,49.86,71500,45.92
20110330,49.60,50.00,49.60,49.92,67900,45.97
20110329,49.05,49.43,48.84,49.43,108500,45.52
20110328,49.22,49.45,49.03,49.08,82700,45.20
20110325,49.20,49.48,49.08,49.22,86800,45.33
20110324,49.00,49.48,48.80,49.31,127300,45.41
20110323,48.49,48.83,48.22,48.68,84700,44.83
20110322,48.89,48.89,48.50,48.61,96700,44.77
20110321,48.65,48.83,48.45,48.71,164000,44.86
20110318,48.14,48.35,47.68,47.76,131800,43.98
20110317,47.34,47.56,47.14,47.38,165900,43.63
20110316,47.39,47.42,45.96,46.35,269500,42.69
20110315,46.56,47.65,46.28,47.45,309900,43.70
20110314,48.15,48.33,47.85,48.33,101800,44.51
20110311,48.31,48.85,48.31,48.75,101600,44.90
20110310,49.06,49.06,48.50,48.57,140600,44.73
20110309,49.76,49.82,49.50,49.70,41000,45.77
20110308,49.52,49.89,49.20,49.78,39100,45.84
20110307,50.00,50.13,49.28,49.51,65100,45.60
20110304,50.23,50.23,49.51,49.86,139800,45.92
20110303,49.92,50.27,49.82,50.24,99200,46.27
20110302,49.25,49.66,49.25,49.49,60500,45.58
20110301,50.11,50.13,49.22,49.22,90600,45.33
20110228,49.94,50.05,49.67,49.89,85500,45.95
20110225,49.31,49.55,49.26,49.49,60100,45.58
20110224,49.00,49.16,48.56,48.97,65900,45.10
20110223,49.19,49.26,48.55,48.90,78800,45.03
20110222,49.72,49.80,48.92,49.04,215500,45.16
20110218,50.23,50.36,50.09,50.32,96500,46.34
20110217,49.87,50.23,49.83,50.16,80500,46.19
20110216,49.67,49.94,49.63,49.88,85400,45.94
20110215,49.58,49.61,49.41,49.51,54500,45.60
20110214,49.49,49.65,49.40,49.62,46500,45.70
20110211,49.01,49.58,49.00,49.50,45600,45.59
20110210,49.01,49.36,48.87,49.21,69100,45.32
20110209,49.59,49.67,49.37,49.48,73500,45.57
20110208,49.64,49.80,49.45,49.80,43900,45.86
20110207,49.42,49.72,49.41,49.55,76600,45.63
20110204,49.35,49.42,49.05,49.42,52200,45.51
20110203,49.22,49.37,48.86,49.36,78600,45.46
20110202,49.29,49.45,49.24,49.30,51100,45.40
20110201,48.89,49.46,48.85,49.41,69800,45.50
20110131,48.24,48.56,48.22,48.47,150300,44.64
20110128,49.00,49.04,47.97,48.02,104000,44.22
20110127,49.02,49.15,48.87,49.09,194000,45.21
20110126,48.90,49.06,48.79,48.94,86000,45.07
20110125,48.64,48.66,48.30,48.64,187200,44.79
20110124,48.47,48.79,48.36,48.78,122400,44.92
20110121,48.79,48.79,48.37,48.46,60200,44.63
20110120,48.37,48.41,47.96,48.34,74300,44.52
20110119,49.14,49.14,48.51,48.60,66900,44.76
20110118,48.99,49.07,48.90,49.03,155100,45.15
20110114,48.50,48.88,48.45,48.88,115300,45.02
20110113,48.73,48.80,48.47,48.59,65600,44.75
20110112,48.25,48.62,48.20,48.62,55000,44.78
20110111,47.81,47.94,47.67,47.89,61400,44.10
20110110,47.46,47.52,47.15,47.47,68600,43.72
20110107,47.94,47.94,47.38,47.67,103600,43.90
20110106,48.27,48.27,47.70,47.83,458000,44.05
20110105,47.82,48.20,47.77,48.17,95600,44.36
20110104,48.40,48.43,47.81,48.15,123200,44.34
20110103,48.20,48.41,48.11,48.23,200500,44.42
20101231,47.62,47.86,47.55,47.80,68100,44.02
20101230,47.78,47.85,47.48,47.65,81200,43.88
20101229,47.71,47.79,47.56,47.69,171500,43.92
20101228,47.64,47.64,47.28,47.36,59000,43.62
20101227,47.30,47.39,47.11,47.39,62000,43.64
20101223,47.42,47.42,47.26,47.36,45300,43.62
20101222,47.49,47.49,47.25,47.45,189900,43.70
20101221,48.07,48.28,48.07,48.24,48200,43.58
20101220,48.02,48.02,47.65,47.83,73900,43.21
20101217,47.79,47.82,47.60,47.77,59300,43.16
20101216,47.75,47.92,47.50,47.91,136300,43.28
20101215,47.81,48.04,47.54,47.64,119300,43.04
20101214,48.13,48.30,47.94,48.10,169800,43.45
20101213,48.22,48.26,47.98,48.04,155500,43.40
20101210,47.53,47.80,47.41,47.73,232700,43.12
20101209,47.62,47.74,47.30,47.53,85300,42.94
20101208,47.43,47.58,47.11,47.40,69200,42.82
20101207,48.00,48.00,47.31,47.32,167400,42.75
20101206,47.33,47.46,47.19,47.37,78700,42.79
20101203,47.16,47.52,47.14,47.50,53500,42.91
20101202,46.51,47.27,46.50,47.27,209900,42.70
20101201,46.15,46.50,46.12,46.42,71600,41.94
20101130,45.03,45.52,45.03,45.26,93800,40.89
20101129,45.54,45.76,45.15,45.68,92700,41.27
20101126,45.92,46.08,45.76,45.93,32100,41.49
20101124,46.19,46.45,46.17,46.45,40100,41.96
20101123,46.09,46.09,45.60,45.74,84200,41.32
20101122,46.64,46.91,46.32,46.85,104500,42.32
20101119,46.70,47.03,46.53,47.02,68100,42.48
20101118,46.84,47.07,46.71,47.02,79400,42.48
20101117,46.13,46.27,45.95,46.08,57500,41.63
20101116,46.50,46.58,45.68,45.95,179300,41.51
20101115,47.08,47.27,46.89,46.90,86000,42.37
20101112,47.30,47.44,46.69,46.94,97600,42.41
20101111,47.45,47.57,47.25,47.57,73300,42.98
20101110,47.80,47.86,47.25,47.78,91700,43.16
20101109,48.36,48.36,47.50,47.67,102000,43.07
20101108,48.00,48.11,47.82,48.10,68900,43.45
20101105,48.26,48.35,48.04,48.26,198900,43.60
20101104,47.87,48.27,47.87,48.27,107900,43.61
20101103,47.24,47.27,46.71,47.27,91100,42.70
20101102,47.02,47.10,46.88,47.02,113000,42.48
20101101,46.55,46.80,46.19,46.46,68300,41.97
20101029,46.26,46.52,46.25,46.49,111400,42.00
20101028,46.49,46.59,46.20,46.44,47200,41.95
20101027,46.22,46.22,45.70,46.14,98400,41.68
20101026,46.32,46.52,46.20,46.50,142200,42.01
20101025,46.84,47.03,46.62,46.69,111200,42.18
20101022,46.57,46.57,46.34,46.48,76400,41.99
20101021,46.61,46.79,46.05,46.38,48700,41.90
20101020,45.99,46.57,45.97,46.44,35400,41.95
20101019,45.95,46.16,45.47,45.68,179700,41.27
20101018,46.49,46.81,46.37,46.67,91000,42.16
20101015,46.77,46.77,46.25,46.56,46600,42.06
20101014,46.74,46.75,46.31,46.60,89600,42.10
20101013,46.37,46.80,46.32,46.58,82600,42.08
20101012,45.80,46.16,45.52,46.08,86700,41.63
20101011,46.18,46.19,45.92,46.02,182600,41.57
20101008,45.79,46.19,45.70,46.06,82600,41.61
20101007,46.16,46.16,45.52,45.79,42500,41.37
20101006,45.88,45.99,45.72,45.90,72600,41.47
20101005,45.21,45.90,45.21,45.80,60900,41.38
20101004,44.95,45.11,44.52,44.75,81700,40.43
20101001,45.19,45.24,44.91,45.16,114400,40.80
20100930,45.17,45.33,44.50,44.79,130100,40.46
20100929,44.76,45.07,44.71,44.91,61000,40.57
20100928,44.74,45.00,44.34,44.95,64500,40.61
20100927,44.83,44.89,44.64,44.67,188700,40.36
20100924,44.33,44.84,44.12,44.84,134600,40.51
20100923,43.77,44.19,43.68,43.80,41000,39.57
20100922,44.32,44.57,44.07,44.26,80300,39.98
20100921,44.37,44.59,44.08,44.31,121900,40.03
20100920,43.81,44.42,43.74,44.34,106100,40.06
20100917,43.89,43.91,43.53,43.67,61300,39.45
20100916,43.68,43.80,43.59,43.79,176000,39.56
20100915,43.61,43.93,43.45,43.90,46000,39.66
20100914,43.56,44.03,43.51,43.86,69000,39.62
20100913,43.54,43.75,43.53,43.73,68300,39.51
20100910,42.88,43.11,42.84,43.06,76600,38.90
20100909,43.05,43.15,42.76,42.88,46400,38.74
20100908,42.44,42.79,42.44,42.60,48700,38.49
20100907,42.54,42.60,42.24,42.27,40600,38.19
20100903,42.59,42.81,42.44,42.76,67400,38.63
20100902,41.97,42.28,41.97,42.28,30000,38.20
20100901,41.54,42.05,41.45,42.01,119100,37.95
20100831,40.60,40.94,40.47,40.70,89100,36.77
20100830,41.00,41.17,40.65,40.65,39700,36.72
20100827,40.88,41.28,40.30,41.26,63500,37.27
20100826,40.75,40.93,40.33,40.45,44500,36.54
20100825,40.39,40.71,40.08,40.63,112800,36.71
20100824,40.74,40.81,40.33,40.56,157200,36.64
20100823,41.46,41.67,41.19,41.20,26100,37.22
20100820,41.42,41.42,41.05,41.37,29000,37.37
20100819,42.16,42.24,41.40,41.63,31200,37.61
20100818,42.22,42.44,41.96,42.28,45600,38.20
20100817,42.14,42.45,41.96,42.22,54600,38.14
20100816,41.46,41.77,41.25,41.63,119200,37.61
20100813,41.58,41.78,41.46,41.46,44800,37.46
20100812,41.31,41.72,41.22,41.59,71800,37.57
20100811,42.31,42.31,41.66,41.73,43400,37.70
20100810,43.07,43.43,42.83,43.27,62900,39.09
20100809,43.52,43.68,43.37,43.57,48200,39.36
20100806,43.16,43.46,42.89,43.39,111400,39.20
20100805,43.24,43.50,43.21,43.50,65700,39.30
20100804,43.43,43.58,43.24,43.53,23800,39.33
20100803,43.36,43.48,43.09,43.33,64100,39.14
20100802,43.18,43.58,43.01,43.55,119200,39.34
20100730,41.90,42.48,41.88,42.39,38000,38.30
20100729,42.69,42.89,42.00,42.31,37700,38.22
20100728,42.47,42.54,42.17,42.32,53900,38.23
20100727,42.81,42.81,42.31,42.51,106900,38.40
20100726,42.06,42.48,42.01,42.48,142200,38.38
20100723,41.71,42.20,41.58,42.16,56800,38.09
20100722,41.32,41.96,41.32,41.79,59500,37.75
20100721,41.42,41.42,40.51,40.67,51600,36.74
20100720,40.26,41.27,40.20,41.26,33100,37.27
20100719,40.92,40.97,40.50,40.78,212800,36.84
20100716,41.42,41.42,40.47,40.51,66800,36.60
20100715,41.72,41.83,41.20,41.73,98900,37.70
20100714,41.63,41.82,41.40,41.67,55700,37.65
20100713,41.55,41.76,41.45,41.66,93000,37.64
20100712,40.93,41.15,40.75,40.99,54400,37.03
20100709,40.82,41.17,40.77,41.17,46000,37.19
20100708,40.82,40.93,40.42,40.89,107900,36.94
20100707,39.54,40.57,39.51,40.55,54700,36.63
20100706,39.71,39.98,39.06,39.38,149500,35.58
20100702,39.15,39.21,38.60,38.88,75400,35.12
20100701,39.01,39.11,38.31,38.93,92900,35.17
20100630,39.10,39.43,38.75,38.82,41200,35.07
20100629,39.78,39.78,38.90,39.11,179400,35.33
20100628,40.62,40.78,40.39,40.43,49200,36.52
20100625,40.51,40.80,40.18,40.63,36300,36.71
20100624,40.87,40.87,40.30,40.36,77200,36.46
20100623,41.21,41.37,40.80,41.09,39000,37.12
20100622,41.68,41.88,41.00,41.03,74000,37.07
20100621,42.20,42.34,41.51,41.70,63000,37.67
20100618,41.66,41.73,41.48,41.61,46200,37.59
20100617,41.71,41.71,41.22,41.56,34400,37.55
20100616,41.26,41.67,41.19,41.54,41400,37.53
20100615,40.93,41.65,40.89,41.65,61100,37.63
20100614,40.81,41.07,40.43,40.43,226400,36.52
20100611,39.93,40.45,39.85,40.45,33800,36.54
20100610,39.93,40.35,39.66,40.28,69000,36.39
20100609,39.46,39.78,38.84,39.04,137800,35.27
20100608,38.59,39.17,38.44,39.14,89800,35.36
20100607,39.28,39.40,38.56,38.59,67400,34.86
20100604,39.53,39.87,38.90,39.07,125200,35.30
20100603,40.61,40.80,40.17,40.60,71500,36.68
20100602,39.61,40.56,39.56,40.56,27700,36.64
20100601,39.59,40.37,39.45,39.45,136900,35.64
20100528,40.54,40.61,39.80,39.94,62400,36.08
20100527,39.99,40.70,39.80,40.70,66400,36.77
20100526,39.44,39.78,38.83,38.88,69500,35.12
20100525,38.47,39.22,37.93,39.12,292700,35.34
20100524,39.84,39.95,39.32,39.39,97200,35.59
20100521,38.78,40.01,38.50,40.00,394800,36.14
20100520,39.85,39.85,39.00,39.14,330600,35.36
20100519,40.62,41.00,40.12,40.68,144800,36.75
20100518,41.97,42.11,40.75,40.95,140300,36.99
20100517,41.65,41.84,40.71,41.65,92700,37.63
20100514,42.16,42.22,41.25,41.57,164000,37.55
20100513,42.95,43.10,42.50,42.57,173800,38.46
20100512,42.54,43.15,42.54,43.05,81700,38.89
20100511,42.23,43.10,42.23,42.53,213600,38.42
20100510,42.69,43.67,42.59,43.05,214700,38.89
20100507,41.18,41.99,39.97,40.73,250600,36.80
20100506,42.49,42.76,40.00,41.03,367700,37.07
20100505,42.38,43.11,42.31,42.67,319900,38.55
20100504,43.73,43.80,43.00,43.23,177800,39.05
20100503,44.50,44.86,44.42,44.73,81500,40.41
20100430,45.01,45.01,44.29,44.32,187100,40.04
20100429,44.55,44.95,44.55,44.91,107000,40.57
20100428,44.38,44.46,43.80,44.17,169500,39.90
20100427,45.10,45.28,44.00,44.10,182300,39.84
20100426,45.56,45.75,45.46,45.51,115400,41.11
20100423,45.29,45.59,45.00,45.59,95000,41.19
20100422,44.90,45.28,44.60,45.22,129100,40.85
20100421,45.54,45.54,45.10,45.36,138800,40.98
20100420,45.59,45.59,45.31,45.52,73300,41.12
20100419,44.77,45.21,44.59,45.18,120400,40.82
20100416,45.89,45.89,44.95,45.23,136200,40.86
20100415,46.55,46.55,45.90,46.13,84200,41.67
20100414,45.98,46.19,45.81,46.18,213200,41.72
20100413,45.61,45.69,45.22,45.63,120200,41.22
20100412,45.57,45.79,45.57,45.67,178700,41.26
20100409,45.32,45.58,45.29,45.58,97900,41.18
20100408,44.85,45.19,44.60,45.14,57300,40.78
20100407,45.34,45.34,44.90,45.07,92500,40.72
20100406,45.21,45.45,45.05,45.42,92800,41.03
20100405,45.26,45.45,45.07,45.41,96400,41.02
20100401,44.98,45.16,44.83,45.07,121100,40.72
20100331,44.50,44.67,44.30,44.52,71700,40.22
20100330,44.63,44.70,44.32,44.56,134000,40.26
20100329,44.48,44.54,44.30,44.45,80000,40.16
20100326,44.14,44.29,43.83,44.04,203000,39.79
20100325,44.39,44.43,43.80,43.87,68100,39.63
20100324,43.95,44.40,43.78,44.01,803100,39.76
20100323,44.13,44.40,44.00,44.37,99000,40.08
20100322,43.41,44.07,43.30,43.98,76400,39.73
20100319,43.86,44.30,43.67,43.86,70700,39.62
20100318,44.37,44.45,44.01,44.19,44700,39.92
20100317,44.38,44.56,44.28,44.36,114300,40.08
20100316,43.87,44.17,43.69,44.17,43600,39.90
20100315,43.65,43.72,43.34,43.68,68800,39.46
20100312,44.06,44.06,43.73,43.86,72900,39.62
20100311,43.63,43.78,43.41,43.78,2037000,39.55
20100310,43.56,43.85,43.46,43.70,62600,39.48
20100309,43.25,43.69,43.20,43.50,70800,39.30
20100308,43.56,43.63,43.40,43.50,90900,39.30
20100305,43.05,43.52,42.89,43.45,82400,39.25
20100304,42.72,42.82,42.41,42.69,73500,38.57
20100303,42.82,42.98,42.55,42.61,163400,38.49
20100302,42.46,42.69,42.28,42.47,71700,38.37
20100301,41.90,42.25,41.88,42.11,91600,38.04
20100226,41.55,41.82,41.36,41.74,94700,37.71
20100225,41.01,41.50,40.73,41.50,169900,37.49
20100224,41.43,41.80,41.32,41.59,145900,37.57
20100223,41.92,41.92,41.16,41.24,137300,37.26
20100222,42.07,42.18,41.85,42.00,200200,37.94
20100219,41.77,42.07,41.56,41.96,148500,37.91
20100218,41.70,42.10,41.64,42.06,129200,38.00
20100217,41.86,41.97,41.62,41.82,86300,37.78
20100216,41.22,41.67,41.00,41.66,207700,37.64
20100212,40.47,40.85,40.26,40.82,52800,36.88
20100211,40.52,41.13,40.29,41.07,95400,37.10
20100210,40.73,40.73,40.16,40.54,118500,36.62
20100209,40.56,41.03,40.15,40.76,103900,36.82
20100208,39.99,40.43,39.78,39.90,119600,36.05
20100205,40.23,40.33,39.23,40.16,373900,36.28
20100204,41.51,41.51,40.33,40.51,182000,36.60
20100203,42.27,42.27,41.81,42.00,82600,37.94
20100202,41.93,42.37,41.72,42.36,133400,38.27
20100201,41.30,41.72,41.25,41.72,146500,37.69
20100129,41.58,41.73,40.70,40.89,151000,36.94
20100128,42.18,42.18,41.04,41.30,250200,37.31
20100127,41.86,41.99,41.38,41.92,279800,37.87
20100126,42.06,42.36,41.76,42.07,148800,38.01
20100125,42.39,42.57,42.16,42.28,140000,38.20
20100122,42.59,42.75,41.83,41.96,137900,37.91
20100121,43.85,43.86,42.72,42.84,970700,38.70
20100120,44.10,44.10,43.38,43.81,170500,39.58
20100119,44.22,44.70,44.00,44.70,288500,40.38
20100115,44.50,44.60,43.90,44.18,301700,39.91
20100114,44.55,44.69,44.42,44.67,94400,40.36
20100113,44.37,44.63,44.04,44.55,770200,40.25
20100112,44.43,44.43,44.02,44.21,100100,39.94
20100111,44.85,44.93,44.53,44.71,172300,40.39
20100108,44.28,44.57,44.00,44.57,92300,40.26
20100107,44.28,44.39,43.95,44.28,874300,40.00
20100106,44.17,44.45,44.11,44.45,135600,40.16
20100105,44.21,44.32,43.96,44.23,994000,39.96
20100104,43.73,44.15,43.55,44.10,367700,39.84
20091231,43.59,44.49,43.03,43.09,135400,38.93
20091230,43.17,43.46,43.11,43.31,109600,39.13
20091229,43.54,43.72,43.35,43.40,96300,39.21
20091228,43.56,43.56,43.30,43.42,93300,39.23
20091224,43.25,43.33,43.20,43.32,68000,39.14
20091223,43.78,43.78,43.46,43.72,140400,38.90
20091222,43.49,43.52,43.30,43.48,117300,38.69
20091221,43.29,43.45,43.11,43.23,68000,38.46
20091218,43.03,43.08,42.55,43.00,102100,38.26
20091217,43.12,43.15,42.72,42.80,252200,38.08
20091216,43.80,43.88,43.56,43.66,86700,38.85
20091215,43.50,43.58,43.30,43.40,138500,38.61
20091214,43.71,43.80,43.46,43.73,674600,38.91
20091211,43.53,43.53,43.21,43.39,84400,38.61
20091210,43.45,43.47,43.18,43.32,38100,38.54
20091209,43.13,43.13,42.67,43.12,52600,38.37
20091208,43.36,43.58,42.90,43.04,126800,38.29
20091207,43.83,43.96,43.60,43.62,69400,38.81
20091204,44.36,44.50,43.59,43.85,84500,39.01
20091203,44.51,44.51,43.77,43.77,83300,38.94
20091202,44.06,44.30,43.93,44.07,77700,39.21
20091201,43.88,44.15,43.70,43.99,426800,39.14
20091130,43.21,43.24,42.68,43.08,76800,38.33
20091127,42.07,43.18,42.07,42.89,86400,38.16
20091125,43.84,44.05,43.67,44.03,75500,39.17
20091124,43.80,43.80,43.24,43.51,689500,38.71
20091123,43.75,44.04,43.62,43.75,81000,38.93
20091120,42.97,43.09,42.75,43.03,94200,38.29
20091119,43.55,43.63,42.90,43.32,210800,38.54
20091118,47.43,47.43,43.68,44.41,71700,39.51
20091117,43.64,44.06,43.63,44.04,53100,39.18
20091116,43.87,44.35,43.81,44.14,130200,39.27
20091113,43.26,43.58,43.00,43.46,67400,38.67
20091112,43.43,43.60,42.92,43.02,90400,38.28
20091111,43.79,43.88,43.40,43.65,158800,38.84
20091110,43.10,43.50,43.03,43.39,92300,38.61
20091109,43.03,43.49,42.79,43.47,215200,38.68
20091106,41.76,42.25,41.73,42.21,92500,37.56
20091105,41.95,42.25,41.81,42.21,448400,37.56
20091104,41.59,42.00,41.50,41.53,226200,36.95
20091103,40.78,41.31,40.63,41.26,186600,36.71
20091102,41.13,41.68,40.70,41.17,90200,36.63
20091030,42.20,42.20,40.70,40.90,163200,36.39
20091029,41.46,42.40,41.42,42.40,135200,37.72
20091028,41.90,41.96,40.91,40.97,200000,36.45
20091027,42.43,42.62,42.04,42.15,63000,37.50
20091026,43.27,43.57,42.35,42.51,144700,37.82
20091023,43.64,43.73,42.85,43.09,110300,38.34
20091022,43.31,43.79,42.86,43.69,84900,38.87
20091021,43.44,43.95,43.25,43.25,140900,38.48
20091020,43.89,44.06,43.20,43.42,236300,38.63
20091019,43.53,43.95,43.39,43.87,123200,39.03
20091016,43.27,43.39,42.94,43.26,74200,38.49
20091015,43.52,43.78,43.37,43.76,103900,38.93
20091014,43.56,43.71,43.25,43.71,109600,38.89
20091013,42.71,42.77,42.39,42.71,73200,38.00
20091012,42.64,43.20,42.64,42.80,67000,38.08
20091009,42.48,42.58,42.22,42.58,57900,37.88
20091008,42.49,42.71,42.19,42.52,102700,37.83
20091007,41.82,41.95,41.60,41.94,1039800,37.32
20091006,41.73,42.12,41.50,41.74,198000,37.14
20091005,40.73,41.33,40.60,41.23,99600,36.68
20091002,40.26,40.85,40.00,40.67,1112100,36.19
20091001,41.81,41.81,40.78,40.87,92800,36.36
20090930,42.28,42.34,41.51,41.96,63600,37.33
20090929,42.24,42.24,41.76,42.01,168400,37.38
20090928,41.56,42.22,41.51,42.07,122300,37.43
20090925,41.53,41.74,41.26,41.45,75800,36.88
20090924,42.48,42.48,41.35,41.55,54600,36.97
20090923,42.90,43.00,42.11,42.17,116000,37.52
20090922,42.52,42.78,42.40,42.71,803400,38.00
20090921,42.00,42.20,41.76,42.11,113300,37.47
20090918,42.56,42.62,42.27,42.46,54700,37.78
20090917,42.48,43.00,42.23,42.44,174500,37.76
20090916,42.28,42.58,41.98,42.51,140400,37.82
20090915,41.61,41.89,41.28,41.79,85400,37.18
20090914,42.01,42.01,41.08,41.61,48400,37.02
20090911,41.65,41.77,41.32,41.48,68100,36.91
20090910,41.14,41.53,40.84,41.53,100700,36.95
20090909,40.57,41.25,40.57,41.10,105000,36.57
20090908,40.87,40.99,40.50,40.73,86500,36.24
20090904,39.63,40.10,39.37,40.00,80900,35.59
20090903,39.48,39.50,39.09,39.50,76000,35.14
20090902,38.91,39.25,38.73,39.07,45600,34.76
20090901,39.81,40.17,38.89,39.00,312300,34.70
20090831,40.57,40.57,39.61,39.87,220000,35.47
20090828,40.80,40.80,40.06,40.26,97500,35.82
20090827,40.00,40.48,39.65,40.27,181200,35.83
20090826,40.17,40.24,39.91,40.15,457200,35.72
20090825,40.62,40.69,40.26,40.28,785500,35.84
20090824,40.17,40.59,40.08,40.17,185800,35.74
20090821,39.76,40.24,39.69,40.12,132900,35.70
20090820,39.08,39.44,39.07,39.32,72500,34.98
20090819,38.27,39.09,37.82,38.87,66800,34.58
20090818,38.52,38.82,38.37,38.71,116900,34.44
20090817,38.39,38.42,38.03,38.19,70800,33.98
20090814,39.83,39.83,39.04,39.36,56400,35.02
20090813,40.02,40.02,39.31,39.77,252900,35.38
20090812,38.85,39.54,38.80,39.28,54500,34.95
20090811,39.11,39.16,38.64,38.85,76900,34.57
20090810,39.52,39.52,39.01,39.27,70500,34.94
20090807,39.52,39.71,39.28,39.52,157800,35.16
20090806,39.76,39.80,39.00,39.24,55700,34.91
20090805,39.55,39.64,39.05,39.50,116800,35.14
20090804,39.27,39.72,39.19,39.54,100200,35.18
20090803,39.56,39.73,39.31,39.67,81300,35.30
20090731,38.71,39.07,38.51,38.83,77100,34.55
20090730,38.47,38.87,38.40,38.54,69100,34.29
20090729,38.08,38.08,37.60,37.77,50200,33.61
20090728,38.04,38.20,37.70,38.18,32700,33.97
20090727,38.25,38.34,37.90,38.34,39800,34.11
20090724,37.98,38.20,37.66,38.20,82400,33.99
20090723,37.31,38.25,37.27,38.10,897600,33.90
20090722,37.04,37.49,36.86,37.27,222900,33.16
20090721,37.50,37.54,36.83,37.16,97000,33.06
20090720,37.02,37.17,36.78,37.16,99300,33.06
20090717,36.36,36.54,36.19,36.47,72600,32.45
20090716,36.07,36.52,36.00,36.39,156700,32.38
20090715,35.73,36.30,35.65,36.22,280500,32.23
20090714,35.02,35.80,34.69,35.02,117500,31.16
20090713,34.20,34.83,33.72,34.79,190100,30.95
20090710,34.01,34.13,33.75,34.13,153000,30.37
20090709,34.31,34.46,34.14,34.29,29600,30.51
20090708,34.03,34.28,33.44,33.99,66500,30.24
20090707,34.83,34.83,34.02,34.08,95800,30.32
20090706,34.37,34.78,34.29,34.78,103900,30.94
20090702,35.57,35.57,34.83,34.83,53800,30.99
20090701,35.83,36.10,35.82,35.89,102500,31.93
20090630,35.95,35.95,35.13,35.26,119600,31.37
20090629,35.78,35.93,35.50,35.86,36000,31.91
20090626,35.65,36.59,35.35,35.57,22300,31.65
20090625,34.72,35.55,34.53,35.55,42500,31.63
20090624,35.02,35.29,34.64,34.81,44600,30.97
20090623,34.65,34.65,34.22,34.49,25500,30.69
20090622,35.11,35.11,34.12,34.12,79700,30.36
20090619,35.11,35.58,35.11,35.20,174400,31.32
20090618,35.00,35.36,34.90,35.10,78400,31.23
20090617,35.37,35.37,34.64,35.02,79700,31.16
20090616,36.37,36.37,35.10,35.17,109800,31.29
20090615,36.64,36.64,35.37,35.65,54000,31.72
20090612,36.67,36.77,36.43,36.77,101900,32.72
20090611,36.90,37.25,36.43,36.87,104800,32.80
20090610,36.55,36.75,36.00,36.32,35700,32.32
20090609,36.25,36.45,36.10,36.43,62500,32.41
20090608,35.96,36.22,35.52,36.11,34000,32.13
20090605,36.88,36.88,35.99,36.28,80900,32.28
20090604,36.35,36.55,35.99,36.46,82000,32.44
20090603,36.32,36.46,35.74,36.11,33800,32.13
20090602,36.83,37.05,36.36,36.88,49500,32.81
20090601,35.96,37.18,35.96,36.94,109800,32.87
20090529,35.82,35.88,35.40,35.88,36100,31.92
20090528,34.95,35.43,34.67,35.38,31800,31.48
20090527,35.54,35.56,34.68,34.82,49200,30.98
20090526,34.38,35.48,33.89,35.42,85800,31.51
20090522,34.60,34.97,34.49,34.70,64400,30.87
20090521,34.61,34.63,34.09,34.58,81100,30.77
20090520,34.92,35.63,34.90,34.90,76300,31.05
20090519,34.57,35.20,34.57,34.92,64600,31.07
20090518,34.18,34.78,33.91,34.78,678800,30.94
20090515,33.59,33.93,33.32,33.48,37400,29.79
20090514,33.35,33.91,33.26,33.66,25900,29.95
20090513,34.32,34.32,33.30,33.41,43500,29.73
20090512,34.48,34.59,33.96,34.41,39900,30.62
20090511,35.69,35.69,34.15,34.22,113100,30.45
20090508,34.72,35.35,34.50,35.24,212900,31.35
20090507,35.17,35.17,33.66,34.03,110600,30.28
20090506,34.14,34.62,33.96,34.42,146000,30.62
20090505,34.10,34.10,33.60,33.88,77400,30.14
20090504,33.68,34.08,33.15,34.08,85300,30.32
20090501,32.74,32.85,32.31,32.82,41800,29.20
20090430,32.82,32.99,32.15,32.44,100400,28.86
20090429,31.71,32.66,31.71,32.15,66100,28.60
20090428,31.24,32.05,30.85,31.33,57800,27.88
20090427,31.49,31.94,31.10,31.59,114600,28.11
20090424,31.91,32.27,31.77,31.95,121300,28.43
20090423,31.42,31.63,30.96,31.60,100500,28.12
20090422,31.55,31.65,30.77,30.95,110800,27.54
20090421,30.16,31.22,30.05,31.13,64700,27.70
20090420,32.20,32.20,30.45,30.45,54600,27.09
20090417,32.15,32.17,31.69,31.91,49000,28.39
20090416,31.86,32.12,31.45,31.97,77500,28.44
20090415,31.52,31.61,30.93,31.60,85200,28.12
20090414,31.43,32.00,31.00,31.22,154400,27.78
20090413,31.50,31.81,30.84,31.65,58100,28.16
20090409,31.48,31.48,31.03,31.46,54600,27.99
20090408,30.03,31.46,29.98,30.40,98800,27.05
20090407,30.10,30.29,29.83,29.93,66700,26.63
20090406,31.20,31.20,30.16,30.63,63300,27.25
20090403,31.34,31.34,30.07,30.95,63000,27.54
20090402,30.43,31.34,30.43,30.81,54300,27.41
20090401,28.29,29.72,28.29,29.56,132300,26.30
20090331,29.02,29.40,28.59,28.95,370600,25.76
20090330,28.78,28.81,27.50,28.36,135600,25.23
20090327,30.08,30.08,29.49,29.58,46900,26.32
20090326,30.36,30.45,29.89,30.42,140000,27.07
20090325,29.89,30.29,29.15,29.91,72700,26.61
20090324,30.06,30.06,29.48,29.50,102000,26.25
20090323,28.81,30.37,28.81,30.37,524700,27.02
20090320,28.52,28.80,28.09,28.19,102700,25.08
20090319,27.89,29.72,27.00,28.71,54700,25.54
20090318,27.98,29.08,27.69,28.86,84900,25.68
20090317,27.38,28.20,27.18,28.20,138800,25.09
20090316,28.03,28.50,27.39,27.39,123900,24.37
20090313,27.68,28.00,26.94,28.00,123900,24.91
20090312,26.23,27.35,26.04,27.23,64900,24.23
20090311,26.27,26.60,26.04,26.26,60600,23.36
20090310,25.37,26.27,25.21,26.24,163300,23.35
20090309,24.77,24.98,24.40,24.50,103200,21.80
20090306,25.38,25.74,24.36,24.93,113100,22.18
20090305,26.10,26.10,24.74,25.02,107400,22.26
20090304,26.09,26.42,25.55,26.09,63000,23.21
20090303,25.31,25.56,24.87,25.03,118600,22.27
20090302,26.23,26.23,25.11,25.24,97300,22.46
20090227,26.77,27.09,26.30,26.60,352600,23.67
20090226,27.52,27.70,26.86,27.02,78900,24.04
20090225,27.55,27.59,26.77,27.21,59300,24.21
20090224,26.89,27.74,26.65,27.61,137500,24.57
20090223,27.65,27.69,26.55,26.57,154500,23.64
20090220,27.11,27.80,26.92,27.00,169500,24.02
20090219,28.25,28.60,27.74,27.85,141600,24.78
20090218,28.40,28.40,27.75,27.93,192500,24.85
20090217,28.66,28.68,28.01,28.10,137200,25.00
20090213,29.71,30.05,29.48,29.69,69800,26.42
20090212,29.45,29.80,29.00,29.80,50500,26.51
20090211,30.18,30.18,29.35,29.87,50300,26.58
20090210,30.90,30.90,29.49,29.66,50600,26.39
20090209,31.47,31.49,30.21,31.11,63400,27.68
20090206,30.66,31.21,30.66,31.20,54900,27.76
20090205,29.49,31.02,29.46,31.02,56500,27.60
20090204,30.00,30.43,29.66,29.72,26600,26.44
20090203,29.91,30.11,29.36,29.93,29300,26.63
20090202,29.00,29.60,28.89,29.35,199900,26.11
20090130,30.41,30.64,29.30,29.40,39300,26.16
20090129,30.44,31.01,29.83,29.83,100200,26.54
20090128,31.07,31.30,30.89,31.16,34900,27.72
20090127,30.12,30.55,29.66,30.23,198500,26.90
20090126,29.52,30.28,29.33,29.66,127700,26.39
20090123,29.25,29.64,28.50,29.46,103800,26.21
20090122,30.29,30.29,28.77,29.42,166300,26.18
20090121,28.76,30.00,28.47,30.00,64300,26.69
20090120,31.99,31.99,28.37,28.47,146400,25.33
20090116,31.75,31.75,29.99,30.73,79200,27.34
20090115,30.29,30.81,29.30,30.36,136700,27.01
20090114,30.98,30.98,29.85,30.01,202900,26.70
20090113,31.37,31.39,30.97,31.10,115900,27.67
20090112,32.30,32.30,31.17,31.37,65300,27.91
20090109,32.81,32.81,32.19,32.19,131300,28.64
20090108,33.01,33.21,32.70,32.99,183100,29.35
20090107,33.85,33.85,32.79,33.10,82600,29.45
20090106,33.59,34.10,33.49,33.85,110200,30.12
20090105,34.75,34.75,33.25,33.97,236900,30.22
20090102,32.98,33.97,32.86,33.87,205300,30.14
20081231,32.70,33.25,32.26,32.98,305700,29.34
20081230,31.96,32.57,31.57,32.56,245300,28.97
20081229,31.55,32.70,31.36,31.73,244700,28.23
20081226,32.00,32.00,31.49,31.75,123700,28.25
20081224,30.91,32.17,30.91,31.48,158700,28.01
20081223,32.94,32.94,31.30,31.48,334300,27.83
20081222,33.65,33.65,31.26,31.77,384500,28.08
20081219,32.90,32.90,31.85,32.12,181500,28.39
20081218,33.99,34.66,31.92,32.24,261700,28.50
20081217,33.13,33.58,32.75,33.27,275200,29.41
20081216,32.87,33.43,31.67,33.43,183800,29.55
20081215,32.51,32.51,31.17,31.70,208100,28.02
20081212,31.51,32.02,30.80,31.95,266300,28.24
20081211,32.15,32.56,31.44,31.66,220300,27.99
20081210,31.37,32.37,31.37,32.14,325500,28.41
20081209,31.81,32.18,31.27,31.50,230100,27.85
20081208,31.84,32.28,31.31,31.96,253300,28.25
20081205,29.56,30.69,28.75,30.69,512600,27.13
20081204,30.52,30.79,29.24,29.74,137100,26.29
20081203,29.91,30.89,29.30,30.89,121900,27.31
20081202,30.12,30.28,29.20,30.28,115600,26.77
20081201,30.92,30.92,28.87,28.90,132500,25.55
20081128,31.48,31.63,31.15,31.49,41300,27.84
20081126,29.64,31.46,29.64,31.25,76300,27.62
20081125,31.47,31.54,29.82,30.51,157600,26.97
20081124,29.47,31.03,29.00,30.20,273900,26.70
20081121,28.01,28.71,26.65,28.71,246100,25.38
20081120,28.35,28.90,26.60,26.62,275300,23.53
20081119,30.28,30.41,28.50,28.51,254500,25.20
20081118,30.34,30.90,29.41,30.53,177700,26.99
20081117,31.20,31.50,29.00,30.31,110800,26.79
20081114,32.50,32.50,30.57,30.57,77700,27.02
20081113,30.00,32.53,29.33,32.51,210700,28.74
20081112,31.11,31.32,30.11,30.25,115300,26.74
20081111,32.00,33.20,31.35,31.70,125700,28.02
20081110,34.28,34.28,32.50,33.01,144500,29.18
20081107,32.17,33.32,32.17,33.32,179800,29.45
20081106,32.15,33.78,31.72,31.77,160000,28.08
20081105,35.99,35.99,33.75,33.76,145500,29.84
20081104,34.69,35.73,34.55,35.63,112300,31.50
20081103,34.65,34.69,32.96,33.81,83700,29.89
20081031,32.72,34.25,32.64,33.79,89800,29.87
20081030,34.55,34.55,32.70,33.79,70600,29.87
20081029,31.19,33.62,31.19,33.50,92400,29.61
20081028,30.99,32.59,29.47,31.20,51700,27.58
20081027,29.87,30.75,29.30,29.43,129700,26.02
20081024,29.98,31.43,29.00,31.17,157600,27.55
20081023,32.00,32.34,30.45,31.40,134600,27.76
20081022,33.08,33.08,30.99,31.47,207600,27.82
20081021,35.80,35.80,33.83,33.96,160200,30.02
20081020,34.20,36.20,33.75,36.20,113500,32.00
20081017,33.73,35.10,33.05,33.83,84500,29.91
20081016,33.10,34.17,31.00,34.16,196000,30.20
20081015,35.69,36.00,32.71,33.37,140800,29.50
20081014,39.47,39.47,35.69,37.98,235800,33.57
20081013,38.25,38.25,34.27,37.19,368800,32.88
20081010,32.50,35.10,30.87,32.78,387600,28.98
20081009,36.05,36.16,32.53,33.85,141600,29.92
20081008,36.46,36.50,34.81,35.55,117200,31.43
20081007,39.22,39.22,36.00,36.11,154600,31.92
20081006,39.60,39.60,36.33,37.85,192200,33.46
20081003,41.60,41.62,39.75,39.75,111800,35.14
20081002,42.19,42.45,40.10,40.10,152700,35.45
20081001,41.59,42.83,41.59,42.38,90200,37.46
20080930,42.90,46.00,41.57,43.01,98100,38.02
20080929,44.65,44.65,39.76,42.40,100000,37.48
20080926,43.75,45.55,43.75,45.27,92100,40.02
20080925,44.85,45.35,43.87,44.84,58500,39.64
20080924,47.00,47.00,43.35,43.60,44300,38.54
20080923,45.37,46.20,44.00,45.02,94700,39.80
20080922,46.40,46.98,44.44,44.73,58000,39.54
20080919,46.41,46.41,45.03,46.41,78100,41.03
20080918,41.01,43.80,35.85,43.80,129000,38.72
20080917,43.39,43.90,41.58,41.61,118100,36.78
20080916,42.75,44.00,42.00,43.99,128500,38.89
20080915,44.40,44.85,43.11,43.27,123900,38.25
20080912,44.95,45.24,44.39,45.12,19100,39.89
20080911,43.79,44.62,43.62,44.62,71600,39.44
20080910,44.95,45.00,44.20,44.65,50300,39.47
20080909,45.79,45.79,44.14,44.29,42400,39.15
20080908,46.70,46.70,44.95,45.42,54800,40.15
20080905,45.00,45.00,43.68,44.17,75600,39.05
20080904,46.45,46.45,44.46,44.46,114200,39.30
20080903,46.40,46.85,46.16,46.16,30700,40.81
20080902,47.32,47.69,46.00,46.00,28800,40.66
20080829,48.13,48.13,47.29,47.32,20000,41.83
20080828,47.67,47.75,47.38,47.75,34100,42.21
20080827,46.66,47.05,46.52,46.76,26200,41.34
20080826,46.24,46.70,46.19,46.70,37900,41.28
20080825,46.20,47.15,46.20,46.46,50500,41.07
20080822,47.45,47.65,47.16,47.33,22300,41.84
20080821,46.20,47.18,46.20,47.08,20600,41.62
20080820,46.80,46.80,46.36,46.72,20400,41.30
20080819,46.73,46.73,46.22,46.30,25500,40.93
20080818,47.95,47.95,46.69,46.70,23500,41.28
20080815,47.60,47.64,46.14,47.49,21800,41.98
20080814,46.72,47.53,46.72,47.53,87500,42.02
20080813,47.70,47.70,46.90,47.32,44100,41.83
20080812,48.56,48.56,47.68,47.85,34300,42.30
20080811,48.45,48.64,47.98,48.52,34300,42.89
20080808,47.65,48.26,47.07,48.23,40600,42.63
20080807,48.60,48.60,47.60,47.60,45400,42.08
20080806,48.55,48.93,48.23,48.71,22100,43.06
20080805,48.69,48.72,47.37,48.39,35000,42.78
20080804,48.57,48.57,47.23,47.23,27300,41.75
20080801,48.19,50.02,47.75,47.93,46500,42.37
20080731,48.84,48.84,48.20,48.21,14800,42.62
20080730,48.45,48.72,48.30,48.70,33400,43.05
20080729,47.54,47.90,47.44,47.90,19700,42.34
20080728,48.50,48.50,46.50,47.44,71800,41.94
20080725,48.00,48.21,47.92,48.21,9000,42.62
20080724,48.98,48.98,47.98,48.00,39900,42.43
20080723,49.39,49.47,48.94,49.08,47200,43.39
20080722,48.30,48.70,47.98,48.70,29300,43.05
20080721,48.89,48.89,48.28,48.43,18200,42.81
20080718,48.48,48.55,47.66,48.28,18300,42.68
20080717,48.31,48.52,47.84,48.33,26000,42.72
20080716,46.85,47.72,46.59,47.72,23700,42.18
20080715,47.07,47.44,46.34,46.76,24800,41.34
20080714,48.80,48.80,47.28,47.49,37900,41.98
20080711,48.25,48.25,47.19,47.65,22500,42.12
20080710,48.31,48.31,47.60,47.86,20800,42.31
20080709,49.39,49.39,47.90,47.94,28900,42.38
20080708,48.12,48.56,47.17,48.50,54300,42.87
20080707,48.78,48.80,47.80,48.41,55500,42.79
20080703,48.77,48.81,48.06,48.51,17600,42.88
20080702,49.54,49.69,48.38,48.38,74700,42.77
20080701,49.13,49.60,47.74,49.10,55100,43.40
20080630,51.72,51.72,49.36,49.54,23900,43.79
20080627,51.45,51.45,49.26,49.50,26800,43.76
20080626,49.92,49.99,49.34,49.58,15800,43.83
