20140814,53.33,53.38,53.26,53.37,103700,53.37
20140813,53.22,53.24,53.07,53.17,191300,53.17
20140812,52.80,52.89,52.71,52.82,209800,52.82
20140811,52.85,52.95,52.72,52.87,215500,52.87
20140808,52.29,52.60,52.13,52.55,273000,52.55
20140807,52.67,52.78,52.11,52.24,195300,52.24
20140806,52.47,52.76,52.39,52.68,171200,52.68
20140805,53.20,53.20,52.64,52.74,371300,52.74
20140804,53.48,53.54,53.13,53.50,185300,53.50
20140801,53.34,53.47,52.97,53.17,740200,53.17
20140731,53.90,53.90,53.33,53.35,284300,53.35
20140730,54.48,54.50,54.15,54.34,163400,54.34
20140729,54.69,54.70,54.35,54.38,189700,54.38
20140728,54.61,54.63,54.30,54.59,275200,54.59
20140725,54.69,54.69,54.30,54.47,146500,54.47
20140724,54.73,54.73,54.59,54.66,191000,54.66
20140723,54.75,54.75,54.50,54.59,107600,54.59
20140722,54.39,54.56,54.39,54.48,430400,54.48
20140721,54.07,54.18,53.86,54.16,386500,54.16
20140718,53.90,54.36,53.90,54.25,215100,54.25
20140717,54.25,54.30,53.69,53.72,298600,53.72
20140716,54.31,54.51,54.31,54.46,240400,54.46
20140715,54.39,54.40,53.91,54.13,174900,54.13
20140714,54.38,54.38,54.24,54.30,148100,54.30
20140711,53.92,53.97,53.72,53.94,181300,53.94
20140710,53.67,53.91,53.50,53.87,273100,53.87
20140709,54.30,54.48,54.16,54.44,380300,54.44
20140708,54.66,54.66,54.07,54.24,196000,54.24
20140707,54.82,54.82,54.60,54.68,312100,54.68
20140703,54.94,55.07,54.85,55.05,471100,55.05
20140702,54.81,54.84,54.70,54.84,231600,54.84
20140701,54.74,54.83,54.54,54.76,279400,54.76
20140630,54.32,54.33,54.15,54.29,604400,54.29
20140627,54.06,54.23,53.96,54.23,442100,54.23
20140626,54.13,54.13,53.70,54.09,238200,54.09
20140625,53.91,54.04,53.88,54.03,348600,54.03
20140624,54.38,54.39,53.96,54.01,245300,54.01
20140623,54.97,54.97,54.74,54.93,433500,54.33
20140620,55.18,55.18,54.91,55.04,277500,54.43
20140619,55.19,55.22,55.00,55.08,145300,54.47
20140618,54.43,54.99,54.43,54.95,141400,54.35
20140617,54.38,54.46,54.26,54.44,171800,53.84
20140616,54.53,54.59,54.40,54.51,176400,53.91
20140613,54.56,54.61,54.26,54.56,208600,53.96
20140612,54.72,54.72,54.38,54.49,185000,53.89
20140611,54.62,54.62,54.42,54.51,240200,53.91
20140610,54.66,54.72,54.50,54.71,501000,54.11
20140609,54.69,54.77,54.55,54.75,355400,54.15
20140606,54.63,54.71,54.46,54.71,263600,54.11
20140605,54.31,54.41,54.02,54.38,194300,53.78
20140604,53.95,54.06,53.84,54.02,144900,53.43
20140603,54.05,54.06,53.92,54.03,249300,53.44
20140602,54.17,54.19,53.97,54.12,1297700,53.52
20140530,53.82,53.92,53.80,53.88,352400,53.29
20140529,54.02,54.03,53.82,54.03,166800,53.44
20140528,53.88,53.88,53.63,53.74,320000,53.15
20140527,54.05,54.08,53.67,53.85,322400,53.26
20140523,53.61,53.68,53.50,53.65,150200,53.06
20140522,53.50,53.53,53.41,53.50,202500,52.91
20140521,53.20,53.34,53.06,53.34,206800,52.75
20140520,53.09,53.12,52.82,52.95,376800,52.37
20140519,53.25,53.31,53.10,53.31,237400,52.72
20140516,53.38,53.38,53.12,53.34,309800,52.75
20140515,53.49,53.49,53.00,53.17,306700,52.59
20140514,53.39,53.63,53.39,53.50,284500,52.91
20140513,53.53,53.53,53.35,53.47,266900,52.88
20140512,53.31,53.43,53.18,53.42,359300,52.83
20140509,53.02,53.03,52.81,52.96,127900,52.38
20140508,53.15,53.31,53.00,53.07,247600,52.49
20140507,52.96,53.08,52.74,53.06,214600,52.48
20140506,53.00,53.10,52.84,52.92,191000,52.34
20140505,52.79,52.96,52.58,52.96,180600,52.38
20140502,52.93,53.10,52.85,53.01,190700,52.43
20140501,52.95,53.00,52.83,52.94,256600,52.36
20140430,52.71,52.90,52.56,52.86,117100,52.28
20140429,52.81,52.91,52.50,52.67,910700,52.09
20140428,52.34,52.59,52.09,52.46,228700,51.88
20140425,52.52,52.52,52.12,52.30,127300,51.72
20140424,52.71,52.74,52.28,52.62,507800,52.04
20140423,52.75,52.75,52.50,52.58,141800,52.00
20140422,52.81,52.81,52.64,52.74,171500,52.16
20140421,52.70,52.70,52.42,52.70,129600,52.12
20140417,52.40,52.63,52.21,52.56,436900,51.98
20140416,52.22,52.32,51.97,52.28,460500,51.71
20140415,51.93,51.99,51.22,51.75,165800,51.18
20140414,52.16,52.19,51.81,52.09,203800,51.52
20140411,51.91,52.13,51.78,51.87,178000,51.30
20140410,52.81,52.81,52.02,52.06,186600,51.49
20140409,52.76,52.97,52.45,52.96,434400,52.38
20140408,52.33,52.50,52.16,52.35,160000,51.77
20140407,52.51,52.51,52.06,52.21,218600,51.64
20140404,52.90,52.92,52.32,52.39,221300,51.81
20140403,52.72,52.74,52.33,52.51,173500,51.93
20140402,52.59,52.72,52.50,52.66,292200,52.08
20140401,52.54,52.59,52.41,52.56,475800,51.98
20140331,52.34,52.34,52.14,52.20,242400,51.63
20140328,51.75,52.02,51.74,51.87,116900,51.30
20140327,51.46,51.58,51.27,51.56,82400,50.99
20140326,51.52,51.61,51.17,51.19,907000,50.63
20140325,51.13,51.28,50.92,51.18,136100,50.62
20140324,51.24,51.24,50.70,51.06,233700,50.14
20140321,51.25,51.37,50.84,50.90,102800,49.98
20140320,50.71,51.03,50.52,50.91,175200,49.99
20140319,51.62,51.62,50.73,51.01,170100,50.09
20140318,51.42,51.72,51.35,51.68,161700,50.74
20140317,51.18,51.38,50.99,51.32,159100,50.39
20140314,50.68,50.97,50.58,50.74,180600,49.82
20140313,51.77,51.79,50.67,50.78,228100,49.86
20140312,51.46,51.62,51.21,51.62,132500,50.69
20140311,52.15,52.20,51.68,51.75,122800,50.81
20140310,52.16,52.16,51.73,52.02,334000,51.08
20140307,52.75,52.75,52.19,52.39,172500,51.44
20140306,52.85,52.92,52.69,52.80,148200,51.84
20140305,52.28,52.28,52.10,52.22,199200,51.27
20140304,52.07,52.34,52.05,52.22,221200,51.27
20140303,51.51,51.66,51.15,51.30,410700,50.37
20140228,52.42,52.52,52.09,52.32,150800,51.37
20140227,52.00,52.24,51.76,52.21,897800,51.26
20140226,52.16,52.16,51.80,51.96,165300,51.02
20140225,52.41,52.41,52.01,52.22,214600,51.27
20140224,52.16,52.53,52.01,52.29,265900,51.34
20140221,52.06,52.14,51.88,51.94,261900,51.00
20140220,51.67,51.85,51.41,51.76,210600,50.82
20140219,51.94,52.03,51.57,51.59,230500,50.66
20140218,52.00,52.03,51.79,51.92,285500,50.98
20140214,51.54,51.76,51.38,51.70,210400,50.76
20140213,50.83,51.40,50.73,51.37,132400,50.44
20140212,51.33,51.40,51.16,51.24,217800,50.31
20140211,50.74,51.30,50.68,51.20,250500,50.27
20140210,50.54,50.54,50.25,50.43,145900,49.52
20140207,50.44,50.62,50.16,50.61,242600,49.69
20140206,49.63,50.09,49.56,50.08,183500,49.17
20140205,49.13,49.23,48.86,49.19,160000,48.30
20140204,48.90,49.16,48.80,49.08,306300,48.19
20140203,49.60,49.60,48.60,48.64,675100,47.76
20140131,49.44,49.82,49.25,49.55,235200,48.65
20140130,50.29,50.29,49.98,50.17,202500,49.26
20140129,49.93,50.13,49.75,49.88,180800,48.98
20140128,50.30,50.49,50.21,50.49,151500,49.58
20140127,50.47,50.47,49.70,49.98,444700,49.08
20140124,51.00,51.11,50.28,50.29,355000,49.38
20140123,51.96,52.08,51.38,51.63,206000,50.70
20140122,52.23,52.26,51.92,52.18,257400,51.24
20140121,52.28,52.28,51.81,52.02,323400,51.08
20140117,52.06,52.06,51.75,51.83,214000,50.89
20140116,52.06,52.08,51.80,52.02,190800,51.08
20140115,51.94,52.06,51.87,52.01,224200,51.07
20140114,51.83,51.94,51.53,51.90,256900,50.96
20140113,51.99,51.99,51.39,51.49,334200,50.56
20140110,51.73,51.95,51.56,51.89,180600,50.95
20140109,51.37,51.59,51.11,51.36,289500,50.43
20140108,51.54,51.61,51.40,51.51,551400,50.58
20140107,51.37,51.60,51.34,51.54,409100,50.61
20140106,51.59,51.59,51.25,51.29,230900,50.36
20140103,51.65,51.66,51.32,51.44,731000,50.51
20140102,51.83,51.88,51.24,51.46,637000,50.53
20131231,52.44,52.46,52.24,52.38,244100,51.43
20131230,52.10,52.21,52.00,52.16,519300,51.22
20131227,52.02,52.05,51.81,51.90,226900,50.96
20131226,51.67,51.76,51.57,51.60,169800,50.67
20131224,51.33,51.43,51.10,51.42,97900,50.49
20131223,51.31,51.41,51.13,51.30,463300,50.37
20131220,50.94,51.05,50.71,50.89,179900,49.97
20131219,51.06,51.18,50.88,51.17,303000,49.79
20131218,50.85,51.49,50.52,51.35,184600,49.97
20131217,50.74,50.79,50.46,50.62,104400,49.26
20131216,50.91,50.94,50.75,50.84,189200,49.47
20131213,50.57,50.57,50.30,50.49,227400,49.13
20131212,50.71,50.72,50.34,50.45,181100,49.09
20131211,51.41,51.41,50.75,50.87,121800,49.50
20131210,51.39,51.41,51.25,51.34,116200,49.96
20131209,51.53,51.53,51.31,51.45,173300,50.07
20131206,51.39,51.50,51.15,51.45,221900,50.07
20131205,50.94,51.00,50.69,50.74,131800,49.38
20131204,50.90,51.07,50.65,50.98,146000,49.61
20131203,51.41,51.43,51.05,51.25,185800,49.87
20131202,52.00,52.01,51.55,51.59,268700,50.20
20131129,52.21,52.23,52.01,52.06,92300,50.66
20131127,51.95,51.95,51.75,51.89,220700,50.49
20131126,51.66,51.73,51.52,51.64,149400,50.25
20131125,51.95,52.00,51.60,51.76,203200,50.37
20131122,51.81,51.96,51.69,51.92,151100,50.52
20131121,51.73,51.80,51.52,51.77,198100,50.38
20131120,52.00,52.04,51.45,51.52,142200,50.13
20131119,52.13,52.16,51.83,51.92,189000,50.52
20131118,52.46,52.46,52.03,52.11,207300,50.71
20131115,52.00,52.04,51.67,52.01,295100,50.61
20131114,51.26,51.51,51.09,51.47,179800,50.09
20131113,50.74,51.19,50.62,51.18,157200,49.80
20131112,51.19,51.21,50.88,50.98,427400,49.61
20131111,51.38,51.38,51.16,51.22,206400,49.84
20131108,50.93,51.26,50.80,51.25,805300,49.87
20131107,51.78,51.78,50.93,50.97,244300,49.60
20131106,51.92,51.95,51.74,51.86,132500,50.47
20131105,51.62,51.62,51.20,51.38,142400,50.00
20131104,51.94,51.94,51.70,51.91,170700,50.51
20131101,51.80,51.85,51.44,51.67,148100,50.28
20131031,52.25,52.25,51.92,51.99,249900,50.59
20131030,52.60,52.60,51.95,52.20,173400,50.80
20131029,52.46,52.46,52.25,52.38,129000,50.97
20131028,52.33,52.35,52.13,52.25,195500,50.84
20131025,52.37,52.38,52.11,52.27,140400,50.86
20131024,52.13,52.40,52.13,52.33,299100,50.92
20131023,52.28,52.28,51.95,52.07,229000,50.67
20131022,52.65,52.84,52.45,52.75,459900,51.33
20131021,52.25,52.28,52.07,52.22,178100,50.82
20131018,52.11,52.18,51.95,52.15,272800,50.75
20131017,51.58,51.88,51.45,51.88,654400,50.48
20131016,51.24,51.37,51.03,51.35,273200,49.97
20131015,51.19,51.19,50.81,50.91,151200,49.54
20131014,50.88,51.24,50.66,51.21,145600,49.83
20131011,50.81,51.05,50.69,51.00,269100,49.63
20131010,50.46,50.87,50.30,50.81,587600,49.44
20131009,49.91,49.99,49.57,49.97,192300,48.63
20131008,50.02,50.14,49.60,49.61,108800,48.28
20131007,50.00,50.25,49.85,50.02,100600,48.67
20131004,50.39,50.52,50.22,50.46,129200,49.10
20131003,50.60,50.65,50.11,50.33,287600,48.98
20131002,50.43,50.57,50.13,50.57,168500,49.21
20131001,50.34,50.58,50.23,50.50,522400,49.14
20130930,50.21,50.25,49.91,50.15,283400,48.80
20130927,50.58,50.58,50.40,50.55,206000,49.19
20130926,50.67,50.89,50.55,50.73,255100,49.37
20130925,50.70,50.75,50.45,50.52,855900,49.16
20130924,50.74,50.78,50.42,50.57,383200,49.21
20130923,50.69,50.73,50.45,50.62,99700,49.26
20130920,51.33,51.36,50.78,50.81,196300,49.22
20130919,51.75,51.77,51.22,51.30,128900,49.69
20130918,50.36,51.68,50.08,51.68,107500,50.06
20130917,50.24,50.27,50.15,50.24,183700,48.67
20130916,50.50,50.50,50.18,50.24,107800,48.67
20130913,49.69,49.79,49.50,49.78,69500,48.22
20130912,49.82,49.82,49.55,49.56,104100,48.01
20130911,49.70,49.91,49.55,49.90,94400,48.34
20130910,49.79,49.81,49.56,49.78,190200,48.22
20130909,48.85,49.33,48.84,49.33,109300,47.79
20130906,48.59,48.66,48.19,48.47,85000,46.95
20130905,48.09,48.22,47.98,48.17,88400,46.66
20130904,47.73,48.14,47.60,48.08,91300,46.58
20130903,47.71,48.14,47.48,47.62,108200,46.13
20130830,47.10,47.17,46.86,46.86,197700,45.39
20130829,47.12,47.45,47.12,47.22,106700,45.74
20130828,47.13,47.40,46.95,47.21,144400,45.73
20130827,47.65,47.74,47.19,47.24,209700,45.76
20130826,48.40,48.43,48.04,48.08,130500,46.58
20130823,48.36,48.41,48.12,48.37,275400,46.86
20130822,47.98,48.09,47.50,48.08,78800,46.58
20130821,47.99,47.99,47.34,47.45,250600,45.96
20130820,48.21,48.30,48.00,48.14,217700,46.63
20130819,48.73,48.73,48.21,48.23,202200,46.72
20130816,48.79,48.84,48.62,48.66,303500,47.14
20130815,48.61,48.70,48.20,48.70,255100,47.18
20130814,49.14,49.14,48.97,49.03,279200,47.50
20130813,48.93,49.08,48.64,49.05,215600,47.51
20130812,48.68,48.81,48.62,48.74,178700,47.21
20130809,48.68,48.83,48.56,48.75,323500,47.22
20130808,48.36,48.72,48.24,48.66,243100,47.14
20130807,47.92,48.19,47.90,48.02,354200,46.52
20130806,48.65,48.65,48.24,48.36,156000,46.85
20130805,48.57,48.57,48.33,48.49,169100,46.97
20130802,48.43,48.66,48.36,48.64,126300,47.12
20130801,48.25,48.45,48.22,48.40,160700,46.89
20130731,47.76,48.10,47.63,47.79,252000,46.29
20130730,48.11,48.11,47.66,47.77,195600,46.27
20130729,48.00,48.02,47.78,47.87,214000,46.37
20130726,48.29,48.31,47.94,48.31,104400,46.80
20130725,48.19,48.55,48.07,48.54,161700,47.02
20130724,48.81,48.81,48.26,48.44,558700,46.92
20130723,48.82,48.82,48.49,48.64,178900,47.12
20130722,48.25,48.42,48.18,48.42,123000,46.90
20130719,48.15,48.15,47.90,48.14,189900,46.63
20130718,48.07,48.21,48.00,48.17,164200,46.66
20130717,48.03,48.20,47.86,48.00,79100,46.50
20130716,47.81,47.85,47.59,47.78,174300,46.28
20130715,47.69,47.79,47.56,47.76,214900,46.27
20130712,47.60,47.60,47.35,47.47,156200,45.98
20130711,47.46,47.78,47.19,47.78,532200,46.28
20130710,46.38,46.72,46.31,46.38,227200,44.93
20130709,46.50,46.50,46.06,46.36,175600,44.91
20130708,46.12,46.15,45.91,46.05,155400,44.61
20130705,46.01,46.13,45.54,45.85,140100,44.41
20130703,45.49,45.79,45.30,45.67,138900,44.24
20130702,46.08,46.23,45.64,45.78,246300,44.35
20130701,46.22,46.26,45.99,46.04,331700,44.60
20130628,45.69,45.87,45.46,45.68,695400,44.25
20130627,45.66,45.86,45.56,45.73,191400,44.30
20130626,45.23,45.43,44.97,45.21,226400,43.80
20130625,44.75,44.99,44.50,44.92,285300,43.51
20130624,44.31,44.61,43.92,44.34,487000,42.95
20130621,46.18,46.27,45.33,45.84,265900,43.83
20130620,46.53,46.53,45.41,45.74,358200,43.73
20130619,48.32,48.32,47.27,47.30,1314800,45.22
20130618,48.18,48.35,48.11,48.24,251600,46.12
20130617,48.21,48.30,47.75,47.99,104700,45.88
20130614,47.67,47.81,47.27,47.36,110600,45.28
20130613,47.19,47.96,47.12,47.95,135300,45.84
20130612,47.96,47.97,47.11,47.23,157100,45.15
20130611,47.30,47.59,47.14,47.31,173000,45.23
20130610,48.18,48.22,47.82,47.98,255100,45.87
20130607,47.73,48.06,47.46,48.02,170700,45.91
20130606,47.48,47.73,47.20,47.73,222900,45.63
20130605,47.98,48.05,47.38,47.44,170900,45.35
20130604,48.65,48.70,48.09,48.32,99700,46.20
20130603,48.25,48.48,47.91,48.48,193000,46.35
20130531,48.59,48.59,48.01,48.01,209700,45.90
20130530,48.95,49.19,48.77,49.05,154700,46.89
20130529,48.97,48.97,48.61,48.85,144300,46.70
20130528,49.68,49.68,49.13,49.21,141400,47.05
20130524,48.99,49.16,48.84,49.15,101600,46.99
20130523,49.21,49.62,48.82,49.59,236200,47.41
20130522,50.75,51.09,49.97,50.12,224600,47.92
20130521,50.48,50.78,50.33,50.65,97100,48.42
20130520,50.40,50.62,50.29,50.62,184000,48.39
20130517,50.09,50.30,49.96,50.23,193400,48.02
20130516,50.10,50.24,49.90,49.95,205500,47.75
20130515,50.17,50.34,50.12,50.31,95800,48.10
20130514,50.10,50.32,50.02,50.22,135900,48.01
20130513,50.17,50.17,49.95,50.10,123400,47.90
20130510,50.15,50.22,49.95,50.22,142600,48.01
20130509,50.43,50.59,50.02,50.14,195000,47.94
20130508,50.41,50.68,50.38,50.68,311200,48.45
20130507,50.08,50.14,49.87,50.11,143600,47.91
20130506,49.91,49.97,49.73,49.92,112100,47.73
20130503,49.83,50.08,49.83,49.97,155800,47.77
20130502,49.33,49.71,49.28,49.50,207800,47.32
20130501,49.82,49.82,49.15,49.26,504500,47.09
20130430,49.45,49.75,49.25,49.65,220400,47.47
20130429,49.00,49.42,49.00,49.37,88600,47.20
20130426,48.83,48.88,48.69,48.85,84900,46.70
20130425,48.72,49.03,48.72,48.82,71900,46.67
20130424,48.33,48.64,48.33,48.56,184500,46.43
20130423,48.01,48.22,47.93,48.21,214000,46.09
20130422,47.60,47.72,47.25,47.67,139600,45.57
20130419,47.32,47.56,47.32,47.56,205300,45.47
20130418,47.27,47.30,46.85,47.06,201200,44.99
20130417,47.64,47.64,46.89,47.09,179800,45.02
20130416,48.06,48.16,47.75,48.16,137700,46.04
20130415,48.01,48.04,47.28,47.28,178700,45.20
20130412,48.43,48.46,48.14,48.45,157900,46.32
20130411,48.65,48.88,48.55,48.69,106600,46.55
20130410,48.12,48.50,48.12,48.48,147200,46.35
20130409,47.50,47.98,47.42,47.81,186700,45.71
20130408,47.41,47.55,47.24,47.52,131100,45.43
20130405,47.00,47.47,46.86,47.47,298000,45.38
20130404,47.55,47.74,47.38,47.71,241800,45.61
20130403,47.95,47.96,47.31,47.42,199700,45.34
20130402,47.83,47.95,47.63,47.74,168200,45.64
20130401,47.81,47.90,47.40,47.53,289200,45.44
20130328,47.86,47.99,47.76,47.97,177700,45.86
20130327,47.63,47.79,47.39,47.77,124600,45.67
20130326,47.86,47.93,47.69,47.87,92000,45.77
20130325,48.17,48.19,47.40,47.58,188800,45.49
20130322,47.90,48.02,47.76,48.00,128400,45.89
20130321,47.93,48.03,47.71,47.78,286300,45.56
20130320,48.24,48.31,48.09,48.22,138600,45.98
20130319,48.09,48.21,47.60,47.84,321500,45.62
20130318,48.07,48.36,47.96,48.05,191400,45.82
20130315,48.63,48.70,48.43,48.49,114700,46.24
20130314,48.35,48.56,48.26,48.55,159400,46.29
20130313,48.27,48.29,48.00,48.17,116100,45.93
20130312,48.61,48.61,48.21,48.33,229800,46.08
20130311,48.48,48.59,48.33,48.58,119100,46.32
20130308,48.55,48.55,48.25,48.52,202900,46.27
20130307,48.34,48.44,48.30,48.39,83200,46.14
20130306,48.35,48.41,48.05,48.25,301700,46.01
20130305,48.15,48.23,48.02,48.12,173700,45.88
20130304,47.53,47.67,47.37,47.66,230000,45.45
20130301,47.41,47.70,47.28,47.61,242500,45.40
20130228,47.84,47.98,47.65,47.65,106100,45.44
20130227,47.23,47.85,47.13,47.76,114200,45.54
20130226,47.36,47.41,46.95,47.23,126700,45.04
20130225,48.20,48.20,46.83,46.85,129700,44.67
20130222,47.64,47.80,47.44,47.80,163400,45.58
20130221,47.60,47.60,47.11,47.26,237700,45.06
20130220,48.55,48.55,47.88,48.08,229200,45.85
20130219,48.23,48.41,48.18,48.39,230100,46.14
20130215,48.16,48.16,47.78,47.97,184400,45.74
20130214,47.96,48.10,47.92,48.07,97200,45.84
20130213,48.38,48.41,48.16,48.29,164500,46.05
20130212,47.99,48.20,47.87,48.11,149700,45.87
20130211,48.10,48.10,47.80,47.94,155900,45.71
20130208,47.82,48.06,47.82,47.96,156000,45.73
20130207,48.14,48.14,47.47,47.73,439200,45.51
20130206,47.91,48.14,47.75,48.14,135800,45.90
20130205,48.07,48.17,47.93,48.03,310900,45.80
20130204,48.33,48.33,47.79,47.85,319900,45.63
20130201,48.56,48.72,48.45,48.67,519800,46.41
20130131,48.35,48.40,48.15,48.20,404100,45.96
20130130,48.39,48.42,48.26,48.31,136700,46.07
20130129,48.18,48.41,48.00,48.38,118100,46.13
20130128,48.28,48.28,47.87,47.91,327300,45.68
20130125,48.35,48.35,48.11,48.29,353500,46.05
20130124,47.98,48.18,47.90,48.04,224400,45.81
20130123,47.96,47.96,47.72,47.86,224200,45.64
20130122,48.09,48.09,47.78,48.00,257600,45.77
20130118,47.98,48.01,47.73,48.01,220800,45.78
20130117,47.97,48.08,47.82,47.99,251300,45.76
20130116,47.59,47.64,47.44,47.57,178600,45.36
20130115,47.75,47.84,47.57,47.79,222100,45.57
20130114,48.00,48.00,47.80,47.94,182300,45.71
20130111,47.95,47.95,47.71,47.91,237700,45.68
20130110,47.78,47.96,47.58,47.92,167800,45.69
20130109,47.25,47.36,47.20,47.33,347200,45.13
20130108,47.25,47.30,46.93,47.06,244200,44.87
20130107,47.34,47.38,47.15,47.34,210500,45.14
20130104,47.36,47.61,47.21,47.54,208000,45.33
20130103,47.64,47.69,47.31,47.39,258500,45.19
20130102,47.92,48.20,47.55,47.79,279600,45.57
20121231,46.21,47.09,46.21,47.07,490900,44.88
20121228,46.37,46.52,46.21,46.25,331300,44.10
20121227,46.72,46.72,46.25,46.58,346200,44.42
20121226,46.61,46.62,46.24,46.34,242500,44.19
20121224,46.25,48.25,46.25,46.29,165000,44.14
20121221,46.32,46.44,46.15,46.44,368200,44.28
20121220,46.78,46.87,46.61,46.86,376400,44.68
20121219,47.45,47.45,47.19,47.19,221000,44.39
20121218,46.83,47.13,46.76,47.10,284300,44.31
20121217,46.56,46.74,46.50,46.74,160100,43.97
20121214,46.44,46.66,46.37,46.51,108500,43.75
20121213,46.50,46.58,46.23,46.36,139000,43.61
20121212,46.50,46.73,46.40,46.50,155700,43.74
20121211,46.15,46.38,46.15,46.28,199900,43.54
20121210,45.96,46.15,45.95,46.11,375600,43.38
20121207,45.92,45.99,45.75,45.98,110700,43.25
20121206,45.93,45.97,45.75,45.93,293400,43.21
20121205,45.74,45.98,45.58,45.82,114300,43.10
20121204,45.65,45.72,45.50,45.60,182300,42.90
20121203,45.75,45.76,45.45,45.46,93200,42.76
20121130,45.52,45.61,45.42,45.49,200800,42.79
20121129,45.38,45.54,45.22,45.47,100300,42.77
20121128,44.61,45.06,44.40,45.06,218100,42.39
20121127,45.00,45.05,44.75,44.77,121000,42.11
20121126,44.99,45.07,44.85,45.07,323400,42.40
20121123,44.89,45.20,44.87,45.20,110400,42.52
20121121,44.32,44.35,44.19,44.34,189800,41.71
20121120,44.09,44.22,43.93,44.22,98600,41.60
20121119,43.99,44.28,43.95,44.28,80900,41.65
20121116,43.50,43.50,43.03,43.38,96900,40.81
20121115,43.50,43.58,43.21,43.38,175800,40.81
20121114,43.95,43.95,43.20,43.29,125000,40.72
20121113,43.66,44.02,43.54,43.76,98700,41.16
20121112,44.23,44.23,43.96,44.03,48000,41.42
20121109,43.93,44.30,43.80,44.03,133000,41.42
20121108,44.35,44.54,43.96,43.96,263300,41.35
20121107,44.77,44.77,44.17,44.40,351200,41.77
20121106,44.90,45.13,44.84,45.07,83800,42.40
20121105,44.75,44.77,44.55,44.74,93900,42.09
20121102,45.10,45.11,44.70,44.75,594900,42.10
20121101,44.78,45.13,44.74,45.08,121000,42.41
20121031,44.81,44.99,44.45,44.57,68600,41.93
20121026,44.55,44.60,44.38,44.55,65700,41.91
20121025,44.86,44.95,44.50,44.73,50100,42.08
20121024,44.53,44.76,44.38,44.41,63600,41.78
20121023,44.44,44.44,44.08,44.29,109400,41.66
20121022,45.22,45.29,44.94,45.24,159600,42.56
20121019,45.37,45.37,44.83,44.86,115200,42.20
20121018,45.54,45.74,45.35,45.55,139200,42.85
20121017,45.43,45.64,45.30,45.63,109800,42.92
20121016,44.97,45.27,44.81,45.27,85200,42.59
20121015,44.47,44.65,44.26,44.65,87100,42.00
20121012,44.37,44.37,44.06,44.19,45900,41.57
20121011,44.45,44.59,44.21,44.25,220500,41.63
20121010,44.24,44.24,43.82,43.96,156100,41.35
20121009,44.57,44.57,44.05,44.14,165500,41.52
20121008,44.77,44.78,44.57,44.67,233700,42.02
20121005,45.30,45.43,44.89,45.05,121500,42.38
20121004,44.86,45.00,44.73,44.97,415900,42.30
20121003,44.70,44.71,44.35,44.52,198900,41.88
20121002,44.90,44.92,44.52,44.71,175000,42.06
20121001,44.78,45.01,44.48,44.51,399000,41.87
20120928,44.54,44.54,44.11,44.21,710500,41.59
20120927,44.53,44.92,44.40,44.85,108100,42.19
20120926,44.40,44.42,44.00,44.20,85900,41.58
20120925,45.16,45.27,44.58,44.60,67000,41.95
20120924,44.89,45.03,44.67,44.98,63500,42.31
20120921,46.12,46.12,45.82,45.88,66700,42.45
20120920,45.60,45.80,45.40,45.76,57600,42.34
20120919,46.08,46.17,45.89,46.09,82400,42.64
20120918,45.96,46.04,45.82,45.92,56900,42.48
20120917,46.39,46.46,46.03,46.11,83800,42.66
20120914,46.42,46.80,46.24,46.48,112500,43.00
20120913,45.00,46.09,44.90,45.95,124200,42.51
20120912,45.23,45.24,44.94,45.06,72000,41.69
20120911,44.69,44.98,44.64,44.80,86900,41.45
20120910,44.67,44.72,44.36,44.43,86000,41.11
20120907,44.50,44.78,44.41,44.78,117200,41.43
20120906,43.38,44.15,43.33,44.09,73200,40.79
20120905,43.12,43.15,42.92,43.06,102300,39.84
20120904,43.40,43.40,43.00,43.17,99600,39.94
20120831,43.52,43.61,43.14,43.47,74900,40.22
20120830,43.33,43.33,42.93,43.02,71300,39.80
20120829,43.55,43.71,43.45,43.51,1525000,40.25
20120828,43.82,43.87,43.61,43.68,1101400,40.41
20120827,44.05,44.13,43.90,43.94,133100,40.65
20120824,43.82,44.12,43.62,44.00,168300,40.71
20120823,44.20,44.20,43.95,44.02,57200,40.73
20120822,44.03,44.34,43.92,44.31,182900,40.99
20120821,44.48,44.70,44.24,44.31,80400,40.99
20120820,43.95,44.25,43.88,44.12,84100,40.82
20120817,44.18,44.24,44.00,44.20,100200,40.89
20120816,43.90,44.21,43.83,44.18,180500,40.87
20120815,43.70,43.78,43.54,43.72,61200,40.45
20120814,43.82,43.91,43.67,43.77,36500,40.49
20120813,43.71,43.86,43.52,43.64,340100,40.37
20120810,43.44,43.87,43.40,43.87,57700,40.59
20120809,43.54,43.91,43.54,43.72,72500,40.45
20120808,43.50,43.80,43.50,43.65,71700,40.38
20120807,43.62,43.90,43.62,43.71,79300,40.44
20120806,43.32,43.56,43.26,43.38,85800,40.13
20120803,42.67,43.25,42.67,43.10,163700,39.87
20120802,41.99,42.26,41.63,41.86,207300,38.73
20120801,42.73,42.73,42.31,42.34,106600,39.17
20120731,42.63,42.71,42.37,42.37,48300,39.20
20120730,42.54,42.72,42.50,42.59,64200,39.40
20120727,42.04,42.89,42.04,42.71,56900,39.51
20120726,41.55,41.82,41.52,41.74,260900,38.62
20120725,40.87,40.89,40.53,40.68,81400,37.64
20120724,40.89,40.89,40.22,40.51,95800,37.48
20120723,40.69,40.97,40.39,40.87,148300,37.81
20120720,41.87,41.87,41.65,41.70,74300,38.58
20120719,42.46,42.59,42.22,42.48,70600,39.30
20120718,41.77,42.19,41.77,42.08,61900,38.93
20120717,41.84,42.00,41.41,41.95,173500,38.81
20120716,41.64,41.80,41.41,41.66,72300,38.54
20120713,41.22,41.78,41.22,41.72,62100,38.60
20120712,41.12,41.19,40.73,41.05,122900,37.98
20120711,41.54,41.73,41.35,41.58,75700,38.47
20120710,42.00,42.06,41.29,41.43,61600,38.33
20120709,41.66,41.70,41.49,41.70,83600,38.58
20120706,41.97,42.00,41.61,41.86,77100,38.73
20120705,42.44,42.47,42.12,42.32,118600,39.15
20120703,42.49,42.98,42.45,42.83,141900,39.63
20120702,42.33,42.47,42.08,42.47,77500,39.29
20120629,41.83,42.24,41.83,42.24,262800,39.08
20120628,40.40,40.75,40.23,40.70,110700,37.65
20120627,40.52,40.92,40.44,40.75,193300,37.70
20120626,40.33,41.25,40.07,40.47,103200,37.44
20120625,40.58,40.58,40.09,40.11,948400,37.11
20120622,41.39,41.44,40.91,41.20,76900,38.12
20120621,41.99,41.99,40.76,40.76,75700,37.71
20120620,42.00,42.17,41.71,41.92,66100,38.78
20120619,41.46,42.10,41.46,41.89,57100,38.76
20120618,41.07,41.23,40.85,41.15,72200,38.07
20120615,40.88,41.17,40.81,41.17,126900,38.09
20120614,40.24,40.74,40.16,40.59,80000,37.55
20120613,40.39,40.68,40.26,40.34,56900,37.32
20120612,40.37,40.66,40.13,40.66,137400,37.62
20120611,40.80,40.80,39.96,39.96,224100,36.97
20120608,40.00,40.39,39.84,40.30,92700,37.28
20120607,41.18,41.21,40.50,40.57,1194100,37.53
20120606,39.80,40.58,39.80,40.57,96600,37.53
20120605,39.03,39.45,39.03,39.44,64800,36.49
20120604,39.23,39.32,38.81,39.18,99300,36.25
20120601,39.21,39.37,38.90,38.90,143300,35.99
20120531,40.01,40.01,39.41,39.86,85300,36.88
20120530,40.05,40.05,39.61,39.72,80800,36.75
20120529,40.71,40.76,40.30,40.54,180100,37.51
20120525,39.97,40.14,39.89,39.92,83700,36.93
20120524,40.34,40.39,39.82,40.11,76100,37.11
20120523,40.19,40.29,39.51,40.29,88900,37.28
20120522,40.78,41.09,40.42,40.61,76200,37.57
20120521,40.16,40.82,40.16,40.73,114500,37.68
20120518,40.35,40.49,39.95,39.96,116000,36.97
20120517,40.73,40.80,40.25,40.28,117900,37.27
20120516,41.08,41.37,40.78,40.79,184000,37.74
20120515,41.58,41.71,41.11,41.21,69700,38.13
20120514,42.00,42.00,41.70,41.70,97000,38.58
20120511,42.47,42.92,42.36,42.58,75600,39.39
20120510,43.03,43.19,42.80,42.84,83000,39.63
20120509,42.44,42.81,42.15,42.64,271900,39.45
20120508,43.38,43.39,42.68,43.20,98800,39.97
20120507,43.63,43.84,43.50,43.80,81000,40.52
20120504,44.04,44.04,43.50,43.58,55000,40.32
20120503,44.66,44.70,44.13,44.17,150100,40.86
20120502,44.62,44.65,44.32,44.59,82000,41.25
20120501,44.71,45.19,44.66,44.95,149000,41.59
20120430,44.82,44.83,44.50,44.70,104000,41.36
20120427,44.94,44.97,44.72,44.93,148000,41.57
20120426,44.43,44.82,44.33,44.79,132800,41.44
20120425,44.47,44.68,44.25,44.68,156600,41.34
20120424,44.03,44.23,43.96,44.09,136400,40.79
20120423,43.84,43.88,43.36,43.85,108000,40.57
20120420,44.64,44.79,44.57,44.57,148300,41.23
20120419,44.55,44.73,44.12,44.35,75500,41.03
20120418,44.50,44.66,44.38,44.47,90900,41.14
20120417,44.50,44.87,44.34,44.76,50200,41.41
20120416,44.33,44.38,43.86,44.12,104800,40.82
20120413,44.40,44.40,43.90,43.94,56400,40.65
20120412,44.18,44.78,44.12,44.74,67700,41.39
20120411,44.10,44.11,43.81,43.89,88900,40.61
20120410,44.13,44.13,43.26,43.34,70900,40.10
20120409,44.08,44.27,43.92,44.15,90800,40.85
20120405,44.42,44.73,44.38,44.53,107200,41.20
20120404,44.82,44.86,44.40,44.58,168400,41.24
20120403,46.15,46.15,45.31,45.57,77600,42.16
20120402,45.66,46.36,45.50,46.26,130100,42.80
20120330,45.65,45.69,45.41,45.65,73400,42.23
20120329,45.15,45.35,44.90,45.33,177500,41.94
20120328,46.05,46.05,45.35,45.60,76300,42.19
20120327,46.24,46.30,45.96,45.98,322000,42.54
20120326,45.96,46.25,45.84,46.25,93300,42.79
20120323,45.36,45.56,45.06,45.56,210500,42.15
20120322,45.29,45.36,45.06,45.26,72000,41.87
20120321,45.86,45.86,45.55,45.79,54500,42.36
20120320,45.90,45.93,45.63,45.90,80500,42.47
20120319,46.26,46.62,46.19,46.48,66000,43.00
20120316,46.35,46.51,46.33,46.38,247200,42.91
20120315,45.95,46.25,45.82,46.17,71200,42.72
20120314,46.05,46.16,45.63,45.78,137000,42.35
20120313,45.68,46.29,45.62,46.27,129800,42.81
20120312,45.65,45.65,45.26,45.49,107800,42.09
20120309,45.70,45.83,45.60,45.71,217300,42.29
20120308,45.50,45.92,45.41,45.83,184800,42.40
20120307,44.64,44.88,44.49,44.84,121400,41.48
20120306,44.74,44.74,44.11,44.31,195400,40.99
20120305,45.90,45.94,45.61,45.66,89000,42.24
20120302,46.18,46.23,45.92,46.02,115000,42.58
20120301,46.26,46.56,46.23,46.52,510200,43.04
20120229,46.54,46.68,45.82,45.90,82300,42.47
20120228,46.13,46.40,45.99,46.40,52200,42.93
20120227,45.68,46.01,45.50,45.84,174100,42.41
20120224,46.18,46.38,46.09,46.26,83900,42.80
20120223,45.73,45.98,45.50,45.96,349600,42.52
20120222,45.68,45.82,45.56,45.68,81400,42.26
20120221,46.00,46.01,45.74,45.78,93500,42.35
20120217,45.83,45.83,45.53,45.78,110300,42.35
20120216,44.94,45.60,44.85,45.50,199500,42.10
20120215,45.41,45.41,44.96,45.06,204200,41.69
20120214,45.05,45.08,44.62,44.88,80700,41.52
20120213,45.33,45.44,45.10,45.19,93200,41.81
20120210,44.77,44.81,44.55,44.69,76400,41.35
20120209,45.78,45.78,45.34,45.49,107400,42.09
20120208,45.49,45.63,45.24,45.50,120000,42.10
20120207,45.14,45.37,44.89,45.30,66600,41.91
20120206,44.91,45.13,44.87,45.10,101500,41.73
20120203,45.21,45.42,44.97,45.35,130900,41.96
20120202,44.76,44.86,44.58,44.70,225600,41.36
20120201,44.42,44.75,44.38,44.55,137600,41.22
20120131,44.08,44.26,43.60,43.90,60700,40.61
20120130,43.42,43.69,43.19,43.63,88100,40.37
20120127,43.88,44.15,43.88,44.09,45800,40.79
20120126,44.32,44.47,43.85,43.98,69600,40.69
20120125,43.27,44.04,43.15,44.02,58200,40.73
20120124,43.31,43.49,43.08,43.47,83300,40.22
20120123,43.55,43.85,43.54,43.72,108300,40.45
20120120,43.17,43.47,43.10,43.46,59400,40.21
20120119,43.00,43.25,42.90,43.25,92300,40.01
20120118,42.26,42.79,42.05,42.79,46200,39.59
20120117,42.17,42.19,41.84,41.94,121400,38.80
20120113,41.50,41.50,41.03,41.47,140600,38.37
20120112,41.80,41.91,41.55,41.87,74500,38.74
20120111,41.50,41.70,41.34,41.70,104300,38.58
20120110,41.83,41.96,41.70,41.79,55500,38.66
20120109,41.18,41.18,40.85,41.15,127300,38.07
20120106,41.26,41.26,40.82,40.90,82300,37.84
20120105,41.39,41.48,41.12,41.44,66900,38.34
20120104,41.79,41.97,41.63,41.90,290500,38.76
20120103,41.72,42.23,41.72,42.09,569200,38.94
20111230,40.76,41.03,40.56,40.90,216800,37.84
20111229,40.17,40.88,40.17,40.71,269500,37.66
20111228,40.75,40.87,40.08,40.10,306700,37.10
20111227,40.81,40.99,40.81,40.93,325900,37.87
20111223,40.84,41.04,40.77,41.02,189800,37.95
20111222,40.37,40.84,40.37,40.78,186100,37.73
20111221,40.35,40.49,40.00,40.39,368100,37.37
20111220,41.49,41.90,41.19,41.75,174600,37.43
20111219,41.06,41.14,40.28,40.47,142600,36.28
20111216,41.12,41.28,40.79,40.96,113800,36.72
20111215,41.18,41.33,40.83,40.96,204900,36.72
20111214,41.06,41.17,40.64,40.83,140400,36.61
20111213,42.07,42.43,41.00,41.18,771500,36.92
20111212,42.20,42.20,41.61,41.88,94200,37.55
20111209,42.57,43.19,42.57,43.12,59800,38.66
20111208,43.00,43.00,42.14,42.14,53100,37.78
20111207,43.12,43.84,42.98,43.67,32200,39.15
20111206,43.28,43.64,43.18,43.41,90500,38.92
20111205,43.73,43.96,43.37,43.63,58300,39.12
20111202,43.49,43.73,42.97,43.18,53400,38.71
20111201,43.20,43.59,42.94,43.08,106600,38.62
20111130,42.87,43.50,42.85,43.50,55300,39.00
20111129,41.24,41.55,41.16,41.33,54200,37.05
20111128,41.02,41.29,40.91,41.23,86000,36.97
20111125,39.34,39.98,39.22,39.44,46800,35.36
20111123,40.44,40.44,39.53,39.67,98200,35.57
20111122,41.00,41.27,40.63,40.70,136700,36.49
20111121,41.27,41.27,40.64,41.11,77000,36.86
20111118,42.53,42.53,41.93,42.03,62800,37.68
20111117,42.82,42.85,41.76,41.92,87500,37.58
20111116,42.99,43.43,42.54,42.54,45700,38.14
20111115,43.39,43.72,43.14,43.66,76500,39.14
20111114,43.69,43.87,43.31,43.53,33600,39.03
20111111,43.68,44.23,43.68,44.20,32400,39.63
20111110,43.28,43.50,42.87,43.16,51800,38.70
20111109,43.70,43.70,42.62,42.62,335000,38.21
20111108,44.70,45.03,44.23,44.98,79500,40.33
20111107,44.32,44.64,44.00,44.56,29000,39.95
20111104,44.25,44.32,43.71,44.20,170500,39.63
20111103,44.37,44.82,43.75,44.81,39800,40.17
20111102,43.53,44.07,43.42,43.79,106100,39.26
20111101,43.14,43.45,42.09,42.94,323200,38.50
20111031,45.56,45.56,44.43,44.44,58000,39.84
20111028,46.37,46.53,46.09,46.38,118200,41.58
20111027,46.63,47.20,46.17,46.75,138100,41.91
20111026,44.51,44.68,43.75,44.55,49000,39.94
20111025,44.38,44.43,43.84,43.96,51700,39.41
20111024,44.11,44.77,43.95,44.74,134300,40.11
20111021,43.48,43.83,43.46,43.83,79900,39.30
20111020,42.73,42.90,42.18,42.80,50800,38.37
20111019,43.40,43.41,42.74,42.81,50000,38.38
20111018,42.90,43.86,42.33,43.68,66200,39.16
20111017,44.08,44.08,42.78,42.79,1053700,38.36
20111014,43.93,44.20,43.63,44.07,56300,39.51
20111013,43.25,43.54,42.77,43.43,33500,38.94
20111012,43.35,44.00,43.27,43.57,87400,39.06
20111011,42.15,42.64,42.11,42.48,110000,38.09
20111010,42.18,42.76,42.01,42.68,813800,38.27
20111007,41.57,41.90,41.10,41.17,159600,36.91
20111006,40.29,41.51,40.27,41.51,86500,37.22
20111005,39.46,40.33,39.30,40.23,549000,36.07
20111004,38.75,39.55,38.02,39.55,197500,35.46
20111003,39.88,40.11,39.10,39.10,80300,35.06
20110930,40.63,40.94,40.26,40.31,66800,36.14
20110929,41.85,41.96,41.13,41.73,37000,37.41
20110928,41.91,41.95,40.82,40.88,46500,36.65
20110927,41.78,42.50,41.57,41.70,37400,37.39
20110926,40.11,40.61,39.69,40.60,102900,36.40
20110923,39.63,40.18,39.50,40.03,401700,35.89
20110922,40.12,40.15,39.25,39.70,260600,35.59
20110921,42.65,42.69,41.57,41.57,164200,37.27
20110920,42.84,43.21,42.50,42.83,31800,38.40
20110919,42.47,42.86,42.15,42.74,46200,38.32
20110916,43.75,44.00,43.50,43.73,26600,39.21
20110915,43.41,43.86,43.35,43.84,37100,39.31
20110914,42.61,43.30,42.00,43.01,77300,38.56
20110913,42.24,42.71,42.06,42.68,57700,38.27
20110912,41.88,42.27,41.42,42.27,308900,37.90
20110909,43.31,43.37,42.45,42.61,61700,38.20
20110908,44.25,44.65,43.86,44.04,21700,39.48
20110907,44.16,44.88,44.16,44.88,49400,40.24
20110906,42.93,43.54,42.71,43.43,207300,38.94
20110902,45.08,45.25,44.55,44.70,246400,40.08
20110901,46.11,46.52,45.80,45.85,81200,41.11
20110831,46.11,46.46,45.94,46.15,102500,41.38
20110830,45.10,45.67,44.85,45.54,63200,40.83
20110829,44.89,45.51,44.89,45.45,27900,40.75
20110826,43.54,44.46,43.13,44.38,53100,39.79
20110825,44.54,44.65,43.66,43.78,50400,39.25
20110824,44.35,44.69,44.12,44.68,38100,40.06
20110823,43.87,44.73,43.72,44.73,39000,40.10
20110822,44.05,44.28,43.32,43.45,62900,38.96
20110819,43.46,44.31,43.19,43.21,68500,38.74
20110818,45.00,45.00,43.08,43.91,213100,39.37
20110817,46.05,46.52,45.74,45.95,85700,41.20
20110816,45.62,46.12,45.30,45.85,135100,41.11
20110815,45.87,46.37,45.87,46.37,168100,41.57
20110812,45.34,45.90,44.85,45.29,80500,40.61
20110811,43.29,45.29,43.10,44.86,155300,40.22
20110810,44.07,44.66,43.00,43.00,162700,38.55
20110809,44.08,45.17,43.00,44.96,197200,40.31
20110808,44.05,44.51,42.48,42.68,203100,38.27
20110805,46.33,46.49,44.34,45.95,109900,41.20
20110804,47.40,47.40,45.54,45.62,177700,40.90
20110803,48.79,48.99,47.81,48.76,157600,43.72
20110802,49.44,49.80,48.67,48.70,68000,43.66
20110801,51.19,51.19,49.58,50.03,111400,44.86
20110729,50.10,50.69,49.96,50.41,23100,45.20
20110728,50.34,50.74,50.24,50.26,27200,45.06
20110727,51.27,51.27,50.34,50.53,30500,45.30
20110726,51.52,51.71,51.32,51.47,33000,46.15
20110725,51.15,51.48,51.15,51.29,22800,45.98
20110722,51.48,51.66,51.24,51.57,33500,46.24
20110721,51.00,51.57,51.00,51.48,38800,46.16
20110720,50.50,50.63,50.30,50.57,22100,45.34
20110719,49.90,50.20,49.86,50.15,38500,44.96
20110718,49.65,49.71,49.08,49.50,1997700,44.38
20110715,50.21,50.33,49.90,50.11,29400,44.93
20110714,50.52,50.52,49.84,49.92,17000,44.76
20110713,50.00,50.73,49.97,50.24,28100,45.04
20110712,49.51,50.06,49.50,49.50,45600,44.38
20110711,50.17,50.27,49.71,49.86,33500,44.70
20110708,51.21,51.37,50.97,51.23,26500,45.93
20110707,51.69,51.88,51.59,51.75,22000,46.40
20110706,51.23,51.36,51.02,51.27,37100,45.97
20110705,51.67,51.81,51.48,51.54,34800,46.21
20110701,51.14,51.86,51.01,51.82,39900,46.46
20110630,50.82,51.33,50.78,51.31,36000,46.00
20110629,50.17,50.59,50.01,50.49,18300,45.27
20110628,49.33,49.76,49.33,49.76,16000,44.61
20110627,48.79,49.26,48.67,49.18,51300,44.09
20110624,49.32,49.32,48.70,48.79,16700,43.74
20110623,48.74,49.16,48.36,49.16,25900,44.07
20110622,49.69,49.96,49.43,49.43,93800,44.32
20110621,49.52,50.17,49.52,50.11,38200,44.93
20110620,48.82,49.18,48.82,49.10,29800,44.02
20110617,49.35,49.41,49.12,49.21,23900,44.12
20110616,48.75,49.12,48.44,48.86,66900,43.81
20110615,49.66,49.79,48.99,49.15,41200,44.07
20110614,50.34,50.64,50.34,50.48,42100,45.26
20110613,49.79,50.04,49.50,49.70,49700,44.56
20110610,50.31,50.40,49.49,49.67,148600,44.53
20110609,50.37,50.89,50.27,50.82,22800,45.56
20110608,50.64,50.69,50.25,50.37,40700,45.16
20110607,51.11,51.22,50.88,50.89,23400,45.63
20110606,51.05,51.05,50.41,50.47,75700,45.25
20110603,50.68,51.44,50.63,51.11,23900,45.82
20110602,51.28,51.28,50.75,51.21,233300,45.91
20110601,51.95,51.95,50.95,50.95,36900,45.68
20110531,52.52,52.52,51.77,51.94,67800,46.57
20110527,51.09,51.34,51.07,51.18,34500,45.89
20110526,50.55,50.88,50.30,50.80,69000,45.55
20110525,49.82,50.42,49.82,50.36,59600,45.15
20110524,50.13,50.35,49.93,50.11,92000,44.93
20110523,49.68,50.10,49.47,49.85,88000,44.69
20110520,51.08,51.24,50.62,50.80,51300,45.55
20110519,51.23,51.42,50.99,51.35,27700,46.04
20110518,50.73,51.27,50.69,51.27,13700,45.97
20110517,50.39,50.75,50.10,50.74,56300,45.49
20110516,50.63,51.12,50.54,50.64,58000,45.40
20110513,51.36,51.36,50.50,50.78,32300,45.53
20110512,51.27,51.73,50.92,51.64,51300,46.30
20110511,52.09,52.09,51.20,51.45,55300,46.13
20110510,52.09,52.46,52.00,52.40,19900,46.98
20110509,51.66,52.02,51.43,51.92,37800,46.55
20110506,52.09,52.38,51.36,51.63,107000,46.29
20110505,52.00,52.00,51.24,51.43,71800,46.11
20110504,52.79,52.79,52.13,52.36,34000,46.94
20110503,53.07,53.28,52.65,52.92,44500,47.45
20110502,53.75,53.92,53.34,53.46,62500,47.93
20110429,53.32,53.68,53.31,53.55,35000,48.01
20110428,53.05,53.37,53.05,53.31,25100,47.80
20110427,52.89,53.26,52.45,53.21,24900,47.71
20110426,52.53,52.83,52.40,52.76,37900,47.30
20110425,52.52,52.52,52.18,52.35,34800,46.94
20110421,52.49,52.67,52.25,52.39,77400,46.97
20110420,52.04,52.17,51.96,52.17,34300,46.77
20110419,50.74,50.98,50.67,50.97,12700,45.70
20110418,50.91,50.91,49.91,50.51,69800,45.29
20110415,51.40,51.51,51.15,51.43,46900,46.11
20110414,51.07,51.50,51.05,51.46,42200,46.14
20110413,51.75,51.75,51.12,51.34,16500,46.03
20110412,51.43,51.43,50.91,51.13,33600,45.84
20110411,51.97,52.06,51.55,51.62,30600,46.28
20110408,52.15,52.15,51.75,51.94,24900,46.57
20110407,51.69,51.85,51.33,51.55,22000,46.22
20110406,51.76,51.86,51.64,51.81,63200,46.45
20110405,51.24,51.62,51.18,51.43,25300,46.11
20110404,51.73,51.73,51.40,51.63,111400,46.29
20110401,51.06,51.52,50.95,51.36,72200,46.05
20110331,50.79,51.03,50.79,50.91,26900,45.64
20110330,50.70,51.03,50.65,50.97,42300,45.70
20110329,50.00,50.36,49.76,50.30,40200,45.10
20110328,50.45,50.45,49.90,49.90,46300,44.74
20110325,50.27,50.49,50.09,50.13,141100,44.94
20110324,50.21,50.59,50.05,50.45,24400,45.23
20110323,49.70,49.98,49.38,49.95,41100,44.78
20110322,49.88,49.88,49.47,49.73,18700,44.59
20110321,49.60,49.90,49.56,49.85,63600,44.69
20110318,48.71,48.80,48.54,48.80,38900,43.75
20110317,47.97,48.45,47.87,48.06,43300,43.09
20110316,47.88,47.99,46.33,46.86,48400,42.01
20110315,46.91,48.33,46.19,48.20,67200,43.21
20110314,48.78,49.07,48.51,49.06,31900,43.99
20110311,50.86,50.86,49.25,49.78,54000,44.63
20110310,50.57,50.57,49.46,49.60,63600,44.47
20110309,51.10,51.10,50.68,50.86,32100,45.60
20110308,51.15,51.15,50.45,50.92,12600,45.65
20110307,51.40,51.45,50.50,50.74,461000,45.49
20110304,51.75,51.75,50.80,51.08,45200,45.80
20110303,51.15,51.45,51.09,51.42,26500,46.10
20110302,50.65,50.95,50.60,50.83,44400,45.57
20110301,51.38,51.38,50.41,50.46,26000,45.24
20110228,51.20,51.20,50.80,51.04,42800,45.76
20110225,50.28,50.58,50.16,50.58,39800,45.35
20110224,50.25,50.25,49.80,50.01,19200,44.84
20110223,50.15,50.19,49.58,49.94,39400,44.77
20110222,50.75,50.75,49.81,49.99,196900,44.82
20110218,51.35,51.35,51.08,51.27,61200,45.97
20110217,51.20,51.20,50.82,51.18,60500,45.89
20110216,50.65,50.99,50.60,50.97,33800,45.70
20110215,50.65,50.65,50.30,50.34,42100,45.13
20110214,50.95,50.95,50.22,50.50,35400,45.28
20110211,50.25,50.43,49.86,50.38,27700,45.17
20110210,50.40,50.40,49.55,50.19,65700,45.00
20110209,51.15,51.15,50.48,50.66,44800,45.42
20110208,50.95,50.97,50.59,50.97,62200,45.70
20110207,50.85,50.95,50.59,50.89,36500,45.63
20110204,55.92,55.92,50.40,50.75,59800,45.50
20110203,50.99,50.99,50.36,50.78,51100,45.53
20110202,51.00,51.00,50.54,50.69,47700,45.45
20110201,50.62,50.95,50.15,50.95,26300,45.68
20110131,49.75,50.00,49.63,49.88,46200,44.72
20110128,50.07,53.83,49.26,49.33,40800,44.23
