20140814,65.94,66.10,65.84,66.10,516500,66.10
20140813,65.64,65.88,65.51,65.85,562100,65.85
20140812,65.43,65.57,65.24,65.43,441800,65.43
20140811,65.50,65.73,65.42,65.46,1312600,65.46
20140808,64.67,65.28,64.55,65.26,344900,65.26
20140807,65.10,65.14,64.42,64.59,444800,64.59
20140806,64.53,65.02,64.52,64.85,351800,64.85
20140805,65.15,65.20,64.52,64.73,614800,64.73
20140804,65.18,65.47,64.79,65.37,999100,65.37
20140801,65.00,65.37,64.79,65.09,759600,65.09
20140731,66.12,66.14,65.20,65.21,751500,65.21
20140730,66.92,66.98,66.30,66.54,670200,66.54
20140729,67.18,67.25,66.72,66.76,401100,66.76
20140728,66.93,67.06,66.60,67.01,479500,67.01
20140725,67.04,67.09,66.81,66.93,435900,66.93
20140724,67.19,67.25,67.05,67.15,474700,67.15
20140723,67.11,67.23,66.99,67.14,336200,67.14
20140722,67.00,67.09,66.92,67.02,375300,67.02
20140721,66.80,66.87,66.53,66.81,393500,66.81
20140718,66.62,67.02,66.49,66.97,321200,66.97
20140717,67.02,67.15,66.34,66.43,532000,66.43
20140716,66.99,67.19,66.92,67.15,418100,67.15
20140715,66.91,66.95,66.51,66.74,431200,66.74
20140714,66.89,66.97,66.81,66.84,375500,66.84
20140711,66.56,66.62,66.38,66.58,327400,66.58
20140710,66.18,66.70,66.10,66.57,531700,66.57
20140709,66.74,66.80,66.52,66.73,433600,66.73
20140708,66.77,66.82,66.45,66.55,444200,66.55
20140707,66.83,66.90,66.73,66.85,450000,66.85
20140703,66.80,66.91,66.72,66.91,306100,66.91
20140702,66.68,66.68,66.51,66.61,713600,66.61
20140701,66.46,66.81,66.39,66.63,689500,66.63
20140630,66.34,66.43,66.20,66.32,530100,66.32
20140627,66.15,66.35,66.00,66.34,420300,66.34
20140626,66.31,66.38,65.80,66.26,468400,66.26
20140625,66.00,66.35,65.96,66.31,595600,66.31
20140624,66.47,66.63,66.08,66.13,883600,66.13
20140623,66.62,66.62,66.36,66.52,458300,66.52
20140620,67.07,67.13,66.96,67.06,497100,66.58
20140619,66.78,66.86,66.60,66.86,899500,66.39
20140618,66.31,66.74,66.20,66.73,547000,66.26
20140617,66.09,66.30,66.00,66.28,514800,65.81
20140616,65.94,66.29,65.86,66.17,404100,65.70
20140613,65.84,66.08,65.77,65.98,435200,65.51
20140612,66.11,66.12,65.58,65.71,475500,65.24
20140611,66.22,66.27,66.01,66.11,502100,65.64
20140610,66.27,66.40,66.20,66.40,910900,65.93
20140609,66.21,66.39,66.13,66.31,548100,65.84
20140606,66.12,66.24,66.05,66.19,560300,65.72
20140605,65.65,65.97,65.41,65.95,388600,65.48
20140604,65.35,65.54,65.33,65.52,475400,65.05
20140603,65.33,65.50,65.27,65.46,312900,65.00
20140602,65.57,65.57,65.29,65.45,492400,64.99
20140530,65.31,65.51,65.22,65.47,603200,65.01
20140529,65.16,65.32,65.01,65.32,440500,64.86
20140528,65.00,65.13,64.91,65.00,503600,64.54
20140527,64.95,65.01,64.84,64.98,1086800,64.52
20140523,64.60,64.71,64.54,64.70,353800,64.24
20140522,64.46,64.60,64.32,64.53,346000,64.07
20140521,64.14,64.42,64.10,64.42,333900,63.96
20140520,64.27,64.29,63.76,63.93,419800,63.48
20140519,64.07,64.34,64.02,64.30,348700,63.84
20140516,64.08,64.21,63.83,64.20,346100,63.74
20140515,64.41,64.46,63.82,63.97,517100,63.52
20140514,64.68,64.69,64.41,64.50,553100,64.04
20140513,64.63,64.74,64.61,64.68,474000,64.22
20140512,64.54,64.59,64.43,64.57,589800,64.11
20140509,64.20,64.23,63.96,64.21,374000,63.75
20140508,64.21,64.52,64.02,64.19,387400,63.73
20140507,63.94,64.29,63.73,64.28,644500,63.82
20140506,64.14,64.14,63.77,63.79,472200,63.34
20140505,63.99,64.27,63.79,64.25,469000,63.79
20140502,64.33,64.57,64.14,64.22,468900,63.76
20140501,64.43,64.50,64.18,64.35,388700,63.89
20140430,64.25,64.52,64.18,64.45,516000,63.99
20140429,64.43,64.47,64.25,64.33,509600,63.87
20140428,64.00,64.30,63.63,64.20,397500,63.74
20140425,63.71,63.83,63.47,63.65,419000,63.20
20140424,63.93,64.00,63.60,63.80,525100,63.35
20140423,63.66,63.70,63.53,63.53,318900,63.08
20140422,63.61,63.83,63.50,63.67,375500,63.22
20140421,63.41,63.54,63.29,63.52,579300,63.07
20140417,63.17,63.47,63.10,63.35,347400,62.90
20140416,62.97,63.18,62.79,63.18,358200,62.73
20140415,62.36,62.64,61.94,62.60,536700,62.16
20140414,62.27,62.31,61.77,62.22,384200,61.78
20140411,61.95,62.29,61.81,61.86,609800,61.42
20140410,63.32,63.33,62.19,62.26,515900,61.82
20140409,62.97,63.27,62.76,63.27,430200,62.82
20140408,62.57,62.92,62.40,62.82,422300,62.37
20140407,62.97,63.06,62.58,62.58,531300,62.14
20140404,63.88,63.91,63.00,63.07,605300,62.62
20140403,63.66,63.70,63.44,63.59,421400,63.14
20140402,63.43,63.63,63.26,63.58,334700,63.13
20140401,63.32,63.37,63.08,63.34,322400,62.89
20140331,63.09,63.22,62.98,63.12,868700,62.67
20140328,62.48,62.89,62.48,62.66,567500,62.22
20140327,62.33,62.47,62.16,62.34,515600,61.90
20140326,62.86,62.86,62.28,62.29,382800,61.85
20140325,62.41,62.61,62.25,62.56,464700,62.12
20140324,62.28,62.45,61.89,62.12,903200,61.68
20140321,62.84,63.11,62.49,62.54,482000,61.70
20140320,62.01,62.59,61.90,62.57,418900,61.73
20140319,62.67,62.67,61.74,62.11,494500,61.27
20140318,62.30,62.64,62.20,62.56,391800,61.72
20140317,61.93,62.25,61.87,62.15,752500,61.31
20140314,61.62,61.93,61.55,61.60,461300,60.77
20140313,62.38,62.43,61.56,61.70,511800,60.87
20140312,61.88,62.23,61.83,62.19,471500,61.35
20140311,62.45,62.53,62.00,62.12,325800,61.28
20140310,62.40,62.47,62.14,62.44,468500,61.60
20140307,62.62,62.62,62.24,62.49,559300,61.65
20140306,62.46,62.52,62.31,62.39,445100,61.55
20140305,62.40,62.40,62.21,62.28,372700,61.44
20140304,62.16,62.53,62.12,62.44,416900,61.60
20140303,61.53,61.72,61.22,61.58,787300,60.75
20140228,61.78,62.28,61.66,61.99,550000,61.16
20140227,61.37,61.80,61.34,61.80,403300,60.97
20140226,61.64,61.69,61.35,61.50,445600,60.67
20140225,61.57,61.80,61.39,61.50,633400,60.67
20140224,61.43,61.97,61.40,61.57,610200,60.74
20140221,61.55,61.65,61.28,61.32,380000,60.49
20140220,60.99,61.56,60.93,61.42,350400,60.59
20140219,61.25,61.63,60.94,60.97,535500,60.15
20140218,61.56,61.56,61.27,61.38,486200,60.55
20140214,61.03,61.58,60.91,61.45,601200,60.62
20140213,60.34,61.05,60.28,61.03,535700,60.21
20140212,60.86,61.02,60.60,60.73,500200,59.91
20140211,60.21,60.88,60.10,60.75,730900,59.93
20140210,60.08,60.08,59.83,60.08,909300,59.27
20140207,59.60,60.00,59.39,59.96,667100,59.15
20140206,58.86,59.32,58.80,59.28,614800,58.48
20140205,58.67,58.82,58.35,58.68,844100,57.89
20140204,58.74,58.89,58.51,58.79,1046100,58.00
20140203,59.83,59.87,58.40,58.48,1288100,57.69
20140131,59.44,60.19,59.40,59.83,771100,59.02
20140130,60.11,60.32,59.84,60.16,581400,59.35
20140129,59.88,60.10,59.61,59.79,1078600,58.98
20140128,60.06,60.33,60.02,60.27,707200,59.46
20140127,60.15,60.30,59.73,59.92,877600,59.11
20140124,60.95,61.03,60.13,60.13,775200,59.32
20140123,61.47,61.50,60.91,61.23,750800,60.41
20140122,61.86,61.86,61.64,61.77,452800,60.94
20140121,62.05,62.08,61.42,61.77,513100,60.94
20140117,61.98,61.98,61.58,61.71,462400,60.88
20140116,61.93,62.02,61.80,62.02,470500,61.18
20140115,61.84,62.13,61.80,62.00,584500,61.17
20140114,61.41,61.75,61.29,61.71,407400,60.88
20140113,61.80,61.91,61.16,61.24,559300,60.42
20140110,61.93,61.96,61.60,61.88,568400,61.05
20140109,61.91,61.91,61.45,61.70,551900,60.87
20140108,61.87,61.87,61.53,61.73,746300,60.90
20140107,61.82,62.01,61.72,61.91,694100,61.08
20140106,61.98,61.98,61.47,61.56,550400,60.73
20140103,61.86,61.91,61.61,61.73,509500,60.90
20140102,62.13,62.17,61.59,61.72,782200,60.89
20131231,62.29,62.38,62.15,62.32,457700,61.48
20131230,62.21,62.23,62.09,62.21,502200,61.37
20131227,62.27,62.30,62.11,62.21,444700,61.37
20131226,61.96,62.14,61.89,62.12,444300,61.28
20131224,61.54,61.78,61.54,61.77,203500,60.94
20131223,61.67,61.72,61.44,61.49,480400,60.66
20131220,61.18,61.51,61.12,61.40,780300,60.57
20131219,61.64,61.70,61.37,61.64,434500,60.29
20131218,60.90,61.79,60.35,61.79,556000,60.43
20131217,61.07,61.07,60.65,60.76,1069200,59.42
20131216,60.81,61.17,60.81,60.96,1086000,59.62
20131213,60.67,60.76,60.44,60.59,393500,59.26
20131212,60.82,60.91,60.45,60.61,412000,59.28
20131211,61.58,61.58,60.78,60.82,503700,59.48
20131210,61.65,61.66,61.42,61.48,434800,60.13
20131209,61.79,61.84,61.60,61.77,327700,60.41
20131206,61.39,61.61,61.29,61.60,373000,60.25
20131205,61.01,61.05,60.74,60.82,322100,59.48
20131204,61.04,61.40,60.73,61.20,569900,59.85
20131203,61.22,61.41,60.99,61.23,2909400,59.88
20131202,61.65,61.69,61.32,61.37,420800,60.02
20131129,61.76,61.91,61.53,61.61,229000,60.26
20131127,61.68,61.73,61.51,61.67,397300,60.31
20131126,61.85,61.85,61.63,61.64,505600,60.29
20131125,62.08,62.08,61.74,61.82,533500,60.46
20131122,61.75,61.95,61.53,61.92,432700,60.56
20131121,61.50,61.75,61.38,61.70,325100,60.34
20131120,61.66,61.77,61.15,61.31,359100,59.96
20131119,61.57,61.74,61.43,61.56,416000,60.21
20131118,61.91,61.91,61.54,61.64,548000,60.29
20131115,61.58,61.73,61.45,61.73,430100,60.37
20131114,61.27,61.51,61.17,61.42,396200,60.07
20131113,60.61,61.26,60.50,61.25,363100,59.90
20131112,60.93,61.07,60.72,60.91,334800,59.57
20131111,61.00,61.08,60.90,61.03,386600,59.69
20131108,60.38,61.06,60.27,61.06,399600,59.72
20131107,61.24,61.24,60.31,60.37,733000,59.04
20131106,60.88,61.07,60.70,61.06,369300,59.72
20131105,60.42,60.67,60.32,60.46,373700,59.13
20131104,60.62,60.66,60.35,60.64,320600,59.31
20131101,60.33,60.51,60.05,60.41,325200,59.08
20131031,60.35,60.59,60.14,60.22,315900,58.90
20131030,60.84,60.84,60.20,60.38,467900,59.05
20131029,60.55,60.71,60.41,60.71,380800,59.38
20131028,60.20,60.43,60.09,60.36,496400,59.03
20131025,59.98,60.18,59.89,60.18,295600,58.86
20131024,59.93,59.94,59.70,59.83,282400,58.51
20131023,59.76,59.87,59.61,59.72,536300,58.41
20131022,59.75,60.03,59.60,59.93,459100,58.61
20131021,59.60,59.60,59.38,59.53,412900,58.22
20131018,59.52,59.55,59.23,59.51,656400,58.20
20131017,58.63,59.29,58.52,59.26,569900,57.96
20131016,58.42,58.74,58.25,58.74,478200,57.45
20131015,58.33,58.47,57.93,58.02,527000,56.74
20131014,57.90,58.43,57.82,58.43,361800,57.15
20131011,57.77,58.23,57.77,58.23,535900,56.95
20131010,57.27,57.90,57.22,57.90,629500,56.63
20131009,56.78,56.93,56.52,56.74,538100,55.49
20131008,57.12,57.20,56.66,56.70,635600,55.45
20131007,57.13,57.45,57.04,57.18,658900,55.92
20131004,57.35,57.62,57.21,57.58,409900,56.31
20131003,57.61,57.61,57.03,57.29,697200,56.03
20131002,57.50,57.75,57.29,57.74,373200,56.47
20131001,57.55,57.87,57.50,57.84,338300,56.57
20130930,57.40,57.63,57.25,57.49,557900,56.23
20130927,57.83,57.91,57.65,57.80,469600,56.53
20130926,58.07,58.28,57.88,58.08,493600,56.80
20130925,58.14,58.26,57.93,57.98,325600,56.71
20130924,58.25,58.42,58.08,58.13,354300,56.85
20130923,58.37,58.45,58.13,58.31,737700,57.03
20130920,59.55,59.55,58.91,58.95,435500,57.23
20130919,59.71,59.71,59.29,59.42,671000,57.68
20130918,58.83,59.70,58.66,59.55,581600,57.81
20130917,58.75,58.87,58.60,58.83,348800,57.11
20130916,58.83,58.86,58.50,58.60,476100,56.89
20130913,57.99,58.20,57.98,58.17,560500,56.47
20130912,58.07,58.14,57.84,57.89,396800,56.20
20130911,57.86,58.09,57.77,58.09,971300,56.39
20130910,57.68,57.85,57.55,57.85,467600,56.16
20130909,57.09,57.39,57.03,57.38,347300,55.70
20130906,57.06,57.22,56.46,56.90,430800,55.24
20130905,56.91,57.04,56.84,56.89,652600,55.23
20130904,56.46,56.98,56.40,56.90,490200,55.24
20130903,56.94,57.02,56.32,56.49,611300,54.84
20130830,56.73,56.83,56.41,56.59,1222400,54.94
20130829,56.62,57.00,56.61,56.73,393000,55.07
20130828,56.52,56.88,56.46,56.69,474000,55.03
20130827,56.78,57.00,56.50,56.54,554000,54.89
20130826,57.72,57.72,57.25,57.29,443000,55.62
20130823,57.50,57.72,57.29,57.68,445900,55.99
20130822,56.97,57.31,56.88,57.22,409100,55.55
20130821,57.09,57.28,56.73,56.81,1396300,55.15
20130820,57.18,57.48,57.12,57.26,712500,55.59
20130819,57.39,57.50,57.10,57.12,418000,55.45
20130816,57.63,57.68,57.28,57.44,485100,55.76
20130815,57.99,58.07,57.63,57.70,659700,56.01
20130814,58.81,58.87,58.44,58.55,474600,56.84
20130813,58.91,58.97,58.54,58.83,444800,57.11
20130812,58.68,58.88,58.56,58.81,303000,57.09
20130809,59.01,59.14,58.67,58.90,337900,57.18
20130808,59.19,59.28,58.83,59.08,397600,57.35
20130807,58.88,59.01,58.73,58.95,355100,57.23
20130806,59.26,59.26,58.95,59.06,480600,57.33
20130805,59.38,59.40,59.20,59.29,409600,57.56
20130802,59.30,59.47,59.14,59.47,580200,57.73
20130801,59.31,59.47,59.26,59.43,483700,57.69
20130731,59.06,59.30,58.84,58.89,588100,57.17
20130730,59.15,59.21,58.79,58.93,465200,57.21
20130729,58.97,59.04,58.80,58.92,375100,57.20
20130726,58.81,59.06,58.49,59.03,423000,57.30
20130725,58.80,59.02,58.65,58.99,473500,57.27
20130724,59.38,59.38,58.76,58.90,503500,57.18
20130723,59.32,59.32,59.12,59.21,411700,57.48
20130722,59.13,59.27,59.01,59.18,503800,57.45
20130719,58.89,59.09,58.80,59.09,411100,57.36
20130718,58.80,59.15,58.76,59.02,522600,57.29
20130717,58.88,58.96,58.68,58.75,632100,57.03
20130716,58.92,58.92,58.53,58.67,655500,56.96
20130715,58.73,58.92,58.59,58.88,777000,57.16
20130712,58.63,58.70,58.45,58.65,994200,56.94
20130711,58.68,58.73,58.39,58.66,898500,56.95
20130710,57.95,58.12,57.78,57.95,779000,56.26
20130709,57.85,58.00,57.69,57.93,938400,56.24
20130708,57.45,57.64,57.33,57.52,806700,55.84
20130705,57.02,57.14,56.54,57.11,640700,55.44
20130703,56.42,56.75,56.25,56.63,453500,54.97
20130702,56.60,56.96,56.35,56.58,720900,54.93
20130701,56.75,57.06,56.55,56.65,731200,54.99
20130628,56.68,56.86,56.37,56.37,666100,54.72
20130627,56.78,57.03,56.69,56.72,866200,55.06
20130626,56.21,56.52,56.01,56.39,791600,54.74
20130625,55.78,55.97,55.38,55.81,560000,54.18
20130624,55.44,55.78,54.90,55.32,1174100,53.70
20130621,56.50,56.54,55.80,56.32,1065000,54.27
20130620,56.84,56.99,55.80,55.89,1723000,53.85
20130619,58.15,58.23,57.34,57.34,794600,55.25
20130618,57.83,58.27,57.82,58.18,679200,56.06
20130617,57.76,58.04,57.45,57.79,675400,55.68
20130614,57.58,57.79,57.26,57.36,447700,55.27
20130613,56.78,57.74,56.73,57.64,433800,55.54
20130612,57.55,57.70,56.80,56.86,522600,54.79
20130611,57.23,57.65,57.08,57.21,682800,55.12
20130610,57.89,57.89,57.55,57.71,504600,55.61
20130607,57.40,57.70,57.20,57.66,462300,55.56
20130606,56.55,57.04,56.22,57.04,965100,54.96
20130605,57.17,57.17,56.50,56.57,1296100,54.51
20130604,57.49,57.72,56.99,57.29,657500,55.20
20130603,57.01,57.47,56.88,57.45,627200,55.36
20130531,57.66,57.93,56.87,56.87,832700,54.80
20130530,57.71,58.04,57.66,57.80,529200,55.69
20130529,57.90,57.90,57.34,57.63,1062900,55.53
20130528,58.50,58.67,57.99,58.16,561700,56.04
20130524,57.68,57.91,57.52,57.91,405500,55.80
20130523,57.50,58.05,57.44,57.92,514300,55.81
20130522,58.53,59.08,57.88,58.07,895800,55.95
20130521,58.39,58.56,58.18,58.42,505900,56.29
20130520,58.32,58.52,58.23,58.32,624600,56.19
20130517,58.05,58.40,57.96,58.38,521800,56.25
20130516,58.00,58.18,57.82,57.85,1389800,55.74
20130515,57.55,58.19,57.52,58.02,576000,55.91
20130514,57.07,57.60,57.04,57.60,1037300,55.50
20130513,56.88,57.02,56.70,56.98,438900,54.90
20130510,56.90,56.96,56.63,56.96,515100,54.88
20130509,57.07,57.09,56.70,56.82,679300,54.75
20130508,56.91,57.07,56.85,57.07,618300,54.99
20130507,56.73,56.95,56.66,56.95,619200,54.87
20130506,56.67,56.70,56.53,56.59,586700,54.53
20130503,56.70,56.85,56.64,56.67,548100,54.60
20130502,56.04,56.27,55.97,56.26,548400,54.21
20130501,56.30,56.34,55.85,55.89,713600,53.85
20130430,56.35,56.46,56.12,56.46,590900,54.40
20130429,56.19,56.50,56.07,56.40,555600,54.34
20130426,55.96,56.17,55.86,56.07,299700,54.03
20130425,56.07,56.26,55.91,56.06,1228900,54.02
20130424,55.98,56.04,55.75,55.88,551700,53.84
20130423,55.65,55.96,55.34,55.95,552500,53.91
20130422,55.30,55.55,55.00,55.45,494400,53.43
20130419,54.82,55.23,54.76,55.18,401400,53.17
20130418,54.77,54.94,54.47,54.62,371000,52.63
20130417,55.11,55.11,54.50,54.76,572000,52.76
20130416,55.08,55.37,54.95,55.35,1755600,53.33
20130415,55.53,55.58,54.71,54.71,707300,52.72
20130412,55.63,55.91,55.59,55.87,569700,53.83
20130411,55.75,56.06,55.67,55.94,551400,53.90
20130410,55.37,55.83,55.32,55.78,1054500,53.75
20130409,55.05,55.35,54.87,55.15,542200,53.14
20130408,54.71,54.94,54.46,54.94,1002500,52.94
20130405,54.30,54.68,54.21,54.65,534100,52.66
20130404,54.58,54.88,54.57,54.86,604000,52.86
20130403,55.08,55.09,54.43,54.55,712800,52.56
20130402,54.91,55.12,54.86,54.98,480700,52.98
20130401,54.78,54.92,54.62,54.77,955400,52.77
20130328,54.68,54.89,54.56,54.81,952000,52.81
20130327,54.43,54.67,54.31,54.64,360100,52.65
20130326,54.42,54.67,54.39,54.65,607000,52.66
20130325,54.58,54.62,54.04,54.26,602500,52.28
20130322,54.20,54.41,54.15,54.39,401300,52.41
20130321,54.47,54.67,54.31,54.41,602700,52.08
20130320,54.70,54.82,54.60,54.74,465100,52.39
20130319,54.46,54.54,54.07,54.39,420800,52.06
20130318,54.16,54.54,54.10,54.33,584700,52.00
20130315,54.64,54.68,54.44,54.62,543000,52.28
20130314,54.66,54.81,54.62,54.81,474400,52.46
20130313,54.48,54.58,54.34,54.53,384900,52.19
20130312,54.54,54.58,54.34,54.46,513300,52.13
20130311,54.32,54.50,54.25,54.49,543800,52.16
20130308,54.38,54.47,54.14,54.35,669000,52.02
20130307,54.22,54.27,54.14,54.20,542700,51.88
20130306,54.26,54.27,54.03,54.14,636000,51.82
20130305,53.96,54.20,53.95,54.10,831600,51.78
20130304,53.30,53.69,53.24,53.66,533300,51.36
20130301,53.04,53.47,52.88,53.43,549800,51.14
20130228,53.34,53.61,53.22,53.25,449100,50.97
20130227,52.67,53.45,52.66,53.33,503500,51.05
20130226,52.67,52.79,52.39,52.71,483800,50.45
20130225,53.47,53.54,52.39,52.39,664800,50.15
20130222,53.03,53.21,52.89,53.21,570900,50.93
20130221,52.90,52.92,52.65,52.76,833200,50.50
20130220,53.38,53.43,52.96,52.98,769900,50.71
20130219,53.07,53.39,53.04,53.37,533100,51.08
20130215,52.99,53.06,52.72,52.95,487400,50.68
20130214,52.82,52.95,52.73,52.92,589700,50.65
20130213,53.01,53.03,52.79,52.93,438400,50.66
20130212,52.77,52.94,52.70,52.87,432700,50.60
20130211,52.72,52.77,52.59,52.75,448700,50.49
20130208,52.68,52.78,52.63,52.73,593100,50.47
20130207,52.65,52.66,52.26,52.58,589200,50.33
20130206,52.36,52.63,52.31,52.63,547400,50.38
20130205,52.41,52.68,52.38,52.54,733700,50.29
20130204,52.34,52.34,52.09,52.13,762600,49.90
20130201,52.46,52.64,52.34,52.62,932600,50.37
20130131,52.26,52.35,52.13,52.17,560200,49.93
20130130,52.54,52.58,52.29,52.33,526000,50.09
20130129,52.11,52.56,52.05,52.53,605000,50.28
20130128,52.24,52.28,51.96,52.14,686100,49.91
20130125,52.11,52.18,51.94,52.18,912800,49.94
20130124,51.83,52.11,51.82,51.89,684000,49.67
20130123,51.73,51.73,51.55,51.71,557800,49.49
20130122,51.48,51.74,51.41,51.72,817400,49.50
20130118,51.38,51.56,51.23,51.52,606800,49.31
20130117,51.17,51.47,51.08,51.35,485900,49.15
20130116,50.89,50.98,50.83,50.91,430800,48.73
20130115,50.78,51.06,50.77,51.03,462600,48.84
20130114,50.87,50.98,50.81,50.96,633900,48.78
20130111,50.86,50.93,50.71,50.87,1313500,48.69
20130110,50.68,50.85,50.54,50.85,509300,48.67
20130109,50.47,50.55,50.37,50.49,728300,48.33
20130108,50.43,50.43,50.20,50.30,513800,48.14
20130107,50.53,50.58,50.34,50.49,741400,48.33
20130104,50.60,50.73,50.45,50.66,492800,48.49
20130103,50.60,50.60,50.33,50.47,666400,48.31
20130102,50.46,50.56,50.06,50.56,737300,48.39
20121231,48.50,49.38,48.50,49.38,1062000,47.26
20121228,48.90,49.12,48.61,48.63,994000,46.55
20121227,49.29,49.38,48.71,49.22,1267600,47.11
20121226,49.50,49.55,49.17,49.28,1401200,47.17
20121224,49.50,49.50,49.38,49.48,337200,47.36
20121221,49.61,49.81,49.39,49.67,1143500,47.54
20121220,49.88,50.10,49.74,50.07,1014800,47.92
20121219,50.70,50.80,50.31,50.32,932400,47.69
20121218,50.40,50.75,50.25,50.72,512400,48.07
20121217,50.07,50.36,50.03,50.34,511900,47.71
20121214,49.99,50.07,49.86,49.94,2260700,47.33
20121213,50.31,50.37,49.95,50.05,583100,47.44
20121212,50.47,50.66,50.26,50.31,428000,47.68
20121211,50.14,50.50,50.14,50.27,420300,47.65
20121210,49.96,50.12,49.94,50.04,331400,47.43
20121207,49.86,49.99,49.69,49.99,320600,47.38
20121206,49.69,49.78,49.60,49.73,336400,47.13
20121205,49.44,49.86,49.26,49.66,674200,47.07
20121204,49.49,49.65,49.35,49.42,350300,46.84
20121203,49.91,49.93,49.41,49.47,972700,46.89
20121130,49.71,49.83,49.56,49.73,1022900,47.13
20121129,49.64,49.80,49.43,49.64,305400,47.05
20121128,48.95,49.52,48.67,49.51,406600,46.93
20121127,49.29,49.43,49.06,49.10,527200,46.54
20121126,49.20,49.32,49.09,49.32,374600,46.75
20121123,49.01,49.45,49.01,49.45,176700,46.87
20121121,48.77,48.84,48.65,48.84,332800,46.29
20121120,48.60,48.77,48.35,48.69,574900,46.15
20121119,48.30,48.64,48.27,48.63,410600,46.09
20121116,47.72,47.97,47.36,47.90,486300,45.40
20121115,47.72,47.88,47.49,47.69,727200,45.20
20121114,48.56,48.61,47.70,47.82,1472000,45.32
20121113,48.35,48.92,48.34,48.48,419200,45.95
20121112,48.76,48.83,48.57,48.62,335200,46.08
20121109,48.51,49.06,48.34,48.70,504600,46.16
20121108,49.16,49.40,48.72,48.72,522000,46.18
20121107,49.83,49.90,48.92,49.21,884900,46.64
20121106,49.99,50.46,49.98,50.26,779600,47.64
20121105,49.69,49.93,49.57,49.86,423100,47.26
20121102,50.48,50.57,49.80,49.87,706600,47.27
20121101,50.01,50.38,50.00,50.30,392800,47.67
20121031,50.15,50.18,49.67,49.90,518000,47.30
20121026,49.86,50.01,49.62,49.85,316300,47.25
20121025,50.03,50.14,49.63,49.89,344500,47.29
20121024,49.87,49.95,49.60,49.69,466100,47.10
20121023,49.96,50.05,49.54,49.78,645100,47.18
20121022,50.50,50.53,50.06,50.44,419100,47.81
20121019,51.21,51.33,50.43,50.54,382000,47.90
20121018,51.18,51.40,51.15,51.32,671500,48.64
20121017,51.07,51.31,51.00,51.29,661000,48.61
20121016,50.85,51.00,50.79,50.97,388500,48.31
20121015,50.20,50.62,50.16,50.59,604400,47.95
20121012,50.40,50.52,50.08,50.18,285700,47.56
20121011,50.69,50.69,50.34,50.35,417100,47.72
20121010,50.70,50.74,50.28,50.32,679000,47.69
20121009,51.11,51.18,50.72,50.75,448200,48.10
20121008,51.10,51.21,51.01,51.18,334200,48.51
20121005,51.38,51.47,51.10,51.26,488700,48.58
20121004,50.94,51.16,50.90,51.12,342300,48.45
20121003,50.70,50.89,50.50,50.73,309400,48.08
20121002,50.75,50.80,50.40,50.60,428700,47.96
20121001,50.56,50.85,50.46,50.54,483700,47.90
20120928,50.42,50.52,50.20,50.40,434800,47.77
20120927,50.49,50.67,50.29,50.56,292400,47.92
20120926,50.45,50.54,50.27,50.30,395600,47.67
20120925,50.91,51.04,50.45,50.48,334600,47.84
20120924,50.60,50.93,50.60,50.81,365500,48.16
20120921,51.41,51.41,51.13,51.15,378500,48.10
20120920,50.84,51.19,50.80,51.18,260100,48.13
20120919,51.03,51.16,50.89,50.99,522600,47.95
20120918,50.87,51.02,50.81,50.97,248600,47.93
20120917,50.89,51.05,50.82,50.92,339100,47.88
20120914,51.12,51.31,50.89,51.07,539800,48.02
20120913,50.32,51.17,50.27,51.08,529600,48.03
20120912,50.45,50.45,50.25,50.34,405500,47.34
20120911,50.27,50.44,50.24,50.29,359300,47.29
20120910,50.31,50.39,50.16,50.19,257300,47.20
20120907,50.39,50.43,50.24,50.36,353400,47.36
20120906,49.69,50.33,49.69,50.33,446700,47.33
20120905,49.54,49.62,49.36,49.44,389900,46.49
20120904,49.46,49.59,49.18,49.47,360300,46.52
20120831,49.59,49.75,49.34,49.53,228600,46.57
20120830,49.44,49.46,49.22,49.34,292400,46.40
20120829,49.66,49.77,49.52,49.63,302600,46.67
20120828,49.51,49.73,49.48,49.61,616400,46.65
20120827,49.70,49.75,49.54,49.60,307200,46.64
20120824,49.19,49.67,49.17,49.60,269100,46.64
20120823,49.53,49.57,49.20,49.27,328600,46.33
20120822,49.56,49.72,49.46,49.64,345900,46.68
20120821,49.98,50.15,49.66,49.76,499600,46.79
20120820,49.94,49.95,49.78,49.94,293000,46.96
20120817,50.02,50.08,49.88,49.98,368500,47.00
20120816,49.81,50.05,49.66,49.99,756000,47.01
20120815,49.72,49.88,49.70,49.78,278200,46.81
20120814,49.90,49.94,49.66,49.80,272400,46.83
20120813,49.77,49.77,49.53,49.73,320000,46.76
20120810,49.57,49.84,49.44,49.84,316700,46.87
20120809,49.66,49.78,49.56,49.69,224200,46.72
20120808,49.50,49.72,49.45,49.70,256900,46.73
20120807,49.72,49.79,49.57,49.57,342000,46.61
20120806,49.63,49.75,49.51,49.51,371200,46.56
20120803,49.40,49.58,49.27,49.46,219100,46.51
20120802,48.74,48.91,48.34,48.69,477000,45.78
20120801,49.45,49.46,49.00,49.09,683000,46.16
20120731,49.26,49.44,49.15,49.15,378800,46.22
20120730,49.27,49.48,49.17,49.33,348900,46.39
20120727,48.75,49.42,48.70,49.27,407900,46.33
20120726,48.37,48.60,48.30,48.53,267900,45.63
20120725,47.84,47.93,47.58,47.74,248900,44.89
20120724,48.08,48.11,47.32,47.65,495500,44.81
20120723,47.92,48.15,47.73,48.08,386900,45.21
20120720,48.59,48.65,48.44,48.54,250900,45.64
20120719,48.92,49.11,48.64,48.84,700800,45.93
20120718,48.39,48.84,48.30,48.82,360900,45.91
20120717,48.30,48.56,47.86,48.50,290300,45.61
20120716,48.17,48.22,47.95,48.14,379700,45.27
20120713,47.60,48.26,47.60,48.25,309600,45.37
20120712,47.40,47.68,47.29,47.53,278900,44.69
20120711,47.70,47.80,47.43,47.65,369700,44.81
20120710,48.13,48.14,47.51,47.66,237700,44.82
20120709,47.94,47.94,47.65,47.87,647100,45.01
20120706,47.91,47.98,47.75,47.91,1246400,45.05
20120705,48.42,48.44,48.10,48.28,449500,45.40
20120703,48.27,48.50,48.21,48.48,235400,45.59
20120702,48.21,48.27,47.94,48.26,532500,45.38
20120629,47.86,48.15,47.75,48.12,822900,45.25
20120628,46.86,47.17,46.58,47.14,706300,44.33
20120627,46.87,47.18,46.81,47.08,456100,44.27
20120626,46.66,46.83,46.38,46.69,248300,43.90
20120625,46.63,46.63,46.29,46.48,428600,43.71
20120622,47.33,47.54,47.26,47.46,258200,44.28
20120621,48.12,48.15,47.11,47.15,403500,43.99
20120620,48.07,48.16,47.69,48.01,352700,44.79
20120619,47.95,48.25,47.81,48.07,406900,44.85
20120618,47.56,47.81,47.46,47.70,487700,44.50
20120615,47.55,47.73,47.41,47.68,370100,44.49
20120614,46.88,47.47,46.80,47.29,272400,44.12
20120613,46.83,47.10,46.60,46.73,562600,43.60
20120612,46.55,46.92,46.38,46.88,360800,43.74
20120611,47.21,47.21,46.39,46.41,503500,43.30
20120608,46.45,46.85,46.33,46.83,274500,43.69
20120607,46.81,46.83,46.42,46.49,394100,43.38
20120606,45.72,46.34,45.66,46.34,741300,43.24
20120605,45.15,45.45,45.09,45.39,413800,42.35
20120604,45.37,45.40,45.00,45.25,429300,42.22
20120601,45.64,45.77,45.27,45.30,965700,42.26
20120531,46.26,46.52,45.90,46.20,520900,43.10
20120530,46.48,46.50,46.16,46.23,277500,43.13
20120529,46.74,46.86,46.53,46.81,672600,43.67
20120525,46.57,46.68,46.31,46.43,285900,43.32
20120524,46.42,46.58,46.18,46.54,264000,43.42
20120523,46.17,46.33,45.67,46.29,1074800,43.19
20120522,46.41,46.63,46.17,46.39,451500,43.28
20120521,46.04,46.33,45.92,46.31,329200,43.21
20120518,46.36,46.37,45.85,45.92,454000,42.84
20120517,46.72,46.75,46.20,46.20,519200,43.10
20120516,46.86,47.08,46.64,46.64,1623400,43.52
20120515,46.87,47.12,46.62,46.73,325800,43.60
20120514,46.99,47.19,46.78,46.94,328500,43.79
20120511,47.26,47.72,47.25,47.35,350300,44.18
20120510,47.60,47.69,47.40,47.48,368000,44.30
20120509,47.15,47.47,46.93,47.24,441200,44.07
20120508,47.51,47.62,47.20,47.58,547300,44.39
20120507,47.52,47.84,47.50,47.71,383900,44.51
20120504,48.13,48.19,47.70,47.75,470400,44.55
20120503,48.58,48.58,48.22,48.31,258400,45.07
20120502,48.47,48.58,48.34,48.55,277500,45.30
20120501,48.48,48.98,48.40,48.68,586500,45.42
20120430,48.50,48.53,48.35,48.46,300500,45.21
20120427,48.64,48.66,48.42,48.55,362700,45.30
20120426,48.11,48.57,48.07,48.53,315700,45.28
20120425,48.15,48.24,48.03,48.20,457900,44.97
20120424,47.63,47.91,47.62,47.81,230600,44.61
20120423,47.53,47.56,47.32,47.54,910000,44.35
20120420,47.81,48.12,47.81,47.94,313900,44.73
20120419,47.84,47.91,47.39,47.60,381100,44.41
20120418,47.77,47.91,47.71,47.79,318200,44.59
20120417,47.65,48.03,47.56,47.98,294800,44.77
20120416,47.33,47.53,47.17,47.37,267200,44.20
20120413,47.49,47.49,47.12,47.14,331400,43.98
20120412,47.16,47.59,47.10,47.57,306700,44.38
20120411,47.14,47.25,47.01,47.10,376800,43.94
20120410,47.44,47.46,46.75,46.78,828700,43.65
20120409,47.54,47.68,47.41,47.53,491600,44.35
20120405,47.99,48.14,47.88,48.03,361700,44.81
20120404,48.25,48.25,48.01,48.15,2033200,44.92
20120403,48.67,48.70,48.18,48.49,506400,45.24
20120402,48.45,48.86,48.39,48.75,454200,45.48
20120330,48.50,48.54,48.27,48.47,492500,45.22
20120329,47.93,48.26,47.75,48.22,1248700,44.99
20120328,48.49,48.49,48.00,48.27,297400,45.04
20120327,48.69,48.70,48.48,48.49,455200,45.24
20120326,48.32,48.60,48.29,48.60,378400,45.34
20120323,48.22,48.35,48.01,48.34,252800,44.80
20120322,48.21,48.26,48.06,48.21,782900,44.67
20120321,48.58,48.58,48.36,48.46,352600,44.91
20120320,48.42,48.60,48.31,48.54,446900,44.98
20120319,48.53,48.79,48.51,48.67,470700,45.10
20120316,48.72,48.74,48.53,48.59,922400,45.03
20120315,48.43,48.64,48.33,48.63,352800,45.06
20120314,48.54,48.60,48.30,48.42,433700,44.87
20120313,48.09,48.56,47.97,48.56,420000,45.00
20120312,47.72,47.88,47.68,47.86,389100,44.35
20120309,47.64,47.77,47.54,47.68,311300,44.18
20120308,47.44,47.62,47.37,47.53,477100,44.04
20120307,47.17,47.30,46.95,47.25,323000,43.79
20120306,47.17,47.23,46.89,46.98,417900,43.53
20120305,47.53,47.61,47.32,47.56,333400,44.07
20120302,47.65,47.69,47.47,47.59,355000,44.10
20120301,47.52,47.76,47.51,47.67,358100,44.17
20120229,47.74,47.82,47.41,47.51,427100,44.03
20120228,47.59,47.68,47.44,47.66,420600,44.17
20120227,47.27,47.65,47.16,47.54,348300,44.05
20120224,47.51,47.58,47.40,47.48,408100,44.00
20120223,47.25,47.43,47.09,47.40,361000,43.92
20120222,47.38,47.41,47.16,47.25,383500,43.79
20120221,47.56,47.57,47.30,47.42,676700,43.94
20120217,47.40,47.46,47.30,47.43,404100,43.95
20120216,46.74,47.29,46.74,47.25,559000,43.79
20120215,47.10,47.10,46.64,46.75,493500,43.32
20120214,46.95,46.97,46.64,46.97,468700,43.53
20120213,47.06,47.07,46.85,47.02,414800,43.57
20120210,46.78,46.81,46.57,46.74,548900,43.31
20120209,47.14,47.17,46.87,47.06,516400,43.61
20120208,47.08,47.11,46.82,47.08,500700,43.63
20120207,46.79,47.09,46.65,47.02,434400,43.57
20120206,46.75,46.91,46.71,46.90,521200,43.46
20120203,46.81,46.95,46.75,46.93,695200,43.49
20120202,46.50,46.58,46.35,46.45,488900,43.04
20120201,46.38,46.65,46.38,46.43,619500,43.03
20120131,46.36,46.37,45.86,46.06,1184200,42.68
20120130,45.98,46.15,45.75,46.15,434300,42.77
20120127,46.39,46.43,46.15,46.32,428000,42.92
20120126,46.92,46.93,46.40,46.54,716100,43.13
20120125,46.28,46.77,46.07,46.66,728600,43.24
20120124,46.33,46.38,46.18,46.38,380800,42.98
20120123,46.58,46.70,46.35,46.51,741700,43.10
20120120,46.41,46.59,46.31,46.59,468300,43.17
20120119,46.26,46.38,46.12,46.37,728900,42.97
20120118,45.94,46.27,45.84,46.24,622300,42.85
20120117,46.19,46.25,45.83,45.93,864200,42.56
20120113,45.76,45.88,45.42,45.88,555600,42.52
20120112,46.04,46.04,45.72,45.98,482700,42.61
20120111,45.82,45.93,45.68,45.90,491800,42.53
20120110,46.09,46.09,45.87,45.93,443800,42.56
20120109,45.68,45.68,45.41,45.63,682000,42.28
20120106,45.78,45.80,45.41,45.58,735800,42.24
20120105,45.53,45.73,45.23,45.68,546100,42.33
20120104,45.66,45.72,45.45,45.68,605200,42.33
20120103,45.89,45.95,45.65,45.68,1015000,42.33
20111230,45.42,45.49,45.25,45.26,435300,41.94
20111229,45.13,45.49,45.02,45.46,714400,42.13
20111228,45.47,45.49,44.92,44.95,624000,41.65
20111227,45.35,45.55,45.32,45.45,732500,42.12
20111223,45.18,45.41,45.04,45.41,630900,42.08
20111222,44.85,45.01,44.72,44.94,1003500,41.64
20111221,44.40,44.74,44.26,44.73,1071800,41.45
20111220,44.22,44.79,44.22,44.77,451700,41.14
20111219,44.18,44.26,43.52,43.64,596900,40.10
20111216,44.19,44.33,43.89,44.05,293600,40.48
20111215,44.02,44.19,43.83,43.96,661900,40.40
20111214,43.88,43.98,43.52,43.63,375100,40.09
20111213,44.36,44.54,43.75,43.94,284400,40.38
20111212,44.32,44.32,43.75,44.07,330000,40.50
20111209,43.98,44.64,43.98,44.55,340400,40.94
20111208,44.50,44.50,43.78,43.92,366800,40.36
20111207,44.44,44.83,44.15,44.61,254100,40.99
20111206,44.39,44.77,44.27,44.51,359300,40.90
20111205,44.66,44.66,44.10,44.35,290100,40.75
20111202,44.51,44.51,43.98,44.03,375200,40.46
20111201,44.22,44.35,44.01,44.11,377400,40.53
20111130,43.73,44.24,43.66,44.23,320800,40.64
20111129,42.49,42.86,42.43,42.67,267300,39.21
20111128,42.35,42.50,42.10,42.38,322000,38.94
20111125,41.41,41.76,41.38,41.38,398500,38.02
20111123,41.94,41.94,41.40,41.45,423600,38.09
20111122,42.35,42.50,42.05,42.22,528800,38.80
20111121,42.68,42.68,42.12,42.42,560500,38.98
20111118,43.30,43.33,42.95,43.11,452700,39.61
20111117,43.50,43.63,42.80,43.10,598900,39.60
20111116,43.80,44.23,43.47,43.54,534700,40.01
20111115,43.98,44.35,43.77,44.14,387300,40.56
20111114,44.30,44.30,43.83,44.00,434300,40.43
20111111,44.21,44.48,44.13,44.38,254000,40.78
20111110,43.74,43.83,43.25,43.67,628600,40.13
20111109,43.60,43.82,43.04,43.20,475300,39.70
20111108,44.28,44.55,43.86,44.52,628400,40.91
20111107,43.73,44.07,43.37,44.07,629700,40.50
20111104,43.70,43.75,43.27,43.73,510000,40.18
20111103,43.71,44.03,43.31,43.97,438200,40.40
20111102,43.28,43.40,42.95,43.29,692600,39.78
20111101,42.76,43.20,42.55,42.72,1201600,39.26
20111031,44.15,44.26,43.67,43.68,650900,40.14
20111028,44.51,44.62,44.42,44.60,448600,40.98
20111027,44.59,44.95,44.20,44.73,956600,41.10
20111026,43.64,43.73,43.03,43.65,378300,40.11
20111025,43.75,43.75,43.08,43.20,402100,39.70
20111024,43.74,43.94,43.65,43.88,514600,40.32
20111021,43.35,43.67,43.29,43.67,447200,40.13
20111020,42.82,43.04,42.44,42.94,375800,39.46
20111019,43.02,43.26,42.62,42.73,288300,39.26
20111018,42.18,43.26,42.01,42.97,591500,39.49
20111017,42.78,42.79,42.18,42.27,357300,38.84
20111014,42.87,42.89,42.55,42.89,250600,39.41
20111013,42.28,42.48,42.00,42.39,216800,38.95
20111012,42.44,42.77,42.24,42.43,915600,38.99
20111011,42.00,42.19,41.88,42.08,266300,38.67
20111010,41.79,42.22,41.69,42.17,502900,38.75
20111007,41.36,41.50,40.92,41.07,533700,37.74
20111006,40.63,41.12,40.31,41.05,442500,37.72
20111005,40.26,40.66,39.87,40.64,315100,37.34
20111004,39.00,40.17,38.62,40.07,581700,36.82
20111003,40.24,40.64,39.43,39.43,418300,36.23
20110930,40.62,41.09,40.37,40.42,273700,37.14
20110929,41.21,41.42,40.50,41.08,293500,37.75
20110928,41.37,41.55,40.50,40.56,326700,37.27
20110927,41.52,41.80,41.00,41.27,341100,37.92
20110926,40.35,40.77,39.82,40.72,437200,37.42
20110923,39.70,40.10,39.46,39.94,410400,36.70
20110922,40.24,40.34,39.57,40.06,724900,36.53
20110921,42.35,42.35,41.11,41.11,342900,37.49
20110920,42.48,42.80,42.17,42.29,300200,38.56
20110919,42.02,42.38,41.75,42.17,266100,38.45
20110916,42.45,42.67,42.00,42.61,268000,38.85
20110915,42.18,42.34,41.80,42.30,264500,38.57
20110914,41.46,42.17,40.90,41.72,402300,38.04
20110913,41.05,41.26,40.70,41.19,291500,37.56
20110912,40.28,40.87,40.07,40.87,335300,37.27
20110909,41.33,41.33,40.47,40.68,366400,37.09
20110908,41.78,42.21,41.60,41.66,170200,37.99
20110907,41.63,41.99,41.42,41.99,277900,38.29
20110906,40.29,41.10,40.27,41.08,501200,37.46
20110902,41.61,41.72,41.26,41.36,325900,37.71
20110901,42.65,42.89,42.18,42.21,264500,38.49
20110831,42.71,42.88,42.28,42.52,802200,38.77
20110830,42.11,42.62,41.86,42.40,406600,38.66
20110829,41.81,42.28,41.78,42.27,442000,38.54
20110826,40.71,41.45,39.99,41.29,258000,37.65
20110825,41.78,41.83,40.70,40.84,424400,37.24
20110824,41.06,41.62,40.90,41.61,331900,37.94
20110823,40.13,41.09,40.03,41.05,382700,37.43
20110822,40.69,40.69,39.83,39.89,571700,36.37
20110819,39.82,40.69,39.81,39.90,422000,36.38
20110818,40.75,40.85,39.91,40.25,693200,36.70
20110817,41.74,42.01,41.33,41.61,374700,37.94
20110816,41.37,41.70,41.07,41.47,498200,37.82
20110815,41.20,41.66,41.15,41.66,581800,37.99
20110812,40.97,41.15,40.55,40.82,441700,37.22
20110811,39.31,41.01,39.18,40.49,529000,36.92
20110810,40.08,40.21,38.90,39.02,1058700,35.58
20110809,39.73,40.61,38.28,40.61,1098500,37.03
20110808,40.47,40.93,39.12,39.19,998100,35.74
20110805,41.73,41.77,40.28,41.39,1061700,37.74
20110804,42.48,42.48,41.10,41.17,810700,37.54
20110803,42.76,42.89,42.15,42.87,564200,39.09
20110802,43.38,43.46,42.71,42.73,508700,38.96
20110801,44.34,44.37,43.21,43.63,553500,39.78
20110729,43.74,44.09,43.55,43.76,498400,39.90
20110728,44.22,44.55,44.03,44.09,212400,40.20
20110727,44.77,44.80,44.29,44.36,176300,40.45
20110726,45.25,45.26,44.93,45.02,105400,41.05
20110725,45.17,45.47,45.05,45.28,189600,41.29
20110722,45.66,45.66,45.31,45.53,151200,41.52
20110721,45.29,45.73,45.21,45.62,120500,41.60
20110720,45.22,45.22,45.00,45.10,163800,41.13
20110719,44.81,45.21,44.79,45.13,152500,41.15
20110718,44.85,44.85,44.35,44.59,171000,40.66
20110715,45.07,45.07,44.71,44.99,149800,41.02
20110714,45.20,45.37,44.81,44.88,134800,40.92
20110713,45.23,45.47,44.99,45.09,110300,41.12
20110712,45.04,45.39,45.00,45.00,174700,41.03
20110711,45.32,45.32,45.03,45.15,141900,41.17
20110708,45.59,45.70,45.40,45.69,284400,41.66
20110707,45.95,46.05,45.80,45.95,372100,41.90
20110706,45.44,45.67,45.36,45.58,360400,41.56
20110705,45.53,45.54,45.33,45.45,361500,41.44
20110701,44.98,45.58,44.93,45.54,376700,41.53
20110630,44.77,45.04,44.66,44.99,203800,41.02
20110629,44.53,44.63,44.33,44.58,204900,40.65
20110628,44.03,44.34,43.91,44.32,122900,40.41
20110627,43.60,44.00,43.54,43.84,150600,39.98
20110624,43.97,43.98,43.48,43.52,172600,39.68
20110623,44.11,44.28,43.66,44.27,353100,40.06
20110622,44.64,44.82,44.46,44.47,227100,40.24
20110621,44.56,44.83,44.51,44.75,178800,40.50
20110620,43.98,44.48,43.96,44.41,181300,40.19
20110617,44.36,44.37,44.00,44.09,118500,39.90
20110616,43.75,44.09,43.68,43.96,116600,39.78
20110615,44.11,44.19,43.60,43.73,225200,39.57
20110614,44.29,44.54,44.19,44.38,232100,40.16
20110613,43.89,44.07,43.75,43.88,156200,39.71
20110610,44.21,44.21,43.71,43.73,190400,39.57
20110609,44.24,44.52,44.11,44.35,120200,40.14
20110608,44.12,44.26,44.02,44.12,105400,39.93
20110607,44.36,44.47,44.15,44.15,121700,39.95
20110606,44.29,44.36,44.09,44.12,138200,39.93
20110603,44.36,44.65,44.28,44.44,158800,40.22
20110602,45.08,45.08,44.64,44.85,176400,40.59
20110601,45.78,45.81,45.01,45.07,160300,40.79
20110531,45.86,45.88,45.57,45.84,161900,41.48
20110527,45.44,45.55,45.34,45.42,90500,41.10
20110526,45.12,45.42,44.95,45.31,208300,41.00
20110525,45.00,45.33,44.94,45.20,156600,40.90
20110524,45.35,45.37,45.12,45.12,163000,40.83
20110523,45.19,45.33,45.04,45.21,603900,40.91
20110520,45.89,45.94,45.55,45.67,93600,41.33
20110519,45.99,46.03,45.72,45.98,161800,41.61
20110518,45.56,45.86,45.39,45.85,104700,41.49
20110517,45.40,45.56,45.20,45.47,182900,41.15
20110516,45.56,45.82,45.44,45.53,125000,41.20
20110513,46.00,46.01,45.50,45.67,133300,41.33
20110512,45.51,45.99,45.39,45.94,84700,41.57
20110511,45.96,45.96,45.44,45.63,121600,41.29
20110510,45.76,46.02,45.71,45.93,110600,41.56
20110509,45.53,45.74,45.35,45.64,93000,41.30
20110506,45.72,45.88,45.31,45.45,227700,41.13
20110505,45.60,45.67,45.09,45.29,104400,40.99
20110504,45.94,45.96,45.63,45.78,113000,41.43
20110503,46.04,46.07,45.76,45.99,171900,41.62
20110502,46.36,46.36,46.00,46.10,122000,41.72
20110429,46.12,46.15,46.00,46.11,167000,41.73
20110428,45.85,46.10,45.78,46.06,127600,41.68
20110427,45.65,45.91,45.51,45.85,99400,41.49
20110426,45.24,45.60,45.13,45.56,117100,41.23
20110425,45.08,45.11,44.88,45.05,134600,40.77
20110421,45.23,45.23,44.97,45.08,178400,40.80
20110420,44.97,45.11,44.96,45.02,100700,40.74
20110419,44.24,44.40,44.19,44.38,90500,40.16
20110418,44.28,44.30,43.93,44.19,203900,39.99
20110415,44.47,44.75,44.42,44.69,73200,40.44
20110414,44.07,44.46,43.96,44.41,99300,40.19
20110413,44.47,44.48,44.15,44.28,102700,40.07
20110412,44.44,44.46,44.16,44.28,157500,40.07
20110411,44.69,44.90,44.56,44.66,95100,40.42
20110408,44.99,44.99,44.50,44.68,137500,40.43
20110407,44.81,44.86,44.54,44.79,121300,40.53
20110406,44.91,44.92,44.76,44.88,77900,40.61
20110405,44.63,44.91,44.57,44.71,188600,40.46
20110404,44.70,44.70,44.56,44.66,191900,40.42
20110401,44.63,44.66,44.45,44.56,114100,40.33
20110331,44.44,44.51,44.33,44.33,245200,40.12
20110330,44.30,44.51,44.23,44.40,105600,40.18
20110329,43.77,44.07,43.65,44.05,77100,39.86
20110328,43.99,44.07,43.81,43.81,180000,39.65
20110325,43.86,44.01,43.76,43.87,121000,39.70
20110324,43.92,44.11,43.76,44.01,124500,39.55
20110323,43.54,43.77,43.33,43.69,171500,39.26
20110322,43.72,43.78,43.59,43.60,96300,39.18
20110321,43.62,43.78,43.50,43.69,141200,39.26
20110318,43.28,43.33,42.92,43.02,238900,38.66
20110317,42.92,42.97,42.60,42.79,155100,38.45
20110316,42.96,43.00,42.08,42.31,271800,38.02
20110315,42.50,43.27,42.50,43.07,261000,38.70
20110314,43.57,43.66,43.28,43.58,114600,39.16
20110311,43.42,43.94,43.42,43.81,165900,39.37
20110310,44.03,44.03,43.56,43.62,185000,39.20
20110309,44.23,44.39,44.05,44.33,91200,39.83
20110308,44.09,44.39,43.89,44.30,122400,39.81
20110307,44.60,44.60,43.81,43.93,140400,39.48
20110304,44.52,44.55,43.94,44.20,125100,39.72
20110303,44.27,44.54,44.20,44.48,168500,39.97
20110302,43.78,43.99,43.68,43.89,109600,39.44
20110301,44.53,44.54,43.77,43.81,185000,39.37
20110228,44.20,44.38,44.13,44.33,166400,39.83
20110225,43.96,44.05,43.83,44.01,105000,39.55
20110224,43.85,43.90,43.44,43.77,180900,39.33
20110223,43.96,44.11,43.69,43.84,149100,39.39
20110222,44.17,44.46,43.86,44.01,524300,39.55
20110218,44.45,44.55,44.34,44.55,186000,40.03
20110217,44.03,44.41,43.98,44.40,120200,39.90
20110216,44.08,44.15,43.95,44.14,130800,39.66
20110215,43.95,43.95,43.78,43.93,108400,39.48
20110214,43.98,44.07,43.85,44.05,136000,39.58
20110211,43.69,44.03,43.62,43.96,148400,39.50
20110210,43.64,43.85,43.55,43.81,106600,39.37
20110209,43.85,43.87,43.70,43.83,276600,39.39
20110208,43.66,43.91,43.66,43.90,107600,39.45
20110207,43.69,43.80,43.59,43.75,222800,39.31
20110204,43.52,43.56,43.30,43.55,101800,39.13
20110203,43.34,43.52,43.15,43.46,152200,39.05
20110202,43.30,43.47,43.30,43.39,128600,38.99
20110201,43.03,43.50,43.03,43.46,121300,39.05
20110131,42.84,43.50,42.65,42.83,168500,38.49
20110128,43.26,43.38,42.60,42.67,202600,38.34
20110127,43.27,43.37,43.16,43.29,297300,38.90
20110126,43.32,43.38,43.22,43.27,265100,38.88
20110125,43.04,43.18,42.91,43.15,130400,38.77
20110124,42.91,43.14,42.88,43.11,111700,38.74
20110121,42.97,42.97,42.82,42.87,150600,38.52
20110120,42.65,42.78,42.49,42.69,222000,38.36
20110119,42.91,42.91,42.58,42.66,152300,38.33
20110118,42.87,42.93,42.78,42.91,200400,38.56
20110114,42.51,42.79,42.51,42.78,117900,38.44
20110113,42.72,42.72,42.53,42.61,123300,38.29
20110112,42.64,42.76,42.52,42.70,135900,38.37
20110111,42.44,42.46,42.25,42.37,163100,38.07
20110110,42.34,42.34,42.06,42.29,149600,38.00
20110107,42.58,42.58,42.18,42.44,145800,38.14
20110106,42.58,42.58,42.33,42.49,217500,38.18
20110105,42.42,42.60,42.34,42.55,616200,38.23
20110104,42.63,42.63,42.33,42.50,269500,38.19
20110103,42.55,42.63,42.44,42.48,237000,38.17
20101231,42.19,42.32,42.13,42.22,118000,37.94
20101230,42.30,42.31,42.18,42.22,144200,37.94
20101229,42.36,42.39,42.27,42.28,167400,37.99
20101228,42.31,42.31,42.12,42.25,142800,37.97
20101227,42.18,42.23,42.06,42.18,114600,37.90
20101223,42.21,42.30,42.19,42.22,214500,37.94
20101222,42.20,42.23,42.09,42.23,242000,37.95
20101221,42.39,42.46,42.37,42.41,307000,37.83
20101220,42.45,42.53,42.19,42.33,189900,37.76
20101217,42.31,42.33,42.14,42.32,176000,37.75
20101216,42.11,42.31,41.93,42.31,238600,37.74
20101215,42.14,42.26,42.00,42.04,250000,37.50
20101214,42.13,42.28,42.06,42.18,256200,37.62
20101213,42.18,42.18,42.00,42.01,220000,37.47
20101210,41.87,42.00,41.76,41.98,162700,37.44
20101209,41.85,41.85,41.58,41.73,182100,37.22
20101208,41.56,41.64,41.39,41.61,167900,37.11
20101207,41.75,41.75,41.47,41.49,152000,37.01
20101206,41.38,41.43,41.27,41.36,98700,36.89
20101203,41.18,41.45,41.18,41.42,169600,36.94
20101202,40.99,41.33,40.92,41.33,133500,36.86
20101201,40.64,40.93,40.60,40.89,100600,36.47
20101130,39.91,40.20,39.83,40.02,105300,35.70
20101129,40.08,40.27,39.74,40.20,124000,35.86
20101126,40.29,40.40,40.17,40.25,52300,35.90
20101124,40.32,40.54,40.30,40.54,93200,36.16
20101123,40.24,40.24,39.91,40.06,236800,35.73
20101122,40.52,40.60,40.15,40.58,135500,36.20
20101119,40.51,40.66,40.31,40.66,133500,36.27
20101118,40.41,40.67,40.41,40.57,190100,36.19
20101117,40.11,40.16,39.95,40.04,221800,35.71
20101116,40.44,40.44,39.83,40.04,243100,35.71
20101115,40.77,40.91,40.60,40.61,384500,36.22
20101112,40.77,40.86,40.43,40.59,128800,36.20
20101111,40.85,41.01,40.75,40.99,125400,36.56
20101110,41.06,41.06,40.68,41.05,171500,36.61
20101109,41.38,41.38,40.88,40.99,157200,36.56
20101108,41.25,41.25,41.06,41.21,138700,36.76
20101105,41.38,41.38,41.18,41.35,178700,36.88
20101104,41.01,41.32,40.91,41.29,471400,36.83
20101103,40.61,40.61,40.20,40.58,88700,36.20
20101102,40.49,40.56,40.39,40.50,126000,36.12
20101101,40.44,40.62,40.00,40.20,128900,35.86
20101029,40.21,40.28,40.11,40.24,86300,35.89
20101028,40.38,40.42,40.02,40.23,157800,35.88
20101027,40.17,40.17,39.76,40.16,141700,35.82
20101026,40.22,40.35,40.12,40.31,184400,35.95
20101025,40.54,40.58,40.27,40.31,96600,35.95
20101022,40.29,40.30,40.15,40.22,193200,35.87
20101021,40.31,40.52,39.99,40.22,201000,35.87
20101020,39.88,40.28,39.83,40.14,116200,35.80
20101019,39.89,40.05,39.51,39.74,205300,35.45
20101018,40.05,40.30,39.95,40.24,515600,35.89
20101015,40.31,40.32,39.81,40.01,1166200,35.69
20101014,40.12,40.22,39.87,40.07,358600,35.74
20101013,40.13,40.32,39.99,40.12,145100,35.79
20101012,39.75,39.99,39.55,39.92,83000,35.61
20101011,39.94,39.94,39.72,39.81,72400,35.51
20101008,39.71,39.90,39.53,39.82,470100,35.52
20101007,39.88,39.88,39.44,39.59,108600,35.31
20101006,39.57,39.67,39.49,39.67,230200,35.38
20101005,39.22,39.63,39.15,39.57,81100,35.29
20101004,39.09,39.19,38.67,38.82,112700,34.63
20101001,39.16,39.30,38.95,39.13,439900,34.90
20100930,39.34,39.48,38.84,38.96,101400,34.75
20100929,39.18,39.22,38.96,39.07,106300,34.85
20100928,39.11,39.30,38.72,39.23,127100,34.99
20100927,39.28,39.28,39.00,39.02,141200,34.80
20100924,38.95,39.20,38.86,39.19,88700,34.96
20100923,38.83,39.10,38.70,38.80,99600,34.36
20100922,39.27,39.40,39.00,39.11,138200,34.64
20100921,39.42,39.51,39.14,39.26,96400,34.77
20100920,38.94,39.39,38.81,39.33,144200,34.83
20100917,38.90,38.95,38.67,38.78,125500,34.34
20100916,38.68,38.77,38.56,38.74,72600,34.31
20100915,38.57,38.78,38.40,38.75,56700,34.32
20100914,38.60,38.80,38.45,38.62,123700,34.20
20100913,38.70,38.70,38.48,38.67,129600,34.25
20100910,38.25,38.33,38.12,38.28,82100,33.90
20100909,38.39,38.39,38.04,38.12,100500,33.76
20100908,37.81,38.06,37.81,37.91,69000,33.57
20100907,38.05,38.05,37.70,37.74,88200,33.42
20100903,38.04,38.18,37.87,38.14,68500,33.78
20100902,37.62,37.75,37.49,37.75,79200,33.43
20100901,37.01,37.49,36.90,37.48,82000,33.19
20100831,36.37,36.68,36.25,36.53,79100,32.35
20100830,36.94,36.98,36.48,36.50,82500,32.32
20100827,36.75,37.03,36.25,37.02,95300,32.79
20100826,36.90,36.90,36.34,36.49,120400,32.32
20100825,36.35,36.78,36.10,36.67,95700,32.48
20100824,36.70,36.78,36.33,36.55,102400,32.37
20100823,37.28,37.40,36.96,36.97,74000,32.74
20100820,37.08,37.09,36.80,37.04,99900,32.80
20100819,37.70,37.70,37.00,37.17,124000,32.92
20100818,37.83,37.95,37.52,37.80,103500,33.48
20100817,37.72,37.98,37.52,37.76,60200,33.44
20100816,37.19,37.38,36.89,37.30,79000,33.03
20100813,37.31,37.49,37.25,37.32,71200,33.05
20100812,37.14,37.49,36.66,37.43,118600,33.15
20100811,37.84,37.92,37.50,37.56,115000,33.26
20100810,38.30,38.65,38.13,38.47,78900,34.07
20100809,38.64,38.71,38.49,38.65,84000,34.23
20100806,38.09,38.45,37.95,38.41,81100,34.02
20100805,38.38,38.50,38.29,38.48,63800,34.08
20100804,38.52,38.60,38.33,38.58,83000,34.17
20100803,38.43,38.55,38.27,38.37,69600,33.98
20100802,38.39,38.56,38.18,38.51,76000,34.10
20100730,37.52,37.92,37.35,37.79,45700,33.47
20100729,38.19,38.23,37.50,37.78,43900,33.46
20100728,38.13,38.16,37.85,37.95,54200,33.61
20100727,38.38,38.38,38.05,38.18,77300,33.81
20100726,37.88,38.12,37.69,38.12,73600,33.76
20100723,37.38,37.73,37.26,37.70,113800,33.39
20100722,37.06,37.49,37.06,37.38,79800,33.10
20100721,37.33,37.33,36.42,36.62,73900,32.43
20100720,36.29,37.05,36.23,37.05,53300,32.81
20100719,36.59,36.74,36.35,36.60,86600,32.41
20100716,37.17,37.20,36.38,36.44,98200,32.27
20100715,37.26,37.39,36.85,37.31,64200,33.04
20100714,37.17,37.37,37.04,37.27,80300,33.01
20100713,37.20,37.46,37.12,37.36,87000,33.09
20100712,36.70,36.84,36.54,36.81,36500,32.60
20100709,36.57,36.79,36.49,36.75,47400,32.55
20100708,36.51,36.58,36.25,36.58,89200,32.40
20100707,35.26,36.20,35.26,36.18,47300,32.04
20100706,35.43,35.56,34.89,35.18,72600,31.16
20100702,35.25,35.27,34.81,35.04,79900,31.03
20100701,35.28,35.28,34.67,35.15,122100,31.13
20100630,35.52,35.78,35.16,35.22,167000,31.19
20100629,35.95,36.11,35.35,35.52,161000,31.46
20100628,36.65,36.72,36.36,36.47,90700,32.30
20100625,36.58,36.67,36.27,36.48,56000,32.31
20100624,36.88,36.92,36.44,36.46,67200,32.29
20100623,37.47,37.48,37.17,37.27,40600,32.77
20100622,38.03,38.20,37.42,37.43,90100,32.91
20100621,38.58,38.58,37.85,37.99,95600,33.40
20100618,38.19,38.21,38.03,38.12,59500,33.51
20100617,38.11,38.15,37.66,38.09,101900,33.49
20100616,37.82,38.12,37.79,38.01,72700,33.42
20100615,37.57,38.03,37.45,38.03,51400,33.43
20100614,37.66,37.71,37.22,37.22,63000,32.72
20100611,36.92,37.25,36.82,37.25,59000,32.75
20100610,36.68,37.14,36.68,37.14,59900,32.65
20100609,36.55,36.74,36.12,36.20,70800,31.82
20100608,35.88,36.34,35.65,36.30,65500,31.91
20100607,36.40,36.47,35.84,35.84,106600,31.51
20100604,36.96,36.97,36.15,36.24,126300,31.86
20100603,37.57,37.67,37.27,37.55,55500,33.01
20100602,36.64,37.45,36.64,37.45,162800,32.92
20100601,36.77,37.30,36.61,36.61,77400,32.18
20100528,37.53,37.53,37.01,37.08,86400,32.60
20100527,36.86,37.51,36.86,37.51,118100,32.98
20100526,36.74,37.07,36.33,36.35,78100,31.96
20100525,35.81,36.67,35.64,36.63,230800,32.20
20100524,37.01,37.21,36.69,36.70,87000,32.26
20100521,36.36,37.20,36.00,37.15,260500,32.66
20100520,37.58,37.58,36.86,36.86,215900,32.40
20100519,38.27,38.45,37.76,38.21,156100,33.59
20100518,39.23,39.25,38.32,38.41,141300,33.77
20100517,38.85,38.98,38.20,38.85,122400,34.15
20100514,39.09,39.22,38.49,38.75,151900,34.07
20100513,39.79,39.86,39.35,39.44,76600,34.67
20100512,39.51,39.85,39.46,39.84,65900,35.02
20100511,38.99,39.79,38.99,39.39,153700,34.63
20100510,39.40,39.83,39.05,39.44,149500,34.67
20100507,38.32,38.64,37.48,37.96,213000,33.37
20100506,39.48,41.41,17.04,38.40,417500,33.76
20100505,39.70,39.94,39.49,39.65,171700,34.86
20100504,40.41,40.43,39.76,39.94,213300,35.11
20100503,40.48,40.83,40.39,40.76,85300,35.83
20100430,40.84,40.92,40.25,40.25,95100,35.38
20100429,40.56,40.85,40.51,40.79,84800,35.86
20100428,40.20,40.43,40.03,40.29,109600,35.42
20100427,40.74,40.89,39.95,40.07,114700,35.23
20100426,41.04,41.12,40.86,40.88,118400,35.94
20100423,40.73,40.98,40.58,40.98,74500,36.03
20100422,40.46,40.77,40.26,40.75,68900,35.82
20100421,40.90,40.90,40.58,40.76,102000,35.83
20100420,40.77,40.84,40.66,40.81,115800,35.88
20100419,40.21,40.53,40.14,40.53,98700,35.63
20100416,40.71,40.78,40.18,40.37,99800,35.49
20100415,40.70,40.88,40.66,40.81,100800,35.88
20100414,40.57,40.76,40.45,40.76,134400,35.83
20100413,40.35,40.44,40.14,40.42,93300,35.53
20100412,40.36,40.44,40.29,40.38,80300,35.50
20100409,40.11,40.29,40.02,40.28,66200,35.41
20100408,39.76,40.07,39.69,39.97,84200,35.14
20100407,40.06,40.09,39.70,39.86,159200,35.04
20100406,40.00,40.18,39.93,40.11,163300,35.26
20100405,40.00,40.11,39.85,40.08,95800,35.24
20100401,39.80,39.95,39.63,39.84,79200,35.02
20100331,39.57,39.71,39.50,39.58,107000,34.80
20100330,39.76,39.83,39.59,39.69,80200,34.89
20100329,39.61,39.74,39.57,39.68,106700,34.88
20100326,39.52,39.68,39.33,39.46,115300,34.69
20100325,39.82,39.88,39.44,39.45,223900,34.68
20100324,39.95,39.98,39.76,39.82,67700,34.81
20100323,39.85,40.10,39.70,40.10,118200,35.05
20100322,39.36,39.81,39.35,39.76,126300,34.75
20100319,39.57,39.87,39.40,39.57,66700,34.59
20100318,39.76,39.76,39.58,39.73,65200,34.73
20100317,39.59,39.81,39.55,39.70,105500,34.70
20100316,39.32,39.49,39.18,39.47,67900,34.50
20100315,39.01,39.20,38.94,39.17,151600,34.24
20100312,39.21,39.21,38.91,39.04,69700,34.12
20100311,38.81,39.03,38.68,39.03,121800,34.11
20100310,38.83,38.96,38.77,38.91,159600,34.01
20100309,38.65,38.94,38.65,38.81,133200,33.92
20100308,38.80,38.83,38.70,38.75,106600,33.87
20100305,38.53,38.78,38.40,38.75,74800,33.87
20100304,38.19,38.32,38.08,38.28,170100,33.46
20100303,38.30,38.39,38.11,38.16,89300,33.35
20100302,38.25,38.30,38.10,38.18,240300,33.37
20100301,37.88,38.10,37.86,38.06,122100,33.27
20100226,37.81,37.86,37.58,37.73,45200,32.98
20100225,37.40,37.76,37.27,37.76,92900,33.00
20100224,37.70,37.93,37.57,37.88,72400,33.11
20100223,37.91,37.97,37.52,37.57,86400,32.84
20100222,38.13,38.17,37.89,37.96,99800,33.18
20100219,37.85,38.10,37.75,38.02,58800,33.23
20100218,37.66,37.94,37.60,37.93,63800,33.15
20100217,37.73,37.74,37.54,37.66,67000,32.92
20100216,37.26,37.57,37.10,37.53,108100,32.80
20100212,36.58,36.95,36.48,36.95,160800,32.30
20100211,36.57,37.00,36.41,36.97,82500,32.31
20100210,36.64,36.78,36.34,36.64,33500,32.03
20100209,36.62,36.90,36.40,36.68,69000,32.06
20100208,36.53,36.63,36.20,36.20,81800,31.64
20100205,36.62,36.62,35.84,36.52,197300,31.92
20100204,37.29,37.29,36.50,36.51,86200,31.91
20100203,37.62,37.72,37.45,37.53,65800,32.80
20100202,37.30,37.84,37.25,37.82,64200,33.06
20100201,37.06,37.27,37.00,37.27,85600,32.58
20100129,37.30,37.48,36.75,36.83,121300,32.19
20100128,37.62,37.68,36.92,37.16,66800,32.48
20100127,37.29,37.54,37.11,37.52,75000,32.80
20100126,37.38,37.68,37.25,37.42,70400,32.71
20100125,37.73,37.73,37.43,37.52,136400,32.80
20100122,37.92,38.02,37.34,37.34,122400,32.64
20100121,38.78,38.83,38.00,38.03,96100,33.24
20100120,38.91,38.91,38.50,38.79,85300,33.91
20100119,38.70,39.14,38.68,39.14,80500,34.21
20100115,39.00,39.00,38.50,38.72,77700,33.84
20100114,38.94,39.10,38.92,39.07,46400,34.15
20100113,38.83,39.07,38.70,39.01,97100,34.10
20100112,38.70,38.81,38.59,38.68,55800,33.81
20100111,38.90,38.94,38.73,38.91,58100,34.01
20100108,38.49,38.73,38.49,38.72,49300,33.84
20100107,38.48,38.66,38.35,38.65,45100,33.78
20100106,38.48,38.60,38.48,38.58,113100,33.72
20100105,38.45,38.53,38.35,38.50,47100,33.65
20100104,38.18,38.57,38.18,38.50,65600,33.65
20091231,38.40,38.43,38.00,38.00,46000,33.21
20091230,38.37,38.48,38.30,38.37,69100,33.54
20091229,38.47,38.56,38.45,38.45,95000,33.61
20091228,38.42,38.49,38.30,38.44,54300,33.60
20091224,38.26,38.38,38.26,38.38,22400,33.55
20091223,38.26,38.26,38.10,38.21,54400,33.40
20091222,38.17,38.30,38.10,38.14,182200,33.34
20091221,38.24,38.50,38.24,38.37,66700,33.26
20091218,38.10,38.10,37.71,37.97,37400,32.91
20091217,38.14,38.14,37.90,37.90,57200,32.85
20091216,38.52,38.54,38.27,38.30,67600,33.20
20091215,38.51,38.52,38.23,38.34,57100,33.23
20091214,38.57,38.65,38.43,38.58,134900,33.44
20091211,38.25,38.44,38.12,38.35,82000,33.24
20091210,38.15,38.30,38.05,38.10,41700,33.02
20091209,37.84,38.01,37.67,38.00,52500,32.94
20091208,38.08,38.08,37.75,37.82,144000,32.78
20091207,38.37,38.55,38.23,38.29,44400,33.19
20091204,38.61,38.70,38.00,38.33,69200,33.22
20091203,38.49,38.72,38.01,38.07,54800,33.00
20091202,38.32,38.55,38.19,38.37,106100,33.26
20091201,38.26,38.36,38.07,38.30,59600,33.20
20091130,37.75,37.90,37.51,37.90,135600,32.85
20091127,37.32,37.96,37.25,37.69,41400,32.67
20091125,38.27,38.33,38.14,38.31,60000,33.21
20091124,38.25,38.25,37.86,38.14,85000,33.06
20091123,38.02,38.36,38.02,38.16,58400,33.08
20091120,37.49,37.72,37.44,37.68,44100,32.66
20091119,37.88,37.99,37.49,37.71,74900,32.69
20091118,38.17,38.24,37.99,38.19,54600,33.10
20091117,38.03,38.15,37.85,38.11,61600,33.03
20091116,37.85,38.30,37.81,38.15,71000,33.07
20091113,37.50,37.71,37.26,37.53,95700,32.53
20091112,37.70,37.95,37.31,37.40,83800,32.42
20091111,37.90,38.01,37.63,37.76,74000,32.73
20091110,37.50,37.70,37.41,37.61,110800,32.60
20091109,36.97,37.56,36.96,37.56,122400,32.56
20091106,36.44,36.77,36.30,36.69,71500,31.80
20091105,36.16,36.58,36.14,36.57,84800,31.70
20091104,36.20,36.42,35.81,35.85,151500,31.07
20091103,35.59,35.94,35.52,35.83,82400,31.06
20091102,35.88,36.28,35.31,35.88,234100,31.10
20091030,36.65,36.65,35.59,35.73,70800,30.97
20091029,36.26,36.86,36.13,36.80,52000,31.90
20091028,36.51,36.62,35.93,36.01,108900,31.21
20091027,36.82,36.96,36.55,36.65,66200,31.77
20091026,37.39,37.64,36.62,36.74,95100,31.84
20091023,37.90,37.90,37.20,37.34,78900,32.36
20091022,37.37,37.94,37.19,37.81,55900,32.77
20091021,37.73,38.13,37.33,37.33,73800,32.36
20091020,38.05,38.06,37.70,37.79,89500,32.75
20091019,37.80,38.19,37.68,38.05,69200,32.98
20091016,37.74,37.82,37.52,37.70,65000,32.68
20091015,37.89,38.15,37.82,38.15,220700,33.07
20091014,37.91,38.11,37.67,38.03,101500,32.96
20091013,37.34,37.46,37.12,37.40,75100,32.42
20091012,37.51,37.61,37.41,37.54,75800,32.54
20091009,37.13,37.30,37.00,37.30,53100,32.33
20091008,37.15,37.28,36.95,37.08,111300,32.14
20091007,36.68,36.87,36.58,36.84,78700,31.93
20091006,36.57,36.98,36.50,36.76,84900,31.86
20091005,35.80,36.33,35.71,36.28,81900,31.45
20091002,35.36,35.77,35.34,35.59,61500,30.85
20091001,36.69,36.69,35.78,35.78,78900,31.01
20090930,37.08,37.10,36.44,36.72,81400,31.83
20090929,37.06,37.28,36.89,36.97,68000,32.04
20090928,36.39,37.01,36.39,36.98,49200,32.05
20090925,36.48,36.58,36.18,36.32,90600,31.48
20090924,37.05,37.11,36.36,36.55,110200,31.68
20090923,37.62,37.90,37.21,37.23,136100,32.05
20090922,37.43,37.59,37.32,37.48,49200,32.26
20090921,37.17,37.31,36.95,37.23,80000,32.05
20090918,37.61,37.61,37.30,37.48,57900,32.26
20090917,37.47,37.80,37.17,37.38,84900,32.18
20090916,37.02,37.51,36.86,37.51,102300,32.29
20090915,36.70,36.99,36.45,36.85,66000,31.72
20090914,36.05,36.65,35.98,36.61,191700,31.51
20090911,36.49,36.55,36.24,36.34,93400,31.28
20090910,36.15,36.42,35.84,36.42,47900,31.35
20090909,35.90,36.24,35.83,36.16,60800,31.13
20090908,35.91,35.96,35.66,35.84,96600,30.85
20090904,35.22,35.55,35.07,35.55,46500,30.60
20090903,34.93,35.15,34.78,35.15,64700,30.26
20090902,34.85,35.04,34.72,34.80,47200,29.95
20090901,35.78,36.17,34.95,35.04,108400,30.16
20090831,35.83,35.98,35.70,35.94,65300,30.94
20090828,36.52,36.57,35.97,36.19,221900,31.15
20090827,36.09,36.38,35.74,36.27,81800,31.22
20090826,36.08,36.32,35.94,36.13,106900,31.10
20090825,36.17,36.57,36.08,36.08,71500,31.06
20090824,36.25,36.41,35.84,35.98,131400,30.97
20090821,35.52,36.10,35.52,36.05,89200,31.03
20090820,35.02,35.34,34.95,35.27,88600,30.36
20090819,34.43,35.03,34.36,34.92,118500,30.06
20090818,34.47,34.78,34.40,34.69,50200,29.86
20090817,34.59,34.59,34.27,34.38,89000,29.59
20090814,35.51,35.51,34.85,35.19,99100,30.29
20090813,35.42,35.46,35.11,35.46,72200,30.52
20090812,34.75,35.46,34.75,35.22,100000,30.32
20090811,35.24,35.29,34.76,34.78,84100,29.94
20090810,35.40,35.54,35.19,35.42,80500,30.49
20090807,35.32,35.79,35.18,35.51,93800,30.57
20090806,35.24,35.30,34.77,34.95,97600,30.08
20090805,35.00,35.19,34.72,35.06,94400,30.18
20090804,34.65,35.00,34.57,34.95,100600,30.08
20090803,34.62,34.81,34.37,34.76,68800,29.92
20090731,34.11,34.42,34.06,34.26,78400,29.49
20090730,34.11,34.48,34.01,34.14,87700,29.39
20090729,33.56,33.80,33.40,33.62,104400,28.94
20090728,33.68,33.88,33.49,33.79,234600,29.09
20090727,33.60,33.88,33.50,33.88,108100,29.16
20090724,33.36,33.67,33.18,33.67,78400,28.98
20090723,32.69,33.56,32.69,33.45,82500,28.79
20090722,32.43,32.84,32.43,32.63,64500,28.09
20090721,32.81,32.86,32.28,32.63,82300,28.09
20090720,32.42,32.57,32.21,32.50,65100,27.98
20090717,32.32,32.32,32.04,32.24,88200,27.75
20090716,32.02,32.46,31.90,32.35,117600,27.85
20090715,31.59,32.22,31.52,32.16,84400,27.68
20090714,31.12,31.20,30.89,31.20,47200,26.86
20090713,30.24,31.01,30.18,30.97,218000,26.66
20090710,30.15,30.27,29.94,30.18,72200,25.98
20090709,30.42,30.46,30.16,30.27,48200,26.06
20090708,30.54,30.58,29.86,30.24,88300,26.03
20090707,30.88,30.88,30.32,30.32,64700,26.10
20090706,30.64,30.90,30.44,30.90,78600,26.60
20090702,31.35,31.35,30.87,30.91,70100,26.61
20090701,31.62,31.96,31.62,31.72,46100,27.30
20090630,31.81,31.95,31.33,31.56,74200,27.17
20090629,31.56,31.79,31.31,31.75,60100,27.33
20090626,31.32,31.57,31.20,31.39,52000,27.02
20090625,30.72,31.46,30.63,31.46,66900,27.08
20090624,30.90,31.16,30.68,30.84,140100,26.55
20090623,30.89,31.06,30.74,30.89,257100,26.35
20090622,31.52,31.59,30.84,30.94,317600,26.39
20090619,32.06,32.06,31.65,31.80,90600,27.12
20090618,31.44,31.81,31.31,31.73,80900,27.06
20090617,31.54,31.63,31.18,31.36,55600,26.75
20090616,32.10,32.11,31.50,31.55,71200,26.91
20090615,32.48,32.48,31.85,32.00,84700,27.30
20090612,32.56,32.80,32.45,32.78,80900,27.96
20090611,32.49,33.10,32.49,32.70,62800,27.89
20090610,32.81,32.81,32.03,32.37,94800,27.61
20090609,32.48,32.65,32.26,32.49,75000,27.71
20090608,32.27,32.55,32.00,32.37,66300,27.61
20090605,32.94,32.94,32.25,32.41,94100,27.64
20090604,32.30,32.56,32.06,32.48,86800,27.70
20090603,32.42,32.45,31.91,32.15,62100,27.42
20090602,32.56,32.77,32.50,32.65,64700,27.85
20090601,32.47,32.85,32.29,32.72,103100,27.91
20090529,31.66,31.94,31.40,31.94,46400,27.24
20090528,31.29,31.51,30.79,31.45,81100,26.83
20090527,31.72,31.79,30.97,30.99,56500,26.43
20090526,30.78,31.77,30.77,31.68,72700,27.02
20090522,31.16,31.22,30.83,30.95,56900,26.40
20090521,31.09,31.12,30.66,30.97,80300,26.42
20090520,32.03,32.20,31.39,31.43,58100,26.81
20090519,31.86,32.02,31.66,31.68,70800,27.02
20090518,31.31,31.84,31.24,31.81,81900,27.13
20090515,31.25,31.38,30.70,30.86,95600,26.32
20090514,30.99,31.41,30.83,31.24,65200,26.65
20090513,31.42,31.47,30.86,31.01,116800,26.45
20090512,32.33,32.33,31.41,31.83,81300,27.15
20090511,32.25,32.38,31.97,31.97,87000,27.27
20090508,32.43,32.81,32.17,32.81,153300,27.99
20090507,32.77,32.77,31.63,31.85,181500,27.17
20090506,32.00,32.30,31.66,32.23,110300,27.49
20090505,31.53,31.63,31.27,31.42,81200,26.80
20090504,30.66,31.60,30.61,31.60,83500,26.95
20090501,30.32,30.40,30.00,30.24,64100,25.79
20090430,30.61,30.74,30.08,30.19,104400,25.75
20090429,29.93,30.39,29.82,30.06,116700,25.64
20090428,29.45,29.90,29.33,29.56,97300,25.21
20090427,29.91,30.15,29.61,29.75,111500,25.38
20090424,29.82,30.28,29.72,30.00,147600,25.59
20090423,29.45,29.67,29.04,29.65,176400,25.29
20090422,29.30,30.01,29.22,29.36,156000,25.04
20090421,28.64,29.53,28.43,29.53,157000,25.19
20090420,29.97,29.97,28.89,28.89,111800,24.64
20090417,30.32,30.67,30.03,30.44,129900,25.96
20090416,30.14,30.37,29.49,30.15,117400,25.72
20090415,29.02,29.81,28.91,29.78,119400,25.40
20090414,29.76,29.89,29.18,29.19,150300,24.90
20090413,29.53,30.17,29.39,30.00,77300,25.59
20090409,29.33,29.76,29.20,29.74,87000,25.37
20090408,28.27,28.44,28.00,28.30,60800,24.14
20090407,28.35,28.48,28.12,28.13,82800,23.99
20090406,28.76,28.88,28.41,28.84,52400,24.60
20090403,28.79,29.07,28.48,29.04,62200,24.77
20090402,28.84,29.10,28.58,28.64,103900,24.43
20090401,27.19,28.07,26.98,27.96,109300,23.85
20090331,27.42,27.86,27.16,27.38,107400,23.35
20090330,27.70,27.90,26.85,27.10,83800,23.12
20090327,28.40,28.57,28.14,28.21,59600,24.06
20090326,28.59,28.75,28.13,28.69,171000,24.47
20090325,28.26,28.65,27.27,28.25,120000,24.10
20090324,28.44,28.81,28.04,28.10,113600,23.70
20090323,27.85,28.76,27.03,28.74,138800,24.24
20090320,27.54,27.54,26.65,26.75,82700,22.57
20090319,28.33,28.37,27.23,27.30,146900,23.03
20090318,26.70,28.00,26.55,27.79,107200,23.44
20090317,26.10,26.93,25.81,26.93,95400,22.72
20090316,26.49,26.96,26.04,26.10,126000,22.02
20090313,26.11,26.17,25.55,26.09,144200,22.01
20090312,24.61,25.82,24.36,25.78,122200,21.75
20090311,24.93,25.01,24.25,24.56,112700,20.72
20090310,23.51,24.47,23.48,24.46,104300,20.63
20090309,22.74,23.46,22.68,22.94,88400,19.35
20090306,23.09,23.56,22.45,23.07,215100,19.46
20090305,23.34,23.61,22.70,22.93,129400,19.34
20090304,24.10,24.40,23.55,24.07,94200,20.30
20090303,24.38,24.38,23.44,23.58,143100,19.89
20090302,24.74,24.74,23.90,24.02,260000,20.26
20090227,25.38,25.77,25.05,25.25,172400,21.30
20090226,26.70,26.90,25.93,25.98,147100,21.92
20090225,26.30,26.78,25.74,26.25,229000,22.14
20090224,25.51,26.53,25.36,26.47,205800,22.33
20090223,26.43,26.53,25.33,25.37,198100,21.40
20090220,26.15,26.50,25.48,26.18,451800,22.08
20090219,27.38,27.39,26.58,26.66,277900,22.49
20090218,27.42,27.46,26.83,27.03,275700,22.80
20090217,28.29,28.29,27.25,27.27,302200,23.00
20090213,29.07,29.18,28.59,28.61,524900,24.13
20090212,28.78,29.10,28.10,29.06,524700,24.51
20090211,28.99,29.27,28.72,29.15,465900,24.59
20090210,30.10,30.31,28.60,28.75,442600,24.25
20090209,30.30,30.66,30.13,30.44,225700,25.68
20090206,29.46,30.43,29.45,30.30,335300,25.56
20090205,28.83,29.58,28.48,29.35,315600,24.76
20090204,29.59,29.85,29.00,29.05,158000,24.51
20090203,29.39,29.55,28.96,29.33,408600,24.74
20090202,28.76,29.28,28.66,29.11,181800,24.56
20090130,30.00,30.07,28.98,29.24,349300,24.67
20090129,30.56,30.59,29.85,29.86,126000,25.19
20090128,30.73,31.18,30.61,31.04,195700,26.18
20090127,29.79,30.18,29.62,29.99,588400,25.30
20090126,29.68,30.24,29.34,29.62,249800,24.99
20090123,28.67,29.68,28.63,29.58,395100,24.95
20090122,29.36,29.86,28.79,29.40,238300,24.80
20090121,29.27,30.01,28.57,29.96,218700,25.27
20090120,30.13,30.20,28.72,28.75,297700,24.25
20090116,31.06,31.07,29.75,30.48,315200,25.71
20090115,30.63,30.81,29.52,30.46,285900,25.69
20090114,31.25,31.25,30.44,30.68,478100,25.88
20090113,31.62,31.88,31.40,31.70,310100,26.74
20090112,32.50,32.50,31.52,31.72,201200,26.76
20090109,33.36,33.37,32.46,32.52,310000,27.43
20090108,32.96,33.23,32.81,33.23,209100,28.03
20090107,33.68,33.69,32.98,33.12,133000,27.94
20090106,34.38,34.54,33.93,34.18,266500,28.83
20090105,34.25,34.36,33.81,34.06,454300,28.73
20090102,33.59,34.53,33.30,34.38,520300,29.00
20081231,33.17,33.70,32.92,33.60,204200,28.34
20081230,32.32,32.94,32.25,32.94,191500,27.79
20081229,32.27,32.27,31.66,32.09,109800,27.07
20081226,32.46,32.46,32.02,32.31,76000,27.26
20081224,31.96,32.18,31.83,32.09,68000,27.07
20081223,32.64,32.67,31.95,32.07,283000,27.05
20081222,32.97,32.97,31.73,32.29,467900,27.24
20081219,33.51,33.78,32.96,33.08,376500,27.63
20081218,34.05,34.05,32.88,33.10,138200,27.64
20081217,34.04,34.12,33.44,33.70,92900,28.14
20081216,34.08,34.11,32.72,34.08,67700,28.46
20081215,32.92,32.95,32.00,32.40,79900,27.06
20081212,32.12,32.97,31.65,32.78,185600,27.38
20081211,33.62,33.65,32.43,32.62,250400,27.24
20081210,34.19,34.19,33.16,33.68,110500,28.13
20081209,34.55,34.55,33.26,33.35,249500,27.85
20081208,35.43,35.43,33.90,34.27,252600,28.62
20081205,31.86,33.54,31.40,33.54,141700,28.01
20081204,32.75,33.35,31.78,32.29,86700,26.97
20081203,31.56,33.24,31.45,33.15,83400,27.69
20081202,31.40,32.19,30.80,32.11,123600,26.82
20081201,33.75,33.75,30.65,30.71,133400,25.65
20081128,33.11,33.75,33.10,33.75,49400,28.19
20081126,31.46,33.21,31.46,33.21,66600,27.74
20081125,32.88,32.88,31.62,32.26,65900,26.94
20081124,30.82,32.45,30.26,31.68,223500,26.46
20081121,30.00,30.02,27.86,30.02,148700,25.07
20081120,30.24,30.97,28.23,28.51,218200,23.81
20081119,32.79,32.79,30.48,30.48,101900,25.46
20081118,33.00,33.00,31.28,32.24,238600,26.93
20081117,32.61,33.25,32.02,32.25,101800,26.93
20081114,34.03,34.46,32.72,32.82,84700,27.41
20081113,32.60,34.34,31.00,34.34,136200,28.68
20081112,33.21,33.21,31.96,32.09,126300,26.80
20081111,33.77,34.20,33.11,33.71,71400,28.15
20081110,35.66,35.69,33.74,34.20,140100,28.56
20081107,34.04,34.60,33.81,34.60,82700,28.90
20081106,35.30,35.31,33.51,33.63,121900,28.09
20081105,37.17,37.17,35.16,35.25,117600,29.44
20081104,36.75,37.31,36.47,37.30,101000,31.15
20081103,36.08,36.10,35.67,35.87,87500,29.96
20081031,35.55,36.22,35.11,35.73,92500,29.84
20081030,35.98,35.98,34.50,35.40,91800,29.56
20081029,34.88,36.00,34.50,34.50,150300,28.81
20081028,33.25,35.53,31.76,35.53,91300,29.67
20081027,32.57,33.42,32.01,32.02,49300,26.74
20081024,33.82,33.82,32.08,32.82,131000,27.41
20081023,33.65,34.29,32.12,34.00,62100,28.39
20081022,34.88,34.88,32.63,33.82,158300,28.24
20081021,35.99,36.39,35.27,35.51,111000,29.66
20081020,35.27,36.25,34.80,36.25,94400,30.27
20081017,34.42,36.14,34.13,34.74,73200,29.01
20081016,34.34,35.12,32.37,35.12,147300,29.33
20081015,36.24,36.24,33.85,33.93,59500,28.34
20081014,40.14,40.14,35.81,36.98,139000,30.88
20081013,38.19,38.19,34.20,36.55,199600,30.52
20081010,32.75,35.66,30.90,35.15,92200,29.36
20081009,35.61,36.60,32.90,33.25,69400,27.77
20081008,36.01,37.22,35.00,35.98,35400,30.05
20081007,39.60,39.60,36.75,36.81,41900,30.74
20081006,39.25,39.73,37.46,39.14,62700,32.69
20081003,42.49,42.49,40.37,40.49,61200,33.82
20081002,42.38,42.38,41.07,41.17,25700,34.38
20081001,41.50,42.49,41.28,42.28,19900,35.31
20080930,42.56,42.56,41.00,41.96,18900,35.04
20080929,42.58,42.83,41.12,41.30,63700,34.49
20080926,43.39,43.53,42.39,43.53,29000,36.35
20080925,42.12,43.54,42.12,43.04,23000,35.94
20080924,44.13,44.13,42.12,42.28,19600,35.31
20080923,45.14,45.14,42.76,42.83,19900,35.46
20080922,47.03,47.03,40.93,43.51,48400,36.02
20080919,46.24,49.00,44.72,45.21,66100,37.43
20080918,41.64,43.41,40.60,43.17,98700,35.74
20080917,42.45,42.56,41.24,41.25,41100,34.15
20080916,41.71,43.19,41.60,43.19,54200,35.76
20080915,44.11,44.11,42.67,42.67,42900,35.33
20080912,43.94,44.44,43.87,44.38,21600,36.74
20080911,43.43,44.20,43.10,44.17,25400,36.57
20080910,44.07,44.26,43.58,43.80,26500,36.26
20080909,45.08,45.38,43.95,43.95,33900,36.39
20080908,45.57,45.57,44.50,45.20,44800,37.42
20080905,43.39,43.95,43.00,43.95,34000,36.39
20080904,44.54,44.54,43.55,43.56,26200,36.06
20080903,44.69,44.86,44.53,44.79,62800,37.08
20080902,45.21,45.29,44.44,44.64,63400,36.96
20080829,44.80,44.89,44.41,44.41,26500,36.77
20080828,44.40,44.87,44.31,44.84,33100,37.12
20080827,43.87,44.12,43.64,44.00,35100,36.43
20080826,43.38,43.81,43.38,43.63,16900,36.12
20080825,44.20,44.20,43.56,43.62,25500,36.11
20080822,44.05,44.46,44.05,44.46,26700,36.81
20080821,43.59,43.93,43.36,43.83,33400,36.29
20080820,43.31,43.85,43.25,43.76,26700,36.23
20080819,44.00,44.02,43.47,43.62,33900,36.11
20080818,44.89,44.89,44.11,44.21,32100,36.60
20080815,45.04,45.14,44.73,44.89,15400,37.16
20080814,44.12,44.74,44.05,44.56,15100,36.89
20080813,46.16,46.16,43.98,44.35,43500,36.72
20080812,46.00,46.00,44.55,44.73,30000,37.03
20080811,45.49,45.74,44.88,45.37,27900,37.56
20080808,44.94,45.01,44.05,44.88,19500,37.16
20080807,44.53,44.53,43.76,43.76,19700,36.23
20080806,44.67,44.75,44.35,44.72,6800,37.02
20080805,44.01,44.63,43.78,44.58,20200,36.91
20080804,43.66,43.79,43.16,43.44,12200,35.96
20080801,43.61,43.75,43.38,43.60,14900,36.10
20080731,44.01,44.24,43.65,43.65,16200,36.14
20080730,43.92,44.19,43.55,44.17,22900,36.57
20080729,42.62,43.51,42.44,43.51,16800,36.02
20080728,43.60,43.60,42.33,42.33,26200,35.05
20080725,43.58,43.58,43.01,43.09,21700,35.67
20080724,44.62,44.62,43.31,43.32,84200,35.87
20080723,44.34,44.77,44.10,44.36,32600,36.73
20080722,43.02,43.99,42.72,43.99,22000,36.42
20080721,43.45,43.51,42.97,43.06,22400,35.65
20080718,43.42,43.42,42.88,43.25,42600,35.81
20080717,42.73,43.07,42.20,42.97,25100,35.58
20080716,41.20,42.29,40.98,42.29,37200,35.01
20080715,40.74,41.54,40.39,40.90,47300,33.86
20080714,42.72,42.72,41.35,41.38,36300,34.26
20080711,42.04,42.53,41.60,42.07,37800,34.83
20080710,42.38,42.70,42.10,42.41,37600,35.11
20080709,43.37,43.42,42.36,42.36,12300,35.07
20080708,41.97,43.08,41.97,43.08,88600,35.67
20080707,42.82,42.82,41.74,42.08,21900,34.84
20080703,42.88,42.88,42.25,42.43,9600,35.13
20080702,43.21,43.33,42.38,42.39,15000,35.10
20080701,42.27,43.00,42.27,43.00,18400,35.60
20080630,42.85,43.10,42.71,42.82,16000,35.45
20080627,43.25,43.26,42.64,42.79,19100,35.43
20080626,44.85,44.85,41.83,43.12,44400,35.70
20080625,44.28,44.90,44.28,44.74,28300,37.04
20080624,44.08,44.42,43.75,44.17,20000,36.57
20080623,44.86,44.86,44.45,44.50,37200,36.53
20080620,44.99,45.11,44.50,44.67,59900,36.67
20080619,45.27,45.45,45.06,45.45,19900,37.31
20080618,45.51,45.51,45.20,45.29,33200,37.18
20080617,47.76,47.76,45.79,45.79,43100,37.59
20080616,46.53,46.53,45.98,46.21,23300,37.94
20080613,46.08,46.08,45.75,45.97,20700,37.74
20080612,45.87,46.18,45.52,45.68,18600,37.50
20080611,46.32,46.32,45.62,45.62,23600,37.45
20080610,46.01,46.62,45.94,46.39,14000,38.09
20080609,46.64,46.78,46.10,46.34,26800,38.05
20080606,47.60,47.60,46.45,46.47,28000,38.15
20080605,47.46,47.97,47.33,47.97,18900,39.38
20080604,47.34,47.62,47.10,47.22,36000,38.77
20080603,47.80,47.80,47.06,47.43,26500,38.94
20080602,47.93,47.93,47.37,47.70,15900,39.16
20080530,48.41,48.41,48.13,48.15,30700,39.53
20080529,47.92,48.43,47.80,48.28,11100,39.64
20080528,47.70,47.73,47.38,47.73,8000,39.19
20080527,48.13,48.13,47.40,47.71,18500,39.17
20080523,47.85,47.85,47.50,47.50,27100,39.00
20080522,47.79,48.32,47.79,48.09,62100,39.48
20080521,48.69,49.07,47.87,47.89,57000,39.32
20080520,48.89,48.90,48.46,48.60,41000,39.90
20080519,49.17,49.58,49.07,49.20,56900,40.39
20080516,49.00,49.12,48.80,49.08,19700,40.30
20080515,48.90,49.15,48.66,49.15,47400,40.35
20080514,48.90,49.07,48.78,48.82,15200,40.08
20080513,48.76,48.76,48.43,48.50,25700,39.82
20080512,48.11,48.64,48.11,48.64,19300,39.93
20080509,48.00,48.28,47.96,48.09,11000,39.48
20080508,48.55,48.55,48.13,48.35,11000,39.70
20080507,48.04,49.19,48.04,48.47,26200,39.79
20080506,48.82,49.33,48.58,49.33,19500,40.50
20080505,49.41,49.41,48.98,49.09,11800,40.30
20080502,49.65,49.68,49.30,49.45,16000,40.60
20080501,48.46,49.30,48.46,49.21,20400,40.40
20080430,48.73,49.00,48.20,48.21,34200,39.58
20080429,48.50,48.50,48.32,48.40,13500,39.74
20080428,48.74,48.84,48.60,48.69,7600,39.97
20080425,48.74,48.79,48.12,48.58,13400,39.88
20080424,47.87,48.54,47.70,48.25,23000,39.61
20080423,47.71,48.03,47.61,47.69,13900,39.15
20080422,47.81,47.87,47.54,47.71,23800,39.17
20080421,48.65,48.65,47.90,48.08,34700,39.47
20080418,48.40,48.57,48.20,48.33,8600,39.68
20080417,47.86,47.86,47.46,47.83,11000,39.27
20080416,46.88,47.91,46.88,47.72,11800,39.18
20080415,47.03,47.03,46.56,46.87,15200,38.48
20080414,46.86,47.53,46.50,46.57,15600,38.23
20080411,47.35,47.49,46.95,47.05,16900,38.63
20080410,47.78,48.17,47.67,47.95,11400,39.37
20080409,48.14,48.21,47.76,47.90,12300,39.33
20080408,49.55,49.55,48.17,48.41,27700,39.75
20080407,48.96,49.00,48.60,48.60,28500,39.90
20080404,49.34,49.34,48.41,48.52,24000,39.84
20080403,48.12,49.07,48.12,48.62,8400,39.92
20080402,48.67,49.27,48.22,48.62,22700,39.92
20080401,48.22,48.88,47.86,48.84,42300,40.10
20080331,46.25,47.39,46.25,47.17,26700,38.73
20080328,47.48,47.53,46.78,46.83,18900,38.45
20080327,47.19,47.87,47.08,47.54,19300,39.03
20080326,48.51,48.51,47.50,47.54,11000,39.03
20080325,48.21,48.31,47.84,48.22,32300,39.59
20080324,48.35,48.82,48.35,48.52,21300,39.53
20080320,46.91,48.15,46.91,48.11,15000,39.20
20080319,48.41,48.41,46.67,46.67,18900,38.02
20080318,47.44,47.44,46.32,47.11,98400,38.38
20080317,45.00,46.02,44.73,45.68,27700,37.22
20080314,47.14,47.14,45.31,45.82,73300,37.33
20080313,46.01,46.96,45.59,46.63,62400,37.99
20080312,46.96,47.46,46.52,46.53,21600,37.91
20080311,46.10,47.19,45.75,46.68,28900,38.03
20080310,45.61,45.63,45.05,45.16,52500,36.79
20080307,45.76,46.37,45.39,45.70,53400,37.23
20080306,46.90,46.90,46.00,46.00,25500,37.48
20080305,47.26,47.47,46.65,47.09,51100,38.37
20080304,46.66,47.03,46.32,46.94,40100,38.24
20080303,47.19,47.19,46.75,47.07,39700,38.35
20080229,47.98,47.98,46.92,47.06,24000,38.34
20080228,48.44,48.68,48.24,48.33,18000,39.38
20080227,48.89,49.19,48.79,48.85,9500,39.80
20080226,48.58,49.11,48.50,49.00,45700,39.92
20080225,48.18,48.80,47.93,48.74,62800,39.71
20080222,48.53,48.53,47.20,48.15,64600,39.23
20080221,48.52,48.63,47.68,47.70,59800,38.86
20080220,47.65,48.40,47.46,48.27,47700,39.33
20080219,50.60,50.60,47.98,48.11,28200,39.20
20080215,48.00,48.28,47.87,48.26,38700,39.32
20080214,49.48,49.48,48.10,48.13,24700,39.21
20080213,48.69,48.95,48.44,48.83,16100,39.78
20080212,48.19,48.66,48.00,48.23,14400,39.29
20080211,47.60,47.93,47.32,47.90,14500,39.03
20080208,47.90,48.19,47.51,47.69,71600,38.85
20080207,48.13,48.45,47.75,48.29,46700,39.34
20080206,48.35,48.59,47.77,47.77,9600,38.92
20080205,49.14,49.14,48.08,48.10,25600,39.19
20080204,50.36,50.36,49.60,49.60,23400,40.41
20080201,49.77,50.21,49.63,50.21,32100,40.91
20080131,47.85,49.63,47.85,49.43,24300,40.27
20080130,48.51,49.68,48.23,48.23,25500,39.29
20080129,48.68,48.82,48.35,48.80,11600,39.76
20080128,47.21,48.34,47.15,48.34,129000,39.38
20080125,48.37,48.39,47.30,47.36,24000,38.59
20080124,48.33,48.33,47.78,48.15,29500,39.23
20080123,45.57,48.00,45.57,47.96,34600,39.07
20080122,50.00,50.00,42.00,46.49,36500,37.88
20080118,47.51,47.66,46.48,46.73,54100,38.07
20080117,48.72,48.72,47.22,47.22,56000,38.47
20080116,48.71,49.44,48.50,49.08,35800,39.99
20080115,49.30,49.30,48.72,48.72,27900,39.69
20080114,49.85,49.90,49.60,49.83,17400,40.60
20080111,49.88,50.14,49.53,49.60,27000,40.41
20080110,49.49,50.40,49.40,50.40,43600,41.06
20080109,49.37,49.68,48.80,49.68,30400,40.48
20080108,50.43,50.43,49.04,49.17,62200,40.06
20080107,50.06,50.28,49.59,50.01,45400,40.74
20080104,50.05,50.05,49.59,49.65,20000,40.45
20080103,50.90,50.90,50.50,50.53,4000,41.17
20080102,51.40,51.40,50.31,50.46,31700,41.11
20071231,50.97,51.47,50.97,51.10,26500,41.63
20071228,53.04,53.04,51.39,51.46,11300,41.93
20071227,52.04,52.04,51.58,51.58,19100,42.02
20071226,52.00,52.27,52.00,52.25,19400,42.57
20071224,52.64,52.64,52.05,52.17,107200,42.50
20071221,51.77,51.99,51.66,51.91,9300,42.29
20071220,50.95,51.25,50.80,51.24,6800,41.75
20071219,51.35,51.53,51.01,51.13,5900,41.66
20071218,51.25,51.45,50.73,51.43,3700,41.90
20071217,51.17,51.41,50.94,50.99,15100,41.54
20071214,52.64,52.64,51.49,51.67,8400,42.10
20071213,52.41,52.86,52.20,52.77,8400,42.63
20071212,53.18,53.34,52.20,52.71,31100,42.58
20071211,53.81,54.00,52.51,52.58,23700,42.48
20071210,53.49,53.78,53.49,53.69,7000,43.37
20071207,53.50,53.58,53.34,53.40,6500,43.14
20071206,52.78,53.40,52.77,53.30,14200,43.06
20071205,52.68,52.74,52.45,52.65,7900,42.53
20071204,51.92,52.14,51.92,51.96,5300,41.97
20071203,52.37,52.50,52.18,52.30,30100,42.25
20071130,52.60,52.71,52.30,52.62,17600,42.51
20071129,51.75,52.28,51.71,51.97,19200,41.98
20071128,50.96,51.92,50.96,51.76,13700,41.81
20071127,50.26,50.54,49.87,50.54,13200,40.83
20071126,50.92,51.09,49.72,49.83,58600,40.25
20071123,50.74,50.91,50.71,50.88,900,41.10
20071121,50.70,50.82,50.14,50.16,115100,40.52
20071120,50.88,51.25,50.35,51.02,15900,41.22
20071119,51.58,51.58,50.71,50.78,27200,41.02
20071116,51.77,51.90,51.25,51.65,137600,41.72
20071115,52.25,52.25,51.37,51.71,25600,41.77
20071114,52.85,52.96,52.28,52.28,14300,42.23
20071113,51.82,52.52,51.69,52.50,10900,42.41
20071112,51.82,52.01,51.21,51.22,87400,41.38
20071109,51.28,52.13,51.24,51.50,26900,41.60
20071108,51.77,52.02,51.18,51.88,11200,41.91
20071107,52.54,52.65,51.53,51.53,24100,41.63
20071106,52.68,53.02,52.50,53.02,8100,42.83
20071105,52.30,52.60,52.23,52.58,22600,42.48
20071102,52.95,52.95,52.30,52.80,25000,42.65
20071101,53.58,53.66,52.65,53.03,13000,42.84
20071031,54.27,54.64,54.00,54.48,23200,44.01
20071030,54.24,54.25,54.10,54.22,7500,43.80
20071029,54.51,54.60,54.47,54.60,4500,44.11
20071026,54.00,54.30,53.80,54.30,2200,43.87
20071025,53.57,53.76,53.24,53.76,9800,43.43
20071024,53.61,53.61,52.84,53.53,26500,43.24
20071023,53.79,53.79,53.25,53.54,6400,43.25
20071022,52.99,53.45,52.89,53.44,11400,43.17
20071019,54.28,54.28,53.17,53.17,24200,42.95
20071018,54.34,54.48,54.30,54.37,1300,43.92
20071017,54.90,54.90,54.16,54.32,6600,43.88
20071016,54.78,54.83,54.58,54.58,3900,44.09
20071015,56.53,56.53,54.85,54.99,9100,44.42
20071012,55.47,55.47,55.36,55.39,6700,44.75
20071011,55.78,55.87,55.16,55.41,8800,44.76
20071010,55.57,55.57,55.33,55.54,1900,44.87
20071009,55.54,55.66,55.31,55.66,9400,44.96
20071008,55.47,55.49,55.31,55.31,5400,44.68
20071005,55.49,55.73,55.46,55.60,6400,44.92
20071004,55.20,55.26,55.14,55.21,2200,44.60
20071003,55.18,55.20,55.02,55.09,3100,44.50
20071002,55.24,55.24,55.00,55.22,16000,44.61
20071001,54.69,55.30,54.69,55.23,8600,44.62
20070928,54.71,54.72,54.51,54.65,4800,44.15
20070927,54.67,54.76,54.54,54.76,2700,44.24
20070926,54.49,54.73,54.44,54.71,2000,44.20
20070925,54.17,54.35,54.07,54.33,14700,43.89
20070924,54.72,54.78,54.33,54.33,29500,43.89
20070921,55.24,55.29,55.11,55.13,10500,44.26
20070920,55.24,55.34,54.92,54.93,6800,44.10
20070919,55.43,55.59,55.23,55.27,17800,44.37
20070918,53.64,54.96,53.62,54.96,17000,44.12
20070917,53.51,53.54,53.38,53.41,8800,42.88
20070914,53.34,53.66,53.34,53.66,7700,43.08
20070913,53.48,53.81,53.45,53.50,2800,42.95
20070912,52.85,53.30,52.85,53.20,4600,42.71
20070911,52.56,52.96,52.56,52.94,11000,42.50
20070910,52.50,52.55,51.99,52.36,12800,42.03
20070907,52.76,52.76,52.31,52.48,3300,42.13
20070906,53.04,53.19,52.89,53.19,13200,42.70
20070905,53.16,53.16,52.79,53.06,12900,42.59
20070904,53.09,53.68,53.09,53.62,7700,43.04
20070831,53.17,53.43,52.88,53.10,12700,42.63
20070830,52.66,52.92,52.57,52.65,6200,42.27
20070829,52.25,52.92,52.19,52.91,10600,42.47
20070828,52.74,52.75,51.96,51.99,10200,41.74
20070827,53.31,53.32,53.16,53.16,5700,42.67
20070824,53.20,53.60,53.12,53.60,11800,43.03
20070823,53.32,53.34,52.88,53.13,10100,42.65
20070822,53.10,53.22,52.80,53.11,13000,42.63
20070821,52.60,52.93,52.60,52.63,9500,42.25
20070820,52.54,52.76,52.19,52.70,41900,42.31
20070817,52.94,52.94,52.02,52.83,8800,42.41
20070816,50.71,51.62,50.00,51.56,31200,41.39
20070815,51.50,51.96,51.00,51.00,10700,40.94
20070814,52.18,52.18,51.50,51.50,11700,41.34
20070813,52.76,52.76,52.10,52.10,6500,41.82
20070810,51.86,52.56,51.60,52.53,12300,42.17
20070809,53.14,53.45,52.48,52.48,29900,42.13
20070808,53.82,53.99,53.28,53.93,24300,43.29
20070807,52.50,53.68,52.50,53.25,28900,42.75
20070806,51.56,52.75,51.18,52.63,16200,42.25
20070803,52.80,52.80,51.26,51.46,16700,41.31
20070802,52.50,52.78,52.35,52.78,6700,42.37
20070801,52.14,52.54,51.70,52.54,39700,42.18
20070731,52.98,53.08,52.10,52.10,18700,41.82
20070730,51.95,52.69,51.74,52.59,23400,42.22
20070727,52.70,53.10,52.25,52.26,23000,41.95
20070726,53.60,53.60,52.39,53.03,50500,42.57
20070725,54.36,54.39,53.72,54.02,11300,43.37
20070724,54.67,54.82,53.86,53.95,18800,43.31
20070723,55.08,55.25,55.05,55.10,19600,44.23
20070720,55.35,55.35,54.71,54.71,12500,43.92
20070719,55.50,55.50,55.26,55.47,15400,44.53
20070718,55.38,55.38,54.98,55.26,11300,44.36
20070717,55.65,55.72,55.42,55.44,9800,44.51
20070716,55.62,55.72,55.44,55.58,14500,44.62
20070713,55.45,55.73,55.45,55.63,8400,44.66
20070712,54.67,55.36,54.67,55.36,2200,44.44
20070711,54.11,54.33,54.05,54.27,5100,43.57
20070710,54.37,54.55,54.00,54.02,10600,43.37
20070709,54.75,54.83,54.45,54.77,135200,43.97
20070706,54.45,54.73,54.45,54.58,4000,43.81
20070705,54.76,54.82,54.40,54.61,13900,43.84
20070703,54.60,54.73,54.51,54.51,2400,43.76
20070702,54.24,54.48,54.24,54.48,5900,43.73
20070629,54.36,54.43,53.62,53.92,23300,43.28
20070628,54.00,54.29,53.96,54.10,11900,43.43
20070627,53.36,54.00,53.23,54.00,2800,43.35
20070626,53.76,53.98,53.50,53.50,5800,42.95
20070625,53.78,54.13,53.50,53.57,8700,43.00
20070622,54.49,54.49,53.92,54.00,8700,43.11
20070621,54.26,54.71,54.26,54.64,16700,43.62
20070620,55.36,55.36,54.61,54.61,33600,43.60
20070619,55.02,55.28,55.00,55.28,5700,44.13
20070618,55.33,55.33,55.13,55.13,9200,44.01
20070615,55.33,55.43,55.19,55.25,19400,44.11
20070614,54.83,54.99,54.80,54.92,8200,43.85
20070613,54.12,54.56,54.08,54.52,7100,43.53
20070612,54.36,54.36,53.83,53.90,9700,43.03
20070611,54.41,54.64,54.21,54.46,33500,43.48
20070608,53.64,54.59,53.64,54.59,87200,43.58
20070607,54.64,54.64,53.83,53.83,7200,42.98
20070606,54.91,54.91,54.64,54.79,5300,43.74
20070605,55.38,55.38,55.08,55.21,11800,44.08
20070604,55.39,55.55,55.37,55.55,15800,44.35
20070601,55.49,55.53,55.32,55.44,24900,44.26
20070531,55.47,55.49,55.31,55.36,9600,44.20
20070530,54.84,55.30,54.82,55.30,10900,44.15
20070529,55.02,55.09,54.84,55.00,15600,43.91
20070525,54.86,54.99,54.76,54.85,12700,43.79
20070524,55.18,55.31,54.72,54.72,7500,43.69
20070523,55.30,55.53,55.23,55.23,7000,44.09
20070522,55.23,55.43,55.19,55.31,4600,44.16
20070521,55.34,55.43,55.26,55.26,9300,44.12
20070518,55.10,55.28,55.10,55.26,7600,44.12
20070517,54.96,55.06,54.86,54.98,7400,43.89
20070516,54.81,54.99,54.75,54.99,15800,43.90
20070515,54.46,54.86,54.46,54.51,8000,43.52
20070514,54.62,54.72,54.35,54.35,14600,43.39
20070511,54.17,54.47,54.17,54.40,2400,43.43
20070510,54.54,54.57,54.12,54.12,18000,43.21
20070509,54.56,54.80,54.50,54.79,6500,43.74
20070508,54.47,54.56,54.37,54.55,5500,43.55
20070507,54.69,54.69,54.60,54.62,6100,43.61
20070504,54.48,54.71,54.35,54.48,12100,43.49
20070503,54.29,54.38,54.25,54.38,5000,43.41
20070502,54.00,54.21,54.00,54.11,15800,43.20
20070501,53.78,53.83,53.65,53.71,10500,42.88
20070430,54.04,54.14,53.74,53.74,3800,42.90
20070427,53.94,54.06,53.85,54.06,2700,43.16
20070426,54.06,54.09,53.88,54.09,6700,43.18
20070425,53.65,53.89,53.65,53.89,6900,43.02
20070424,53.46,53.53,53.27,53.47,3700,42.69
20070423,53.80,53.80,53.55,53.55,5400,42.75
20070420,53.70,53.70,53.58,53.64,2400,42.82
20070419,53.21,53.37,53.21,53.26,5600,42.52
20070418,53.24,53.43,53.24,53.40,3400,42.63
20070417,53.25,53.32,53.15,53.26,6200,42.52
20070416,52.87,53.17,52.87,53.17,11400,42.45
20070413,52.50,52.56,52.37,52.56,12100,41.96
20070412,52.14,52.29,52.00,52.29,4800,41.75
20070411,52.43,52.43,52.09,52.18,5800,41.66
20070410,52.28,52.46,52.28,52.46,4300,41.88
20070409,52.22,52.31,52.20,52.27,19400,41.73
20070405,52.05,52.26,52.03,52.22,3500,41.69
20070404,52.11,52.14,52.02,52.11,4400,41.60
20070403,51.93,52.18,51.93,51.97,16600,41.49
20070402,51.72,51.72,51.50,51.65,12800,41.24
20070330,51.73,51.88,51.24,51.56,14300,41.16
20070329,51.77,51.77,51.57,51.69,5900,41.27
20070328,51.68,51.68,51.38,51.48,17000,41.10
20070327,51.86,51.86,51.72,51.82,8000,41.37
20070326,51.81,52.04,51.59,52.04,13800,41.55
20070323,52.15,52.30,52.13,52.27,12600,41.52
20070322,52.20,52.29,52.11,52.16,8100,41.43
20070321,51.30,51.95,51.28,51.95,16900,41.26
20070320,50.93,51.29,50.92,51.29,4600,40.74
20070319,50.59,50.92,50.58,50.87,6100,40.40
20070316,50.58,50.75,50.29,50.38,8900,40.02
20070315,50.43,50.70,50.43,50.61,4900,40.20
20070314,50.39,50.39,49.82,50.36,10100,40.00
20070313,50.84,50.94,50.16,50.16,10800,39.84
20070312,50.98,51.13,50.86,51.03,6500,40.53
20070309,51.14,51.14,50.88,51.04,5100,40.54
20070308,51.02,51.08,50.95,50.95,9100,40.47
20070307,50.68,50.86,50.58,50.58,13400,40.17
20070306,50.46,50.80,50.30,50.74,10700,40.30
20070305,50.31,50.57,50.00,50.00,19400,39.71
20070302,50.98,51.00,50.45,50.45,10300,40.07
20070301,50.58,51.24,50.58,51.07,18900,40.56
20070228,51.08,51.57,51.00,51.19,119100,40.66
20070227,52.32,52.32,50.90,51.07,43600,40.56
20070226,52.84,52.84,52.56,52.60,22100,41.78
20070223,52.65,52.65,52.34,52.48,8900,41.68
20070222,52.66,52.67,52.49,52.60,5400,41.78
20070221,52.67,52.75,52.55,52.64,14800,41.81
20070220,52.61,52.86,52.57,52.79,41500,41.93
20070216,52.71,52.71,52.62,52.69,7200,41.85
20070215,52.78,52.78,52.69,52.74,109900,41.89
20070214,52.53,52.83,52.53,52.79,5900,41.93
20070213,52.22,52.45,52.22,52.45,9600,41.66
20070212,52.17,52.17,51.98,52.05,11300,41.34
20070209,52.45,52.45,52.00,52.16,38000,41.43
20070208,52.32,52.34,52.13,52.34,23200,41.57
20070207,52.49,52.51,52.29,52.37,12400,41.60
20070206,52.50,52.50,52.36,52.44,14800,41.65
20070205,52.37,52.44,52.23,52.38,15900,41.60
20070202,52.30,52.42,52.25,52.42,6100,41.64
20070201,52.11,52.34,52.07,52.34,20000,41.57
20070131,51.70,52.46,51.60,52.00,31000,41.30
20070130,51.59,51.66,51.50,51.66,9600,41.03
20070129,51.54,51.66,51.45,51.48,4600,40.89
20070126,51.63,51.63,51.30,51.45,3700,40.87
20070125,52.06,52.06,51.48,51.51,11200,40.91
20070124,51.85,52.08,51.80,52.08,9900,41.37
20070123,51.49,51.75,51.46,51.67,10600,41.04
20070122,51.79,51.79,51.47,51.54,23100,40.94
20070119,51.64,51.75,51.60,51.72,10400,41.08
20070118,51.68,51.68,51.52,51.54,8200,40.94
20070117,51.56,51.68,51.47,51.53,16600,40.93
20070116,51.50,51.63,51.40,51.50,10900,40.90
20070112,51.38,51.52,51.30,51.50,54100,40.90
20070111,51.26,51.48,51.26,51.33,49600,40.77
20070110,51.14,51.18,50.93,51.14,7600,40.62
20070109,51.24,51.29,51.03,51.20,34400,40.67
20070108,51.19,51.29,51.00,51.24,21800,40.70
20070105,51.50,51.50,51.16,51.23,10500,40.69
20070104,51.40,51.70,51.39,51.59,11400,40.98
20070103,51.96,52.09,51.47,51.72,35000,41.08
20061229,51.95,51.97,51.67,51.71,13900,41.07
20061228,52.08,52.08,51.92,52.05,10500,41.34
20061227,51.90,52.06,51.87,52.04,9900,41.33
20061226,51.35,51.68,51.35,51.68,5700,41.05
20061222,51.64,51.64,51.36,51.37,3900,40.80
20061221,51.87,51.92,51.70,51.73,3000,40.95
20061220,51.98,52.03,51.88,51.89,5500,41.08
20061219,51.72,51.92,51.69,51.92,2700,41.10
20061218,51.96,51.96,51.73,51.75,8900,40.96
20061215,51.90,51.95,51.83,51.85,45100,41.04
20061214,51.42,51.78,51.38,51.78,19500,40.99
20061213,51.38,51.38,51.25,51.31,8900,40.62
20061212,51.09,51.19,50.93,51.18,6800,40.51
20061211,50.99,51.12,50.98,51.05,5100,40.41
20061208,50.85,51.06,50.74,51.00,5100,40.37
20061207,50.98,50.99,50.88,50.89,5200,40.28
20061206,51.05,51.07,50.98,50.98,5000,40.35
20061205,50.99,51.06,50.94,51.06,16700,40.42
20061204,50.60,50.85,50.60,50.85,2200,40.25
20061201,50.73,50.73,50.25,50.38,8400,39.88
20061130,50.66,50.77,50.37,50.68,20300,40.12
20061129,50.25,50.59,50.25,50.59,16300,40.05
20061128,49.89,50.07,49.89,50.05,4100,39.62
20061127,50.29,50.29,49.82,49.90,13000,39.50
20061124,50.60,50.60,50.38,50.43,4000,39.92
20061122,50.60,50.60,50.45,50.51,14700,39.98
20061121,50.74,50.74,50.45,50.50,9900,39.97
20061120,50.69,50.69,50.50,50.56,17300,40.02
20061117,50.60,50.60,50.26,50.54,46000,40.01
20061116,50.51,50.57,50.46,50.46,31200,39.94
