20140814,78.99,79.84,78.63,79.83,798300,79.83
20140813,78.71,79.24,78.41,78.83,850300,78.83
20140812,78.41,78.56,77.68,78.19,822700,78.19
20140811,76.76,78.67,76.76,78.29,1372800,78.29
20140808,75.00,76.39,74.94,76.33,887600,76.33
20140807,76.12,76.39,74.78,74.82,924100,74.82
20140806,75.61,76.27,75.48,75.83,555900,75.83
20140805,76.52,76.89,75.62,75.92,921000,75.92
20140804,75.89,77.23,75.64,77.08,945800,77.08
20140801,75.66,76.49,75.18,75.89,1090900,75.89
20140731,77.12,77.33,75.52,75.55,743800,75.55
20140730,76.91,77.17,76.12,77.05,1028800,77.05
20140729,77.43,77.98,76.42,76.47,953300,76.47
20140728,78.25,78.64,77.39,77.40,1339100,77.40
20140725,78.00,78.86,77.58,78.13,1298600,78.13
20140724,77.50,78.98,77.35,77.99,1749100,77.99
20140723,77.42,77.47,76.47,76.55,1193700,76.55
20140722,76.63,77.45,76.63,77.14,862300,77.14
20140721,76.15,76.76,75.70,76.42,721400,76.42
20140718,75.67,76.44,75.52,76.35,487200,76.35
20140717,75.98,76.41,75.15,75.24,626300,75.24
20140716,76.87,77.05,76.31,76.41,728600,76.41
20140715,76.79,77.23,76.04,76.48,781300,76.48
20140714,77.32,77.77,76.76,76.77,689400,76.77
20140711,76.67,77.04,76.29,76.86,644700,76.86
20140710,75.80,77.16,75.80,76.70,919100,76.70
20140709,76.21,77.05,75.84,77.03,1076100,77.03
20140708,75.88,75.98,75.48,75.82,1188700,75.82
20140707,75.90,76.43,75.90,76.31,564000,76.31
20140703,76.18,76.65,76.10,76.57,487700,76.57
20140702,75.67,76.05,75.43,75.99,625000,75.99
20140701,75.80,75.98,75.26,75.61,793500,75.61
20140630,75.56,75.81,75.02,75.72,791700,75.72
20140627,75.26,75.99,74.75,75.62,2167100,75.62
20140626,75.24,75.63,74.55,75.41,1201900,75.41
20140625,74.36,75.70,73.93,75.16,2960000,75.16
20140624,74.64,75.31,74.02,74.11,1236600,74.11
20140623,74.69,74.88,74.14,74.81,1497400,74.81
20140620,74.21,74.71,74.02,74.53,1264900,74.53
20140619,73.13,74.19,73.06,74.14,1367600,74.14
20140618,72.65,73.16,72.50,73.15,2126600,73.15
20140617,72.27,72.79,72.18,72.65,911300,72.65
20140616,72.33,72.76,72.14,72.50,813700,72.50
20140613,72.53,72.95,72.00,72.47,1529200,72.47
20140612,73.38,73.42,72.26,72.44,1228000,72.44
20140611,73.81,74.00,73.25,73.44,1514500,73.44
20140610,74.26,74.32,73.55,74.20,1305700,74.20
20140609,75.00,75.00,74.25,74.36,1348300,74.36
20140606,74.97,75.00,74.66,74.95,1605500,74.95
20140605,74.84,74.93,74.07,74.63,1312600,74.63
20140604,74.45,74.67,74.18,74.55,1456600,74.55
20140603,74.59,75.11,74.17,74.76,1270700,74.76
20140602,73.98,74.94,73.86,74.84,963900,74.84
20140530,73.00,74.02,72.73,73.93,1217300,73.93
20140529,72.98,73.12,72.17,73.05,995800,73.05
20140528,71.99,73.32,71.79,72.88,1183700,72.88
20140527,72.48,73.21,71.95,72.36,795900,72.01
20140523,71.62,72.37,71.52,72.22,574600,71.87
20140522,71.59,72.00,71.33,71.44,880000,71.09
20140521,71.01,71.78,71.01,71.57,606300,71.22
20140520,71.42,71.49,70.43,70.61,893500,70.27
20140519,70.85,71.58,70.39,71.47,714800,71.12
20140516,70.52,70.90,69.90,70.89,1115900,70.55
20140515,71.83,71.96,70.25,70.85,793300,70.51
20140514,72.89,72.89,72.07,72.29,1026600,71.94
20140513,73.11,73.11,72.35,72.66,816700,72.31
20140512,72.25,73.09,71.83,72.80,683300,72.45
20140509,71.25,71.87,70.74,71.75,1133900,71.40
20140508,71.32,72.57,70.98,71.31,663500,70.97
20140507,71.71,71.72,70.49,71.58,905500,71.23
20140506,71.94,72.23,71.41,71.42,765700,71.07
20140505,71.84,72.20,71.31,71.96,1108100,71.61
20140502,71.96,73.20,71.94,72.04,906800,71.69
20140501,71.34,71.61,70.81,71.52,1369700,71.17
20140430,71.52,71.80,71.05,71.34,1137500,70.99
20140429,71.05,71.74,70.91,71.68,1074700,71.33
20140428,73.15,73.15,70.09,70.90,2013500,70.56
20140425,74.39,74.57,72.41,72.65,1312600,72.30
20140424,73.96,75.00,73.21,74.71,1599200,74.35
20140423,73.21,73.69,72.71,73.12,1870300,72.77
20140422,72.20,73.50,72.13,73.22,1182600,72.87
20140421,71.80,72.15,71.47,71.98,968000,71.63
20140417,71.21,72.16,71.16,71.87,1296300,71.52
20140416,71.30,71.52,70.86,71.35,1227500,71.00
20140415,70.78,70.94,69.12,70.50,1408100,70.16
20140414,70.43,71.03,69.57,70.13,1686100,69.79
20140411,70.16,70.70,69.21,69.43,1079200,69.09
20140410,72.24,72.47,70.34,70.60,892100,70.26
20140409,71.17,72.63,71.10,72.06,1580900,71.71
20140408,71.02,71.82,70.85,71.04,1236300,70.70
20140407,72.29,72.29,70.31,71.01,1410500,70.67
20140404,74.06,74.54,72.23,72.39,919300,72.04
20140403,74.50,74.71,73.18,73.39,974200,73.04
20140402,74.21,74.92,74.10,74.67,1114000,74.31
20140401,73.73,74.52,73.56,74.12,1660700,73.76
20140331,73.12,73.95,73.12,73.23,1232100,72.88
20140328,71.93,73.57,71.79,72.67,1135100,72.32
20140327,70.97,71.64,70.36,71.52,1817600,71.17
20140326,73.09,73.16,70.98,70.98,1407200,70.64
20140325,72.56,73.13,72.20,72.93,1003200,72.58
20140324,73.08,73.33,71.91,72.10,904400,71.75
20140321,73.36,73.53,72.62,72.93,1295000,72.58
20140320,72.90,73.27,72.29,72.61,1021400,72.26
20140319,73.68,74.21,72.79,73.28,958100,72.93
20140318,73.05,74.10,73.05,73.80,763400,73.44
20140317,72.75,73.07,72.44,73.05,879700,72.70
20140314,72.00,73.01,71.92,72.13,1696300,71.78
20140313,74.05,74.08,72.01,72.15,2827200,71.80
20140312,74.10,74.42,73.58,73.87,1173700,73.51
20140311,75.29,75.65,74.63,74.85,1375700,74.14
20140310,75.61,75.78,74.15,74.68,1213700,73.97
20140307,76.26,76.63,75.50,75.70,941800,74.98
20140306,74.84,76.32,74.75,75.74,1332200,75.02
20140305,74.65,74.95,74.36,74.80,1114400,74.09
20140304,73.06,74.69,72.88,74.65,1785700,73.94
20140303,71.94,73.11,71.79,72.73,1500500,72.04
20140228,73.00,73.35,72.18,72.88,1379600,72.19
20140227,71.79,72.98,71.44,72.97,1252500,72.28
20140226,71.12,72.22,71.01,72.00,1385900,71.32
20140225,70.80,71.19,70.55,71.12,1541900,70.45
20140224,70.08,71.68,70.05,70.65,1125900,69.98
20140221,69.26,70.15,69.15,69.96,925600,69.30
20140220,69.53,69.53,68.63,69.23,1457600,68.57
20140219,69.77,70.21,69.20,69.29,1322700,68.63
20140218,71.01,71.09,69.85,69.98,1219800,69.32
20140214,70.16,71.08,70.03,71.05,1632700,70.38
20140213,69.73,70.53,69.59,70.29,1328300,69.62
20140212,70.27,70.83,69.84,70.38,1642300,69.71
20140211,70.31,70.51,69.83,69.96,1601000,69.30
20140210,70.82,71.02,70.02,70.31,1711900,69.64
20140207,69.40,71.05,66.32,70.34,5803200,69.67
20140206,69.94,72.49,69.94,72.38,1722300,71.69
20140205,69.15,70.00,68.72,69.86,955000,69.20
20140204,69.11,70.02,68.80,69.86,1476300,69.20
20140203,71.20,71.33,68.48,68.62,2308700,67.97
20140131,70.73,71.50,70.49,70.94,1851100,70.27
20140130,72.05,72.19,71.50,71.74,1486100,71.06
20140129,72.38,72.38,70.61,71.06,1250100,70.39
20140128,72.22,73.19,72.22,72.76,1336900,72.07
20140127,73.74,73.74,71.16,72.05,1579600,71.37
20140124,73.41,73.45,71.79,71.85,991700,71.17
20140123,75.00,75.00,73.61,74.23,879100,73.53
20140122,74.64,75.25,74.09,75.00,812800,74.29
20140121,74.83,75.08,73.60,74.36,617500,73.65
20140117,73.76,74.72,73.62,74.37,748600,73.66
20140116,73.58,74.10,73.58,73.86,583500,73.16
20140115,73.85,74.50,73.51,73.90,634600,73.20
20140114,71.90,73.85,71.44,73.83,1130700,73.13
20140113,72.63,73.05,71.32,71.48,677800,70.80
20140110,72.59,73.16,72.35,72.97,542000,72.28
20140109,72.74,72.80,71.63,72.26,563600,71.57
20140108,72.18,72.56,71.68,72.51,1451600,71.82
20140107,72.77,72.98,71.69,71.74,1817100,71.06
20140106,72.92,73.32,72.40,72.48,1081700,71.79
20140103,73.53,73.79,72.33,72.49,1092000,71.80
20140102,73.39,73.87,72.98,73.52,1284900,72.82
20131231,73.38,74.18,73.38,73.69,608900,72.99
20131230,72.96,73.65,72.84,73.32,525200,72.62
20131227,73.54,73.54,72.76,73.01,405600,72.32
20131226,73.00,73.36,72.80,73.20,567800,72.51
20131224,72.61,73.07,72.53,72.71,236000,72.02
20131223,73.27,73.48,72.10,72.49,829100,71.80
20131220,72.25,73.09,72.10,72.97,1332800,72.28
20131219,71.97,72.73,71.49,71.95,1243800,71.27
20131218,70.76,72.48,70.30,72.42,1391600,71.73
20131217,71.15,71.20,69.87,70.41,1134600,69.74
20131216,70.96,71.38,70.62,71.25,1150600,70.57
20131213,70.46,70.96,70.13,70.59,932900,69.92
20131212,70.90,71.21,69.95,70.25,1528300,69.58
20131211,71.67,71.90,70.65,70.74,889000,70.07
20131210,72.46,72.46,71.33,71.67,1122100,70.99
20131209,72.59,72.80,71.92,72.46,1082400,71.77
20131206,72.18,72.43,71.54,72.40,921500,71.71
20131205,71.44,72.15,70.93,71.19,966200,70.51
20131204,71.67,72.62,71.02,71.70,1039100,71.02
20131203,72.47,72.95,71.71,72.00,1663200,71.32
20131202,71.68,72.88,71.56,72.07,1300400,71.39
20131129,72.22,72.25,71.47,71.71,398900,71.03
20131127,71.62,72.38,71.18,72.26,1058900,71.57
20131126,70.79,71.87,70.72,71.58,1124400,70.90
20131125,71.00,71.29,70.48,70.80,1108000,70.13
20131122,70.00,70.99,69.45,70.95,1506700,70.28
20131121,68.58,70.95,68.41,70.15,2556600,69.20
20131120,69.07,69.43,68.24,68.28,941900,67.35
20131119,69.24,69.25,68.46,68.76,995200,67.83
20131118,68.97,69.88,68.65,69.24,2024600,68.30
20131115,67.90,69.10,67.58,68.92,1039200,67.98
20131114,67.07,68.00,66.74,67.91,772400,66.99
20131113,65.59,66.96,65.59,66.91,570200,66.00
20131112,66.41,66.62,65.85,66.07,717100,65.17
20131111,66.23,66.90,66.18,66.49,540800,65.59
20131108,65.79,66.53,65.53,66.20,1169200,65.30
20131107,67.47,67.50,65.54,65.60,1187500,64.71
20131106,67.12,67.28,66.76,67.26,1056300,66.35
20131105,67.06,67.26,66.45,66.99,694200,66.08
20131104,66.93,67.45,66.80,67.44,767200,66.52
20131101,66.70,67.03,66.07,66.80,743100,65.89
20131031,66.25,66.90,65.78,66.40,831400,65.50
20131030,67.36,67.52,65.63,66.25,1009600,65.35
20131029,67.19,67.40,66.78,67.28,1000800,66.37
20131028,67.40,67.40,66.69,67.02,1268400,66.11
20131025,67.25,67.49,66.86,67.35,859800,66.44
20131024,65.66,67.45,65.45,67.06,2100400,66.15
20131023,64.57,65.43,63.32,65.27,1583400,64.38
20131022,64.34,65.46,64.17,65.36,1507200,64.47
20131021,64.31,64.47,63.61,64.18,829400,63.31
20131018,64.02,64.38,63.95,64.21,664000,63.34
20131017,62.53,63.87,62.48,63.81,803800,62.94
20131016,61.98,62.81,61.80,62.75,999200,61.90
20131015,61.79,61.95,61.51,61.60,799700,60.76
20131014,61.17,61.98,61.00,61.93,563100,61.09
20131011,60.46,61.61,60.31,61.56,695500,60.72
20131010,60.28,61.00,60.23,60.54,1849300,59.72
20131009,59.45,59.80,58.53,59.48,1334200,58.67
20131008,60.37,60.79,59.22,59.36,1193900,58.55
20131007,60.17,61.03,60.10,60.55,969300,59.73
20131004,60.35,61.10,60.14,60.84,926200,60.01
20131003,60.78,61.02,59.66,60.38,1072200,59.56
20131002,60.60,61.08,60.48,60.90,964200,60.07
20131001,60.80,61.37,60.61,60.96,1197500,60.13
20130930,60.96,61.39,60.61,60.97,842400,60.14
20130927,61.64,61.78,61.10,61.65,497500,60.81
20130926,61.95,62.22,61.27,61.94,602300,61.10
20130925,61.99,62.13,61.31,61.93,548300,61.09
20130924,61.67,62.46,61.24,61.97,890900,61.13
20130923,62.21,62.43,61.61,61.64,845700,60.80
20130920,63.00,63.10,61.95,62.43,1235100,61.58
20130919,63.70,63.89,63.01,63.09,632100,62.23
20130918,62.58,63.67,62.28,63.62,672800,62.76
20130917,62.77,63.29,62.47,62.60,657900,61.75
20130916,62.93,63.41,62.37,62.77,894600,61.92
20130913,61.74,62.26,61.74,62.09,304300,61.25
20130912,62.17,62.17,61.51,61.75,659000,60.91
20130911,61.57,62.32,61.36,62.10,794900,61.26
20130910,61.38,61.74,61.28,61.50,668700,60.66
20130909,60.65,60.99,60.24,60.86,506600,60.03
20130906,60.76,60.79,59.32,60.33,544700,59.51
20130905,60.60,61.27,60.40,60.43,676300,59.61
20130904,59.93,61.13,59.68,60.64,622000,59.82
20130903,60.12,60.44,59.73,60.02,611700,59.20
20130830,59.49,59.67,59.10,59.36,608000,58.55
20130829,58.33,59.86,58.33,59.53,681700,58.72
20130828,58.71,58.81,58.00,58.41,844700,57.62
20130827,60.27,60.27,58.76,58.83,969200,58.03
20130826,60.38,61.50,60.12,61.12,1055900,60.29
20130823,60.43,60.54,59.78,60.42,707300,59.60
20130822,58.86,61.07,58.70,60.32,754500,59.50
20130821,59.66,59.66,58.65,58.84,757600,58.04
20130820,59.20,60.08,58.96,59.80,629700,58.99
20130819,59.19,59.80,59.14,59.23,893600,58.14
20130816,59.28,59.68,59.12,59.32,668200,58.23
20130815,60.00,60.05,59.27,59.50,722400,58.40
20130814,59.80,60.50,59.67,60.33,962500,59.22
20130813,60.44,60.55,59.67,59.86,958400,58.76
20130812,60.29,60.75,59.98,60.28,726000,59.17
20130809,61.40,61.53,60.57,60.78,802900,59.66
20130808,61.42,62.00,61.24,61.41,679000,60.28
20130807,61.83,61.87,60.95,61.01,873700,59.89
20130806,62.96,62.99,61.66,62.01,826400,60.87
20130805,63.46,63.63,62.80,63.04,598500,61.88
20130802,63.38,64.18,63.32,63.65,672100,62.48
20130801,62.83,63.85,62.54,63.71,1394500,62.54
20130731,62.08,62.73,62.03,62.30,1924700,61.15
20130730,61.65,61.99,61.40,61.77,704900,60.63
20130729,61.72,61.96,61.20,61.50,694900,60.37
20130726,61.06,61.78,60.81,61.77,745300,60.63
20130725,60.92,61.55,60.62,61.39,1279100,60.26
20130724,61.44,62.59,61.15,61.24,1901400,60.11
20130723,60.15,60.62,59.80,59.91,1210900,58.81
20130722,59.84,60.51,59.84,60.00,690600,58.90
20130719,59.98,60.23,59.59,59.84,914700,58.74
20130718,60.53,61.19,59.76,59.96,960700,58.86
20130717,59.44,60.92,59.44,60.42,971100,59.31
20130716,59.74,60.08,58.97,59.16,1148700,58.07
20130715,60.04,60.34,59.57,59.60,972400,58.50
20130712,59.85,60.42,59.72,59.97,989100,58.87
20130711,60.49,60.60,59.66,59.95,765000,58.85
20130710,59.03,59.65,58.67,59.52,807800,58.42
20130709,59.24,59.52,58.44,59.05,1006200,57.96
20130708,58.86,59.63,58.70,58.78,978700,57.70
20130705,57.37,58.95,57.33,58.94,1060700,57.85
20130703,56.73,57.39,56.37,56.83,804900,55.78
20130702,57.39,57.71,56.84,57.07,1413400,56.02
20130701,57.63,57.83,57.00,57.38,892200,56.32
20130628,57.25,57.83,56.67,57.23,1412300,56.18
20130627,57.16,57.76,56.99,57.42,1252500,56.36
20130626,56.85,57.16,56.45,56.86,1506500,55.81
20130625,55.52,56.48,55.33,56.37,1936000,55.33
20130624,54.37,55.19,53.53,54.85,3188700,53.84
20130621,56.23,56.26,52.84,55.15,3838700,54.13
20130620,57.86,57.90,55.49,55.67,1820800,54.64
20130619,59.46,59.92,58.49,58.49,1085600,57.41
20130618,59.19,60.04,59.16,59.61,967900,58.51
20130617,59.10,59.51,58.76,59.18,988300,58.09
20130614,59.07,59.49,58.61,58.79,1123600,57.71
20130613,57.54,59.34,57.10,59.30,1883800,58.21
20130612,58.43,58.69,57.13,57.44,1255500,56.38
20130611,57.17,58.19,56.51,57.93,1483700,56.86
20130610,58.40,58.84,57.84,57.95,771600,56.88
20130607,58.05,59.02,57.85,58.32,1446400,57.25
20130606,57.01,57.74,56.81,57.63,1333400,56.57
20130605,57.73,58.05,56.84,57.11,1120100,56.06
20130604,58.08,58.95,57.29,57.83,1920600,56.77
20130603,58.38,58.38,56.82,58.07,2390400,57.00
20130531,58.78,59.21,58.10,58.12,1851700,57.05
20130530,59.93,60.27,59.11,59.11,1649200,58.02
20130529,60.88,61.23,59.74,59.81,1693600,58.71
20130528,60.92,61.56,60.84,61.43,1729400,60.30
20130524,60.40,60.60,59.97,60.48,1183900,59.37
20130523,60.33,61.34,59.75,60.89,1318900,59.77
20130522,60.91,62.07,60.36,60.69,1310100,59.29
20130521,60.87,61.49,60.39,61.32,1584000,59.90
20130520,61.13,61.30,60.38,61.01,1863300,59.60
20130517,61.59,61.96,60.66,60.99,2678900,59.58
20130516,62.65,63.10,61.26,61.37,1750500,59.95
20130515,62.94,63.54,62.44,62.59,2373400,61.14
20130514,64.06,64.34,63.38,63.83,1411500,62.36
20130513,64.51,65.00,63.75,64.11,1177100,62.63
20130510,63.57,64.74,63.47,64.68,1146600,63.19
20130509,63.78,64.04,63.21,63.45,1398500,61.98
20130508,63.73,64.36,63.34,63.75,1336000,62.28
20130507,63.94,64.48,63.80,63.82,2205700,62.35
20130506,62.59,64.00,62.42,63.96,1444900,62.48
20130503,62.16,62.85,62.10,62.57,1345800,61.12
20130502,60.41,61.75,60.14,61.37,1391900,59.95
20130501,59.83,60.40,59.12,60.13,1810900,58.74
20130430,60.58,60.99,59.80,60.08,2065500,58.69
20130429,61.45,61.49,60.17,60.48,1742600,59.08
20130426,62.50,62.99,60.77,61.26,1519800,59.84
20130425,62.35,63.25,62.27,62.60,2360600,61.15
20130424,65.00,65.00,59.98,61.84,4866000,60.41
20130423,63.80,64.88,63.55,64.41,1390800,62.92
20130422,63.55,63.73,62.84,63.60,900400,62.13
20130419,62.99,63.71,62.75,63.33,815700,61.87
20130418,63.33,63.60,62.43,62.82,639400,61.37
20130417,63.63,63.64,62.10,63.06,890300,61.60
20130416,63.74,64.12,63.43,64.03,899800,62.55
20130415,64.98,64.98,63.01,63.19,1133700,61.73
20130412,64.34,65.30,64.11,65.26,847700,63.75
20130411,64.10,64.89,64.08,64.53,951100,63.04
20130410,63.33,64.20,63.33,64.03,707100,62.55
20130409,63.81,63.94,63.12,63.20,782600,61.74
20130408,62.18,63.59,61.97,63.53,795300,62.06
20130405,61.90,62.15,60.63,62.10,2151900,60.67
20130404,62.85,63.70,62.41,62.79,2121300,61.34
20130403,64.70,64.99,62.63,62.87,2011100,61.42
20130402,64.72,64.96,64.23,64.52,961000,63.03
20130401,64.50,64.78,64.10,64.27,1367900,62.79
20130328,64.01,64.80,63.90,64.48,1260800,62.99
20130327,63.11,64.14,62.84,64.04,787600,62.56
20130326,62.89,63.49,62.67,63.44,1235000,61.97
20130325,62.82,63.21,62.30,62.48,993300,61.04
20130322,62.09,62.53,61.99,62.52,690100,61.08
20130321,61.93,62.47,61.68,61.71,930400,60.28
20130320,62.77,63.00,62.13,62.26,959800,60.82
20130319,62.79,62.92,62.04,62.40,1366900,60.96
20130318,62.15,62.69,61.63,62.54,1171700,61.10
20130315,62.60,63.23,62.52,62.97,1267800,61.52
20130314,62.72,63.18,62.50,62.90,645700,61.45
20130313,62.18,62.97,62.18,62.70,872700,61.25
20130312,62.71,62.78,61.63,62.10,1298900,60.67
20130311,63.25,63.46,62.76,62.93,1349200,61.19
20130308,62.11,63.58,61.99,63.54,1489400,61.79
20130307,61.61,62.12,61.54,61.76,1399600,60.05
20130306,61.18,61.60,60.92,61.55,1650100,59.85
20130305,60.77,61.35,60.69,60.95,1262200,59.27
20130304,60.42,60.74,60.09,60.48,1123000,58.81
20130301,59.80,61.39,59.49,60.67,1710600,59.00
20130228,59.22,60.51,59.18,60.24,1880300,58.58
20130227,58.30,59.44,58.26,59.17,1010100,57.54
20130226,57.67,58.37,57.35,58.32,1472600,56.71
20130225,58.59,58.89,57.39,57.39,1395200,55.81
20130222,57.46,58.39,57.38,58.38,1146500,56.77
20130221,57.27,57.37,56.30,57.23,1753900,55.65
20130220,58.57,58.65,57.35,57.39,1322000,55.81
20130219,59.40,59.40,58.31,58.87,1723300,57.24
20130215,58.94,59.90,58.91,59.41,1471100,57.77
20130214,58.97,59.18,58.52,58.83,1300500,57.21
20130213,59.87,59.87,58.88,59.05,973900,57.42
20130212,59.60,59.87,59.50,59.62,1008000,57.97
20130211,59.98,60.19,59.50,59.62,1046200,57.97
20130208,59.60,60.10,59.38,59.89,1020500,58.24
20130207,59.96,59.97,58.82,59.45,1648900,57.81
20130206,57.04,60.32,57.04,60.01,2959600,58.35
20130205,55.77,56.67,55.75,56.20,2510200,54.65
20130204,55.99,56.37,55.53,55.57,1847300,54.04
20130201,56.10,56.31,55.26,56.19,2876200,54.64
20130131,56.05,56.73,55.68,55.79,1424700,54.25
20130130,56.30,56.52,55.93,55.98,632100,54.43
20130129,56.90,57.10,56.21,56.26,1379300,54.71
20130128,57.26,57.35,56.77,57.10,704800,55.52
20130125,56.64,57.13,56.20,57.13,836100,55.55
20130124,55.59,56.89,55.59,56.47,938500,54.91
20130123,55.98,56.00,55.51,55.56,951500,54.03
20130122,56.09,56.17,55.71,56.00,1237200,54.45
20130118,56.48,56.57,55.78,56.10,821400,54.55
20130117,56.05,56.63,55.79,56.43,778300,54.87
20130116,56.04,56.13,55.45,55.67,729200,54.13
20130115,55.88,56.28,55.72,56.12,963100,54.57
20130114,55.96,56.35,55.80,56.00,437900,54.45
20130111,56.37,56.50,55.88,56.02,791300,54.47
20130110,56.62,56.77,55.90,56.18,1295800,54.63
20130109,56.21,56.77,56.21,56.41,978000,54.85
20130108,55.65,56.40,55.60,56.04,1831100,54.49
20130107,55.83,56.14,55.63,56.00,1298500,54.45
20130104,55.54,56.22,55.31,56.14,1410700,54.59
20130103,55.24,55.67,55.07,55.41,1194100,53.88
20130102,54.27,55.56,53.94,55.14,1655100,53.62
20121231,52.07,53.23,52.07,53.21,932500,51.74
20121228,52.56,52.94,52.07,52.13,932400,50.69
20121227,52.80,53.10,52.26,52.96,1165100,51.50
20121226,53.22,53.31,52.45,52.72,696400,51.26
20121224,53.24,53.57,53.11,53.16,416200,51.69
20121221,52.87,53.46,52.47,53.38,2083100,51.91
20121220,52.32,53.61,52.21,53.40,1548600,51.93
20121219,52.95,53.00,52.40,52.44,919400,50.99
20121218,52.22,52.93,52.15,52.81,1462800,51.35
20121217,50.54,52.16,50.54,52.12,1725500,50.68
20121214,50.16,50.54,50.04,50.26,836600,48.87
20121213,50.01,50.66,49.95,50.30,884500,48.91
20121212,50.17,50.54,49.97,50.12,1217800,48.74
20121211,50.69,50.75,50.04,50.07,1141600,48.69
20121210,49.76,50.99,49.70,50.46,2076800,49.07
20121207,49.89,49.89,49.40,49.64,1156600,48.27
20121206,49.53,49.88,49.28,49.59,1365200,48.22
20121205,49.73,50.01,49.12,49.68,1627800,48.31
20121204,49.78,50.01,49.31,49.74,1254100,48.37
20121203,49.60,50.40,49.60,49.99,2458900,48.61
20121130,48.85,49.34,48.66,49.09,2817500,47.73
20121129,49.02,49.32,48.34,48.83,1984000,47.48
20121128,48.80,48.91,47.95,48.83,2524100,47.48
20121127,49.19,49.58,48.88,48.96,1043100,47.61
20121126,49.64,49.86,48.90,49.26,1228200,47.90
20121123,49.86,50.16,49.59,50.16,236300,48.78
20121121,49.65,49.96,49.12,49.62,1033100,48.25
20121120,49.25,49.84,48.97,49.70,1951400,48.33
20121119,49.48,49.68,48.96,49.12,3056900,47.76
20121116,49.28,49.44,48.29,48.89,2303300,47.32
20121115,49.87,49.91,48.25,48.98,2637400,47.40
20121114,51.11,51.12,49.71,49.92,1505900,48.31
20121113,50.87,51.56,50.66,51.05,654300,49.41
20121112,51.68,51.78,50.92,51.14,788900,49.49
20121109,50.65,51.77,50.65,51.37,1310200,49.72
20121108,51.20,51.73,50.85,50.94,1408000,49.30
20121107,51.45,51.82,50.70,51.31,1736700,49.66
20121106,51.59,52.26,51.45,52.17,1069600,50.49
20121105,50.28,51.51,50.16,51.44,1097100,49.78
20121102,51.67,51.80,50.46,50.51,948500,48.88
20121101,50.57,51.70,50.41,51.30,1392900,49.65
20121031,51.16,51.69,50.25,50.40,1328500,48.78
20121026,51.64,51.85,50.07,50.66,1796500,49.03
20121025,52.23,52.62,51.14,51.55,1856600,49.89
20121024,53.92,54.50,52.00,52.29,1664900,50.61
20121023,53.46,53.61,52.61,53.30,1192800,51.58
20121022,54.43,54.49,53.72,54.43,667900,52.68
20121019,54.64,54.90,53.96,54.12,850600,52.38
20121018,55.03,55.29,54.58,54.87,667100,53.10
20121017,54.85,55.41,54.60,55.04,619700,53.27
20121016,54.51,54.83,54.36,54.76,858500,53.00
20121015,53.48,54.21,53.21,54.19,666600,52.45
20121012,52.93,53.50,52.93,53.27,623800,51.56
20121011,53.65,53.65,52.67,52.87,1233800,51.17
20121010,53.80,53.95,53.13,53.35,572200,51.63
20121009,54.24,54.46,53.54,53.71,723500,51.98
20121008,54.38,54.68,54.00,54.26,594400,52.51
20121005,54.81,55.09,54.33,54.60,1130700,52.84
20121004,54.13,55.34,54.02,54.41,1177300,52.66
20121003,53.25,53.84,52.96,53.61,1212200,51.88
20121002,53.06,54.11,52.93,53.21,1019300,51.50
20121001,52.65,53.64,52.62,52.87,1149200,51.17
20120928,52.70,52.72,52.15,52.48,1221300,50.79
20120927,52.80,53.40,52.47,53.02,771600,51.31
20120926,52.40,52.86,51.84,52.49,651700,50.80
20120925,53.43,53.78,52.52,52.54,958400,50.85
20120924,52.50,53.27,52.34,53.13,805800,51.42
20120921,53.69,54.11,52.45,53.00,1636400,51.29
20120920,53.28,53.91,53.20,53.36,1037600,51.64
20120919,53.49,53.99,53.47,53.52,1023700,51.80
20120918,53.40,53.54,53.07,53.39,1135900,51.67
20120917,53.65,53.83,53.42,53.56,1135700,51.84
20120914,54.11,54.68,53.57,53.75,1637000,52.02
20120913,53.59,54.25,53.19,53.97,2215400,52.23
20120912,54.09,54.11,53.41,53.54,1087300,51.82
20120911,53.70,54.22,53.69,53.89,1106700,52.16
20120910,54.42,54.52,53.61,53.69,1724700,51.96
20120907,53.88,54.95,53.76,54.32,1222100,52.57
20120906,51.48,53.84,51.48,53.65,1739200,51.92
20120905,51.40,51.54,50.90,51.00,1056400,49.36
20120904,51.95,52.09,51.11,51.45,1371300,49.79
20120831,51.96,52.26,51.50,52.14,659600,50.46
20120830,51.74,51.92,51.41,51.66,630600,50.00
20120829,51.72,52.32,51.62,52.18,853200,50.50
20120828,51.60,52.08,51.45,51.73,750700,50.07
20120827,51.49,51.87,51.15,51.69,986700,50.03
20120824,50.46,51.74,50.27,51.43,1492500,49.77
20120823,50.88,51.06,50.55,50.65,1598300,49.02
20120822,50.99,51.28,50.56,51.02,2358300,49.38
20120821,51.76,51.91,50.99,51.26,1533800,49.61
20120820,52.35,52.53,51.35,51.55,897900,49.67
20120817,52.42,52.56,51.80,52.52,812100,50.60
20120816,50.87,52.72,50.78,52.37,1462800,50.46
20120815,50.60,51.00,50.57,50.86,677800,49.00
20120814,51.38,51.38,50.50,50.63,891800,48.78
20120813,51.05,51.21,50.72,50.91,1105700,49.05
20120810,51.24,51.31,50.64,51.30,880800,49.43
20120809,51.93,52.08,51.24,51.29,1450500,49.42
20120808,52.36,52.42,51.56,51.85,1586800,49.96
20120807,53.05,53.29,52.79,52.86,886400,50.93
20120806,52.51,52.78,52.05,52.48,779300,50.56
20120803,52.19,52.95,52.15,52.48,971700,50.56
20120802,50.97,51.68,50.62,51.10,1252800,49.23
20120801,52.57,52.85,51.42,51.47,1256400,49.59
20120731,52.64,52.97,51.88,52.05,1709600,50.15
20120730,52.45,53.14,52.37,52.84,1141600,50.91
20120727,51.21,52.63,51.06,52.28,1548700,50.37
20120726,50.70,50.82,49.93,50.71,1816400,48.86
20120725,50.02,51.00,49.52,49.84,3208500,48.02
20120724,49.26,49.48,47.74,48.45,2423800,46.68
20120723,49.85,49.86,48.89,49.34,2202500,47.54
20120720,51.06,51.29,50.65,50.76,1293400,48.91
20120719,51.08,51.44,50.83,51.35,1704700,49.48
20120718,50.35,51.22,50.07,50.84,934800,48.98
20120717,50.02,50.95,49.56,50.65,1414500,48.80
20120716,50.19,50.28,49.61,49.90,1947500,48.08
20120713,49.95,50.43,49.93,50.22,3037100,48.39
20120712,50.93,50.94,49.69,49.90,3045600,48.08
20120711,52.20,52.49,51.38,51.79,1414200,49.90
20120710,52.86,53.56,51.84,52.14,1841600,50.24
20120709,52.58,52.79,52.25,52.62,888500,50.70
20120706,52.41,52.89,52.30,52.75,599200,50.82
20120705,52.78,53.24,52.27,53.07,945700,51.13
20120703,52.69,53.00,52.36,53.00,979200,51.07
20120702,52.87,53.00,52.12,52.89,1184600,50.96
20120629,51.77,52.75,51.77,52.74,1530700,50.82
20120628,50.49,51.41,50.34,50.86,1461100,49.00
20120627,50.95,51.70,50.95,51.44,1525100,49.56
20120626,50.94,51.33,50.52,51.10,1422300,49.23
20120625,50.47,50.89,49.93,50.76,1605400,48.91
20120622,51.88,52.00,50.85,51.26,4070800,49.39
20120621,52.41,52.64,51.13,51.45,1520800,49.57
20120620,52.41,52.86,51.77,52.24,1510500,50.33
20120619,51.93,52.99,51.85,52.42,1361800,50.51
20120618,51.02,51.99,50.67,51.68,1325100,49.79
20120615,51.48,51.50,51.00,51.33,1287100,49.46
20120614,50.52,51.64,50.25,51.24,1328200,49.37
20120613,50.51,51.06,50.10,50.33,1590600,48.49
20120612,49.84,50.95,49.55,50.85,1365700,48.99
20120611,51.24,51.35,49.53,49.70,1826900,47.89
20120608,49.93,50.77,49.62,50.73,1877500,48.88
20120607,51.00,51.38,50.11,50.26,2368200,48.43
20120606,48.90,50.55,48.90,50.20,2481500,48.37
20120605,47.59,48.46,47.15,48.33,1580400,46.57
20120604,47.21,47.91,46.57,47.59,2370800,45.85
20120601,48.89,48.90,46.88,47.35,2696300,45.62
20120531,50.33,50.33,48.77,49.80,7406100,47.98
20120530,50.25,50.31,49.57,50.03,2073600,48.20
20120529,50.07,50.91,49.86,50.80,2732000,48.95
20120525,49.86,50.00,49.26,49.43,1587700,47.63
20120524,49.69,50.13,49.15,49.71,1425200,47.90
20120523,48.56,49.63,48.13,49.47,2213100,47.66
20120522,48.69,49.77,48.56,48.96,2504500,47.17
20120521,46.92,48.70,46.83,48.57,2436700,46.58
20120518,47.57,48.85,46.61,46.78,6293500,44.86
20120517,50.01,50.14,47.37,47.43,3262300,45.48
20120516,51.02,51.40,49.70,49.78,3114500,47.74
20120515,50.89,51.22,50.52,50.79,2126100,48.70
20120514,51.04,51.29,50.51,50.88,1836800,48.79
20120511,50.95,52.17,50.72,51.64,1695300,49.52
20120510,51.26,51.79,50.95,51.33,2726800,49.22
20120509,50.23,50.99,49.62,50.76,2960200,48.68
20120508,51.08,51.32,49.92,50.89,2664800,48.80
20120507,50.86,51.63,50.76,51.41,2278600,49.30
20120504,51.20,51.45,50.90,51.15,2438400,49.05
20120503,51.25,51.66,50.92,51.57,2279500,49.45
20120502,50.84,51.69,50.81,51.34,1683600,49.23
20120501,50.33,51.66,50.33,51.02,2209000,48.93
20120430,50.50,50.56,49.87,50.34,1437200,48.27
20120427,50.50,50.82,50.00,50.61,2696600,48.53
20120426,49.03,50.43,49.03,50.20,4018700,48.14
20120425,47.97,49.65,47.97,48.97,3303900,46.96
20120424,47.24,47.35,46.80,47.11,2446000,45.18
20120423,47.05,47.25,46.45,47.15,1450600,45.21
20120420,48.16,48.18,47.44,47.51,1318300,45.56
20120419,47.71,48.38,47.49,47.95,2114900,45.98
20120418,47.09,47.94,47.00,47.60,2281800,45.65
20120417,47.23,47.57,46.96,47.42,1285900,45.47
20120416,47.05,47.20,46.38,46.78,1560500,44.86
20120413,46.24,47.04,46.15,46.63,1151600,44.72
20120412,45.85,46.78,45.83,46.50,1610500,44.59
20120411,45.51,46.47,45.48,45.75,2222700,43.87
20120410,46.01,46.11,44.49,44.81,1840800,42.97
20120409,46.02,46.31,45.86,46.09,1289300,44.20
20120405,46.19,47.02,46.19,46.96,1297200,45.03
20120404,46.49,46.67,45.97,46.38,1315800,44.48
20120403,46.91,47.43,46.72,46.96,1462700,45.03
20120402,46.50,47.41,46.28,47.09,2331000,45.16
20120330,46.23,46.99,46.12,46.51,2087500,44.60
20120329,45.03,45.28,44.59,45.12,1238900,43.27
20120328,45.53,45.54,44.80,45.51,1383800,43.64
20120327,45.68,46.20,45.54,45.56,1538700,43.69
20120326,45.16,45.52,45.12,45.35,1565500,43.49
20120323,44.79,44.94,44.27,44.64,1294400,42.81
20120322,44.78,45.21,44.49,44.68,1215400,42.85
20120321,45.08,45.36,44.94,45.09,1608500,43.24
20120320,45.08,45.27,44.69,45.03,1441100,43.18
20120319,45.26,45.62,45.02,45.39,2036000,43.53
20120316,45.61,45.73,45.22,45.24,2296400,43.38
20120315,46.00,46.15,45.44,45.54,1704300,43.67
20120314,45.78,46.25,45.69,45.87,1355000,43.99
20120313,44.99,46.21,44.99,46.16,2477700,44.26
20120312,44.38,45.17,44.29,44.85,1783900,42.79
20120309,43.94,44.24,43.66,44.15,1659100,42.12
20120308,43.95,44.16,43.61,43.75,1222500,41.74
20120307,43.33,43.67,43.10,43.57,1083500,41.57
20120306,43.88,43.92,42.96,43.18,2019300,41.19
20120305,44.12,44.56,44.01,44.41,1539900,42.37
20120302,44.42,44.92,44.00,44.19,1368100,42.16
20120301,44.26,44.80,44.24,44.57,1625600,42.52
20120229,44.00,44.53,43.84,43.99,3055200,41.97
20120228,43.98,44.53,43.77,44.30,1697500,42.26
20120227,43.59,44.09,43.27,43.72,1288100,41.71
20120224,43.75,44.26,43.75,44.02,1013200,42.00
20120223,43.61,43.79,43.42,43.68,1234900,41.67
20120222,43.80,44.10,43.57,43.69,1737200,41.68
20120221,44.08,44.40,43.84,43.97,1940500,41.95
20120217,43.74,44.05,43.69,43.99,1629900,41.97
20120216,42.96,43.52,42.75,43.48,1986600,41.48
20120215,43.97,43.97,42.85,42.99,2348100,41.01
20120214,44.11,44.19,43.44,43.68,1966800,41.67
20120213,44.47,44.47,43.96,44.27,2132500,42.23
20120210,43.77,44.36,43.71,44.15,1931200,42.12
20120209,43.71,44.66,43.60,44.27,3783200,42.23
20120208,41.57,43.44,41.37,43.42,4534000,41.42
20120207,41.12,41.47,40.73,40.93,2137600,39.05
20120206,41.19,41.54,41.04,41.20,1209500,39.31
20120203,40.77,41.61,40.62,41.48,1441900,39.57
20120202,40.60,40.74,40.01,40.37,1313400,38.51
20120201,40.16,40.78,40.09,40.56,1832300,38.70
20120131,40.30,40.30,39.69,39.76,1504000,37.93
20120130,39.80,40.22,39.33,39.97,1403400,38.13
20120127,40.02,40.25,39.70,39.92,2046000,38.08
20120126,40.86,41.21,40.18,40.24,2197600,38.39
20120125,40.21,40.73,39.97,40.59,1418700,38.72
20120124,39.62,40.54,39.59,40.37,2632100,38.51
20120123,39.83,40.08,39.68,39.89,2552100,38.06
20120120,39.81,39.96,39.73,39.90,2389500,38.07
20120119,39.70,39.99,39.70,39.88,1746700,38.05
20120118,38.99,39.51,38.87,39.43,1241300,37.62
20120117,39.58,39.69,38.90,39.01,1653500,37.22
20120113,39.15,39.57,38.88,39.08,1623600,37.28
20120112,38.95,39.59,38.62,39.50,1403600,37.68
20120111,38.35,39.01,38.35,38.96,1204500,37.17
20120110,38.64,39.02,38.39,38.52,2392400,36.75
20120109,37.67,38.45,37.67,38.17,1934400,36.41
20120106,37.35,37.80,37.12,37.64,1402400,35.91
20120105,36.70,37.43,36.42,37.34,2500400,35.62
20120104,37.24,37.28,36.26,36.87,3103100,35.17
20120103,38.86,38.90,36.57,37.42,4916900,35.70
20111230,38.03,38.35,37.83,37.83,1068900,36.09
20111229,37.70,38.15,37.56,38.09,836600,36.34
20111228,37.97,37.97,37.40,37.49,1333100,35.77
20111227,37.43,38.17,37.25,38.01,1729700,36.26
20111223,36.57,37.59,36.53,37.46,1551800,35.74
20111222,36.51,36.73,36.30,36.45,1263400,34.77
20111221,36.00,36.56,35.67,36.44,1535000,34.76
20111220,35.59,36.20,35.44,35.97,1955100,34.32
20111219,35.12,35.47,34.72,34.82,1754900,33.22
20111216,34.60,35.16,34.52,34.84,3262900,33.24
20111215,34.70,34.80,34.06,34.32,1842500,32.74
20111214,34.82,34.92,34.09,34.23,2465100,32.66
20111213,35.82,35.93,34.68,34.83,1659300,33.23
20111212,35.59,35.67,35.05,35.57,1569700,33.93
20111209,35.03,36.24,34.91,36.07,1849800,34.41
20111208,35.33,35.75,34.89,34.93,1617000,33.32
20111207,35.51,35.90,35.12,35.70,1430100,34.06
20111206,35.98,36.36,35.61,35.84,1584500,34.19
20111205,36.41,36.60,35.65,36.00,2497700,34.34
20111202,35.93,36.60,35.75,35.85,2662600,34.20
20111201,35.41,35.90,35.21,35.41,1992500,33.78
20111130,35.23,35.65,35.09,35.45,3032700,33.82
20111129,34.46,34.52,34.06,34.19,1695100,32.62
20111128,34.20,34.36,33.87,34.25,2410700,32.68
20111125,32.51,33.41,32.51,32.90,804500,31.39
20111123,33.11,33.36,32.44,32.70,2449200,31.20
20111122,33.23,33.76,33.03,33.26,1839800,31.73
20111121,33.04,33.61,32.88,33.45,2240000,31.91
20111118,34.02,34.25,33.66,33.92,1669600,32.22
20111117,33.96,34.37,33.26,33.72,2481400,32.03
20111116,34.19,34.81,33.99,34.10,2146200,32.39
20111115,34.07,34.86,33.94,34.53,1911800,32.80
20111114,34.38,34.99,34.13,34.26,2019200,32.54
20111111,33.60,34.71,33.56,34.53,1943400,32.80
20111110,33.36,33.37,32.34,33.08,2695600,31.42
20111109,33.16,33.77,32.49,32.73,4446700,31.09
20111108,34.16,34.45,33.68,34.38,3654300,32.65
20111107,34.00,34.28,33.34,33.96,1729100,32.26
20111104,33.58,34.13,33.08,34.05,2142500,32.34
20111103,33.76,34.13,32.73,33.98,2349700,32.27
20111102,33.44,33.79,32.77,33.21,2991800,31.54
20111101,32.24,33.24,32.16,32.74,3870000,31.10
20111031,34.03,34.87,33.65,33.67,2909900,31.98
20111028,35.04,35.45,34.50,34.63,2348200,32.89
20111027,33.75,35.41,33.70,35.07,3262800,33.31
20111026,32.08,33.26,31.82,32.78,5178400,31.13
20111025,32.34,32.56,31.39,31.49,2650700,29.91
20111024,31.11,32.49,30.95,32.40,2282100,30.77
20111021,30.74,31.02,30.38,30.96,3648100,29.41
20111020,30.61,30.78,30.08,30.25,3112400,28.73
20111019,31.30,31.41,30.56,30.63,1975500,29.09
20111018,30.21,31.72,29.80,31.30,2144400,29.73
20111017,30.99,31.26,30.23,30.32,1862500,28.80
20111014,31.39,31.41,30.65,31.18,1933600,29.61
20111013,30.78,31.15,30.34,30.98,1389400,29.42
20111012,31.03,31.53,30.86,31.08,2221300,29.52
20111011,30.45,30.78,30.29,30.64,1565300,29.10
20111010,29.65,30.91,29.56,30.79,3054000,29.24
20111007,29.46,29.55,28.64,28.96,1375700,27.51
20111006,28.40,29.22,28.14,29.16,2195100,27.70
20111005,28.35,28.68,27.64,28.53,2616100,27.10
20111004,26.47,28.21,26.18,28.17,4300000,26.76
20111003,28.15,28.89,26.88,26.92,3861400,25.57
20110930,29.20,29.70,28.47,28.51,3056000,27.08
20110929,30.56,30.75,29.04,29.85,2912800,28.35
20110928,31.14,31.14,29.70,29.80,3022600,28.30
20110927,31.55,31.89,30.74,30.91,5560400,29.36
20110926,30.49,30.74,29.30,30.61,4093200,29.07
20110923,29.65,30.51,29.52,30.06,2619200,28.55
20110922,29.70,30.47,29.03,29.76,4120600,28.27
20110921,32.23,32.49,30.90,30.90,2937300,29.35
20110920,32.47,33.00,31.97,31.99,2423900,30.38
20110919,31.34,32.46,31.16,32.20,2009500,30.58
20110916,31.69,32.24,31.31,32.15,2696500,30.54
20110915,31.54,31.91,31.04,31.62,2836300,30.03
20110914,30.75,31.69,30.17,31.08,3709600,29.52
20110913,29.84,30.69,29.48,30.55,2490100,29.02
20110912,28.69,29.85,28.69,29.79,3786400,28.29
20110909,29.98,30.19,28.96,29.21,3764800,27.74
20110908,30.84,31.22,30.25,30.44,2467700,28.91
20110907,30.55,31.12,29.99,31.09,2345100,29.53
20110906,29.29,29.97,29.15,29.89,3778700,28.39
20110902,30.95,31.24,30.48,30.66,2595800,29.12
20110901,32.39,32.91,31.71,31.89,2437300,30.29
20110831,32.12,32.77,31.97,32.48,3125100,30.85
20110830,31.33,32.07,30.84,31.83,2542800,30.23
20110829,30.30,31.47,30.30,31.47,2220600,29.89
20110826,28.49,30.12,28.00,29.78,2271300,28.29
20110825,30.37,30.53,28.71,28.79,3183500,27.34
20110824,28.75,30.19,28.65,30.14,3217300,28.63
20110823,27.59,28.94,27.33,28.94,2532800,27.49
20110822,28.43,28.60,27.40,27.51,2741800,25.99
20110819,27.51,28.57,27.44,27.57,3673100,26.04
20110818,28.75,28.94,27.61,27.99,4601300,26.44
20110817,30.52,30.74,29.64,30.14,2482200,28.47
20110816,30.49,30.80,29.83,30.19,2614500,28.52
20110815,30.51,30.96,30.14,30.92,2511200,29.21
20110812,29.75,30.73,29.51,30.22,5082000,28.55
20110811,27.13,29.82,27.07,29.27,5703300,27.65
20110810,26.45,28.20,26.30,26.97,5589900,25.48
20110809,25.90,27.54,25.19,27.45,7841800,25.93
20110808,27.72,27.84,24.76,25.38,8504900,23.97
20110805,30.39,30.84,28.17,28.86,8004100,27.26
20110804,32.53,32.58,29.78,29.81,7253400,28.16
20110803,32.40,33.25,31.55,33.12,3512800,31.29
20110802,34.40,34.68,32.30,32.34,3892400,30.55
20110801,34.94,35.10,34.18,34.83,2437800,32.90
20110729,34.38,35.05,33.60,34.59,2172100,32.67
20110728,35.06,35.83,34.80,34.89,2340800,32.96
20110727,35.77,36.00,34.51,34.73,4313900,32.81
20110726,34.16,34.37,33.86,34.17,1473500,32.28
20110725,33.87,34.35,33.65,34.19,2151600,32.30
20110722,34.22,34.63,34.13,34.27,1439700,32.37
20110721,33.81,34.45,33.73,34.21,1424800,32.32
20110720,33.68,33.74,33.32,33.60,925300,31.74
20110719,33.35,33.73,33.24,33.58,1487200,31.72
20110718,33.12,33.27,32.61,33.05,1539100,31.22
20110715,33.43,33.43,32.88,33.30,1425400,31.46
20110714,33.76,33.81,32.65,33.23,2963400,31.39
20110713,33.95,34.51,33.95,34.02,1807800,32.14
20110712,33.97,34.20,33.62,33.67,2225400,31.81
20110711,34.21,34.55,33.84,34.14,1378800,32.25
20110708,34.82,34.99,34.49,34.76,2178800,32.84
20110707,35.33,35.71,35.26,35.40,1687900,33.44
20110706,34.88,35.01,34.64,34.94,1928600,33.01
20110705,35.11,35.17,34.64,34.91,1875200,32.98
20110701,33.68,35.29,33.65,35.20,2819400,33.25
20110630,33.44,34.00,33.44,33.65,1684800,31.79
20110629,33.42,33.77,33.18,33.34,1285200,31.49
20110628,32.38,33.48,32.34,33.30,1690300,31.46
20110627,32.19,32.40,31.90,32.16,1353800,30.38
20110624,32.35,32.52,31.91,32.04,2049100,30.27
20110623,31.75,32.47,31.61,32.28,2556300,30.49
20110622,32.45,32.96,32.22,32.24,1325200,30.45
20110621,32.10,32.88,32.01,32.69,1361000,30.88
20110620,31.39,32.32,31.32,31.93,1653400,30.16
20110617,31.09,31.84,31.09,31.57,2443400,29.82
20110616,31.45,31.50,30.39,30.78,2285100,29.08
20110615,31.80,32.04,31.17,31.46,2092100,29.72
20110614,31.89,32.32,31.78,32.12,1402500,30.34
20110613,31.60,31.81,31.13,31.44,1823200,29.70
20110610,32.05,32.13,31.47,31.50,2741000,29.76
20110609,32.18,32.29,31.62,32.24,3454700,30.45
20110608,33.00,33.13,31.94,32.10,3182600,30.32
20110607,33.35,33.83,33.07,33.09,1497700,31.26
20110606,33.47,33.80,33.10,33.14,1091400,31.30
20110603,33.51,33.94,33.35,33.50,1075400,31.64
20110602,33.89,34.25,33.65,34.09,1586500,32.20
20110601,34.65,34.74,33.88,33.92,1602500,32.04
20110531,35.16,35.24,34.48,34.81,2031200,32.88
20110527,34.73,35.00,34.52,34.74,1190200,32.82
20110526,33.33,34.75,33.33,34.56,1829200,32.65
20110525,33.26,33.70,33.17,33.44,1339200,31.59
20110524,33.71,33.76,33.32,33.53,1420300,31.67
20110523,33.66,34.00,33.50,33.80,1543200,31.79
20110520,34.13,34.56,34.04,34.36,1493100,32.31
20110519,34.19,34.46,34.00,34.30,1131200,32.26
20110518,33.61,34.15,33.51,34.00,1051100,31.97
20110517,33.47,33.66,33.16,33.57,1215200,31.57
20110516,33.84,34.14,33.46,33.61,1410300,31.61
20110513,34.50,34.68,33.90,34.05,1554200,32.02
20110512,33.81,34.49,33.73,34.42,2038900,32.37
20110511,34.01,34.46,33.74,34.00,2013300,31.97
20110510,33.70,34.39,33.70,34.16,2015500,32.13
20110509,33.75,33.86,33.44,33.63,1556300,31.63
20110506,34.11,34.30,33.58,33.62,1686400,31.62
20110505,33.39,34.00,33.29,33.56,2254400,31.56
20110504,34.18,34.29,33.35,33.62,3048800,31.62
20110503,34.89,34.99,34.22,34.27,2296900,32.23
20110502,34.91,35.50,34.82,34.97,2821300,32.89
20110429,34.36,34.82,34.25,34.61,1241400,32.55
20110428,34.01,34.35,34.01,34.27,1785900,32.23
20110427,33.71,34.76,33.61,34.00,3220800,31.97
20110426,33.10,33.30,32.91,33.14,1800000,31.17
20110425,32.66,33.10,32.52,33.04,2076700,31.07
20110421,31.97,32.74,31.79,32.71,2122200,30.76
20110420,31.70,31.98,31.63,31.87,1449600,29.97
20110419,31.11,31.34,30.99,31.26,1141000,29.40
20110418,30.76,31.11,30.50,31.06,1536300,29.21
20110415,31.25,31.30,30.94,31.18,1336700,29.32
20110414,31.19,31.24,30.86,31.11,2963200,29.26
20110413,31.32,31.68,31.21,31.43,1537700,29.56
20110412,31.15,31.52,31.00,31.05,2423500,29.20
20110411,31.80,31.99,31.33,31.35,1844400,29.48
20110408,32.23,32.24,31.49,31.76,1784500,29.87
20110407,32.48,32.55,31.99,32.01,1771600,30.10
20110406,32.39,32.58,32.20,32.54,1550900,30.60
20110405,31.93,32.39,31.77,32.14,1504800,30.23
20110404,32.42,32.48,31.85,32.07,1897700,30.16
20110401,32.12,32.86,32.04,32.32,3320800,30.39
20110331,32.00,32.14,31.72,31.81,1918400,29.92
20110330,31.53,32.19,31.39,32.13,2664900,30.22
20110329,30.33,31.40,30.31,31.29,3220800,29.43
20110328,31.92,31.99,30.20,30.31,5866400,28.50
20110325,31.40,31.95,31.40,31.82,2027000,29.92
20110324,30.77,31.33,30.76,31.23,2255700,29.37
20110323,30.39,30.65,29.98,30.54,2427300,28.72
20110322,31.10,31.20,30.35,30.46,1101000,28.65
20110321,30.98,31.33,30.88,31.04,1998200,29.19
20110318,30.47,30.64,30.21,30.45,2253300,28.64
20110317,30.00,30.42,29.76,30.06,2110100,28.27
20110316,30.26,30.36,29.44,29.54,3701900,27.78
20110315,29.73,30.51,29.56,30.40,4246300,28.59
20110314,31.01,31.34,30.72,30.79,2467200,28.96
20110311,30.98,31.69,30.78,31.29,2083700,29.43
20110310,30.99,31.19,30.68,31.09,2970700,29.24
20110309,31.46,31.66,31.34,31.58,3345700,29.70
20110308,31.23,31.67,31.23,31.52,2645700,29.64
20110307,31.81,31.86,31.21,31.42,2528600,29.41
20110304,31.25,31.86,31.10,31.70,3461000,29.67
20110303,31.06,31.30,30.97,31.19,2842100,29.19
20110302,30.64,31.26,30.56,30.71,2673800,28.74
20110301,31.39,31.48,30.58,30.73,2788700,28.76
20110228,31.45,31.70,31.03,31.28,2544000,29.28
20110225,30.77,31.43,30.74,31.36,2266600,29.35
20110224,30.57,30.99,30.13,30.61,2275700,28.65
20110223,30.71,31.30,30.21,30.65,4058400,28.69
20110222,31.54,31.54,30.63,30.77,3156800,28.80
20110218,31.98,32.36,31.82,32.07,1998600,30.02
20110217,31.79,32.06,31.63,32.05,2286600,30.00
20110216,31.88,32.22,31.86,31.98,2319200,29.93
20110215,29.96,31.90,29.96,31.74,6240900,29.71
20110214,30.08,30.15,29.49,29.70,1670000,27.80
20110211,29.43,30.21,29.21,30.15,2281800,28.22
20110210,29.50,29.85,29.17,29.64,4252000,27.74
20110209,30.50,30.50,29.43,29.68,13607400,27.78
20110208,30.30,30.91,30.30,30.85,2705800,28.87
20110207,29.89,30.37,29.89,30.28,2342900,28.34
20110204,29.81,30.01,29.42,29.96,1467600,28.04
20110203,29.52,29.85,29.45,29.76,1443600,27.85
20110202,29.43,29.54,29.19,29.47,1801500,27.58
20110201,28.38,29.74,28.33,29.63,3000500,27.73
20110131,28.28,28.57,28.05,28.13,2514400,26.33
20110128,29.30,29.37,28.11,28.18,3416200,26.37
20110127,29.33,29.46,28.89,29.24,2170600,27.37
20110126,29.27,29.58,29.14,29.43,1213100,27.54
20110125,29.06,29.28,28.93,29.15,2656700,27.28
20110124,28.76,29.19,28.32,29.14,2011000,27.27
20110121,28.76,28.92,28.46,28.72,1668200,26.88
20110120,28.75,28.76,28.11,28.56,2839800,26.73
20110119,29.72,29.75,28.71,28.78,3121500,26.94
20110118,30.38,30.51,29.70,29.77,2812800,27.86
20110114,29.43,30.36,29.39,30.34,1782500,28.40
20110113,29.47,29.79,29.40,29.50,2234800,27.61
20110112,29.94,29.98,29.40,29.46,2628300,27.57
20110111,29.73,29.85,29.50,29.66,1862800,27.76
20110110,29.66,29.67,29.26,29.57,1633700,27.68
20110107,30.03,30.14,29.41,29.83,1373700,27.92
20110106,30.44,30.48,29.74,29.94,1754100,28.02
20110105,30.30,30.42,30.03,30.38,2423700,28.43
20110104,30.75,30.75,30.26,30.48,2333300,28.53
20110103,30.25,30.80,30.14,30.67,2772900,28.71
20101231,29.82,30.14,29.74,29.96,2102900,28.04
20101230,30.15,30.18,29.91,29.96,1617900,28.04
20101229,30.24,30.45,30.10,30.20,752800,28.27
20101228,30.44,30.52,30.11,30.19,1193900,28.26
20101227,30.57,30.62,30.20,30.41,1471700,28.46
20101223,31.01,31.09,30.69,30.76,787000,28.79
20101222,31.12,31.41,30.93,31.02,1807100,29.03
20101221,30.73,31.19,30.65,31.08,1345600,29.09
20101220,30.68,30.84,30.42,30.63,1231400,28.67
20101217,30.13,30.73,30.07,30.58,2808800,28.62
20101216,29.46,30.08,29.46,30.05,2401100,28.13
20101215,30.11,30.21,29.42,29.42,2351800,27.54
20101214,30.25,30.29,29.95,30.11,1458900,28.18
20101213,30.57,30.62,30.15,30.21,1697300,28.27
20101210,30.24,30.45,30.06,30.41,1249600,28.46
20101209,30.17,30.51,30.06,30.18,1845400,28.25
20101208,30.61,30.61,29.94,30.09,2469800,28.16
20101207,31.07,31.16,30.36,30.43,2140800,28.48
20101206,30.71,30.84,30.37,30.70,1530700,28.73
20101203,30.16,30.85,30.07,30.75,1945400,28.78
20101202,30.01,30.51,29.98,30.30,2090200,28.36
20101201,29.28,29.95,29.27,29.95,2097500,28.03
20101130,28.54,29.04,28.45,28.75,1837400,26.91
20101129,28.82,28.99,28.41,28.88,1965100,27.03
20101126,29.02,29.18,28.79,29.06,645700,27.20
20101124,28.69,29.34,28.69,29.34,1416900,27.46
20101123,28.48,28.58,28.25,28.51,1550400,26.68
20101122,28.70,29.02,28.47,28.89,1331800,27.04
20101119,28.91,29.01,28.61,28.92,1479900,26.96
20101118,28.36,29.02,28.36,28.85,2093400,26.89
20101117,27.86,28.18,27.54,28.04,2423700,26.13
20101116,28.26,28.57,27.72,27.88,2747900,25.99
20101115,28.24,29.12,28.20,28.51,3107300,26.57
20101112,28.45,28.64,27.81,28.03,2829300,26.13
20101111,28.79,28.99,28.50,28.74,2662100,26.79
20101110,29.22,29.37,28.90,29.08,2501600,27.10
20101109,29.98,30.10,29.05,29.28,2322800,27.29
20101108,29.85,29.98,29.54,29.76,1640700,27.74
20101105,30.29,30.40,29.84,30.07,4706000,28.03
20101104,30.66,30.83,30.13,30.30,2947300,28.24
20101103,30.36,30.43,29.68,30.21,2824100,28.16
20101102,29.69,30.34,29.53,30.34,3207200,28.28
20101101,29.03,29.76,29.01,29.38,4321000,27.38
20101029,28.89,29.35,28.51,28.75,2536200,26.80
20101028,29.00,29.16,28.28,29.01,3552700,27.04
20101027,29.06,29.17,28.22,28.91,4406000,26.95
20101026,30.05,30.27,29.10,29.24,5042600,27.25
20101025,29.87,30.42,29.67,29.88,3308400,27.85
20101022,29.32,29.77,29.24,29.49,2711800,27.49
20101021,29.34,29.59,28.77,29.13,2687400,27.15
20101020,28.96,29.63,28.67,29.20,2466500,27.22
20101019,28.92,29.24,28.63,28.84,2515100,26.88
20101018,29.33,29.57,29.13,29.43,2552800,27.43
20101015,29.46,29.57,29.07,29.18,2761700,27.20
20101014,29.06,29.40,29.01,29.19,2324200,27.21
20101013,29.25,29.53,28.85,29.21,2602900,27.23
20101012,28.55,29.13,28.13,29.04,2288400,27.07
20101011,28.41,29.00,28.29,28.77,1662400,26.82
20101008,27.82,28.60,27.70,28.42,1565400,26.49
20101007,27.93,27.93,27.25,27.76,2506300,25.87
20101006,28.27,28.63,27.75,28.09,1891300,26.18
20101005,27.80,28.45,27.51,28.21,2680500,26.29
20101004,27.29,27.76,27.09,27.37,1652800,25.51
20101001,27.72,27.85,27.13,27.32,2457000,25.46
20100930,27.87,28.18,27.31,27.47,2818100,25.60
20100929,27.82,27.98,27.49,27.77,2268800,25.88
20100928,27.85,28.13,27.22,28.03,2820700,26.13
20100927,27.82,28.17,27.48,27.85,2633000,25.96
20100924,27.31,27.95,27.31,27.72,2611900,25.84
20100923,26.99,27.46,26.62,26.78,2331700,24.96
20100922,28.17,28.39,27.26,27.40,3518400,25.54
20100921,27.99,28.62,27.93,28.27,4463400,26.35
20100920,27.07,27.95,26.95,27.86,3024600,25.97
20100917,26.54,27.07,26.47,26.98,3570500,25.15
20100916,26.54,26.78,26.30,26.47,1294100,24.67
20100915,26.62,26.84,26.50,26.77,2089600,24.95
20100914,26.65,27.04,26.47,26.95,2449800,25.12
20100913,26.43,26.68,26.37,26.67,2391500,24.86
20100910,25.99,26.20,25.81,26.11,2269600,24.34
20100909,26.27,26.48,25.66,25.93,2867800,24.17
20100908,25.44,26.04,25.44,25.98,3185200,24.21
20100907,25.34,25.68,25.21,25.44,3544700,23.71
20100903,25.66,25.95,25.20,25.59,2284700,23.85
20100902,24.32,25.28,24.32,25.23,3656500,23.52
20100901,23.59,24.31,23.40,24.27,2579800,22.62
20100831,23.01,23.52,22.86,23.19,2436400,21.61
20100830,23.79,23.87,23.11,23.13,1756900,21.56
20100827,23.32,24.02,22.72,23.88,3143600,22.26
20100826,23.67,23.87,23.06,23.09,2238600,21.52
20100825,22.97,23.74,22.88,23.61,3356300,22.01
20100824,23.88,23.88,23.17,23.20,4113700,21.62
20100823,24.97,24.98,24.05,24.08,2821800,22.33
20100820,24.64,24.97,24.50,24.75,2233000,22.95
20100819,25.61,25.81,24.74,24.90,2649900,23.09
20100818,25.90,26.21,25.58,25.76,1922400,23.89
20100817,25.83,26.27,25.69,25.95,2005300,24.07
20100816,24.84,25.61,24.64,25.52,2280800,23.67
20100813,24.79,25.19,24.68,24.88,1241800,23.07
20100812,24.51,25.35,24.40,24.97,2587300,23.16
20100811,25.02,25.27,24.92,25.01,2897000,23.19
20100810,25.83,25.90,25.26,25.74,3429900,23.87
20100809,26.41,26.48,26.01,26.28,1556400,24.37
20100806,25.70,26.28,25.57,26.16,1908600,24.26
20100805,25.93,26.20,25.67,26.17,1553000,24.27
20100804,25.83,26.17,25.59,26.05,2353700,24.16
20100803,25.89,26.00,25.45,25.74,2435800,23.87
20100802,26.05,26.22,25.75,26.10,3544400,24.21
20100730,24.83,25.64,24.80,25.53,3762700,23.68
20100729,25.28,25.54,25.02,25.33,4286800,23.49
20100728,24.02,25.86,24.02,25.14,8278300,23.32
20100727,23.61,23.65,23.06,23.27,3207500,21.58
20100726,22.67,23.58,22.61,23.45,2748100,21.75
20100723,22.03,22.76,21.93,22.71,2954300,21.06
20100722,21.42,22.21,21.34,22.07,3023600,20.47
20100721,21.53,21.53,20.91,21.02,2410200,19.49
20100720,20.27,21.34,20.27,21.29,2092400,19.74
20100719,20.44,20.78,19.99,20.74,3366500,19.23
20100716,21.28,21.29,20.21,20.33,3679600,18.85
20100715,21.84,21.97,21.09,21.45,3561800,19.89
20100714,21.84,21.88,21.56,21.76,2789200,20.18
20100713,21.97,22.25,21.92,22.01,2945300,20.41
20100712,21.58,21.82,21.23,21.56,1797200,20.00
20100709,21.70,21.85,21.47,21.73,1647600,20.15
20100708,21.56,21.67,21.22,21.55,2035900,19.99
20100707,20.47,21.30,20.44,21.25,2656200,19.71
20100706,20.54,20.81,20.30,20.47,4242400,18.98
20100702,20.44,20.60,19.99,20.12,3318400,18.66
20100701,20.11,21.01,19.44,20.31,3228800,18.84
20100630,20.39,20.74,19.98,20.14,3090200,18.68
20100629,21.32,21.38,20.24,20.40,3952600,18.92
20100628,22.31,22.57,21.79,21.79,2165900,20.21
20100625,22.18,22.44,21.76,22.16,3278300,20.55
20100624,22.61,22.90,21.98,22.12,1563600,20.51
20100623,22.90,23.10,22.42,22.87,1520400,21.21
20100622,23.88,24.03,22.80,22.84,1856400,21.18
20100621,24.75,25.00,23.66,23.88,1586200,22.15
20100618,24.18,24.38,23.95,24.11,1355200,22.36
20100617,24.11,24.18,23.48,24.09,2036400,22.34
20100616,24.08,24.34,23.84,24.06,1976700,22.31
20100615,24.16,24.36,23.69,24.35,2533200,22.58
20100614,23.85,24.32,23.75,23.82,2175200,22.09
20100611,22.78,23.62,22.69,23.57,1830600,21.86
20100610,22.82,23.32,22.49,23.22,2647000,21.53
20100609,22.13,22.78,21.90,22.05,3512300,20.45
20100608,21.19,22.03,20.87,21.94,4950300,20.35
20100607,22.12,22.23,21.00,21.05,3232300,19.52
20100604,22.61,22.90,21.82,22.12,4295100,20.51
20100603,23.29,23.65,22.98,23.31,2609200,21.62
20100602,22.82,23.17,22.46,23.16,2525600,21.48
20100601,23.22,23.73,22.69,22.69,2072500,21.04
20100528,23.93,24.27,23.36,23.60,1454400,21.89
20100527,23.28,24.00,23.14,23.98,3486300,22.24
20100526,22.72,23.34,22.53,22.60,3385500,20.96
20100525,21.67,22.51,21.41,22.44,3420200,20.81
20100524,22.67,23.41,22.59,22.65,2591300,20.89
20100521,21.13,22.85,21.13,22.69,3869900,20.93
20100520,22.94,23.08,21.83,21.85,7164900,20.16
20100519,23.90,24.31,23.00,23.60,2925000,21.77
20100518,25.30,25.45,23.96,24.08,2835800,22.21
20100517,25.03,25.27,24.04,24.87,2316600,22.94
20100514,25.17,25.32,24.53,24.88,2887900,22.95
20100513,26.07,26.34,25.47,25.54,1783700,23.56
20100512,25.55,26.25,25.49,26.22,1701900,24.19
20100511,24.62,25.77,24.62,25.40,3366900,23.43
20100510,23.67,25.50,23.61,25.37,4935400,23.40
20100507,24.17,24.28,22.89,23.05,6823200,21.26
20100506,25.01,25.56,22.37,24.47,4455900,22.57
20100505,25.79,26.21,25.05,25.24,2531800,23.28
20100504,26.80,26.80,25.70,26.09,3710600,24.07
20100503,27.04,27.47,26.95,27.31,1861900,25.19
20100430,27.50,27.61,26.60,26.81,3787200,24.73
20100429,26.77,27.72,26.68,27.45,3338200,25.32
20100428,27.30,27.44,25.24,26.22,7728500,24.19
20100427,27.22,27.50,26.55,26.63,3085300,24.57
20100426,27.72,27.94,27.41,27.42,2230000,25.29
20100423,27.24,27.71,27.00,27.59,2172800,25.45
20100422,26.33,27.28,26.18,27.14,2614200,25.04
20100421,26.03,26.58,25.97,26.42,1935400,24.37
20100420,26.07,26.36,25.85,26.21,1468200,24.18
20100419,25.84,26.12,25.12,25.70,1742800,23.71
20100416,26.61,26.82,25.70,25.85,2359200,23.85
20100415,25.95,26.87,25.65,26.74,4109500,24.67
20100414,26.15,26.30,25.82,26.03,1858100,24.01
20100413,26.79,26.86,25.88,26.07,4378200,24.05
20100412,26.80,27.00,26.73,26.90,1216800,24.82
20100409,27.00,27.01,26.57,26.88,1648200,24.80
20100408,26.37,27.00,26.20,26.88,1625800,24.80
20100407,26.72,26.82,26.24,26.54,2121400,24.48
20100406,26.40,26.84,26.32,26.84,2464000,24.76
20100405,26.03,26.74,26.03,26.57,1903100,24.51
20100401,26.02,26.16,25.78,25.98,2823600,23.97
20100331,25.82,26.05,25.68,25.73,2056800,23.74
20100330,26.00,26.27,25.80,25.94,1599300,23.93
20100329,25.79,26.05,25.65,25.85,1962600,23.85
20100326,25.64,26.00,25.48,25.68,2954200,23.69
20100325,25.22,25.92,25.16,25.48,3530200,23.51
20100324,24.55,25.02,24.36,24.93,2778100,23.00
20100323,24.71,24.82,24.42,24.72,1754000,22.80
20100322,23.77,24.82,23.41,24.62,2488400,22.71
20100319,23.98,24.34,23.87,23.98,2916700,22.12
20100318,24.11,24.25,23.95,24.05,1329800,22.19
20100317,24.06,24.36,23.86,24.16,2288700,22.29
20100316,24.29,24.44,23.86,24.07,3637000,22.20
20100315,25.08,25.24,24.45,24.75,2587200,22.83
20100312,24.93,25.35,24.86,25.17,2443100,23.22
20100311,24.27,24.95,24.07,24.94,3393200,23.01
20100310,23.99,24.53,23.83,24.42,2016900,22.53
20100309,23.90,24.44,23.76,23.97,1493200,22.11
20100308,23.92,24.22,23.78,23.94,1855200,22.08
20100305,23.63,24.08,23.63,24.01,1761700,22.15
20100304,23.32,23.65,23.09,23.58,2388400,21.75
20100303,23.84,23.87,23.34,23.42,1314700,21.49
20100302,23.84,24.03,23.63,23.70,1813900,21.75
20100301,23.06,23.76,22.88,23.72,2033700,21.77
20100226,22.77,23.07,22.51,22.99,2512300,21.10
20100225,22.55,22.79,22.29,22.73,1590900,20.86
20100224,22.79,22.89,22.50,22.84,1273600,20.96
20100223,22.96,23.07,22.48,22.65,1814700,20.79
20100222,22.79,23.25,22.62,23.14,2172600,21.24
20100219,22.58,22.94,22.51,22.70,2946300,20.83
20100218,22.79,22.81,22.50,22.70,2940300,20.83
20100217,22.91,22.99,22.69,22.96,1939700,21.07
20100216,22.89,22.99,22.59,22.81,2247600,20.93
20100212,22.37,22.68,22.14,22.54,2884300,20.69
20100211,22.50,22.99,22.19,22.69,3234800,20.82
20100210,21.94,22.50,21.36,22.22,4442800,20.39
20100209,21.08,21.40,20.75,21.22,2800600,19.48
20100208,20.70,21.06,20.31,20.67,1705500,18.97
20100205,20.76,21.00,20.20,20.72,2644100,19.02
20100204,21.52,21.91,20.70,20.73,3376400,19.03
20100203,21.71,21.87,21.52,21.56,1123100,19.79
20100202,21.89,22.44,21.33,21.91,5207700,20.11
20100201,21.23,21.80,21.10,21.75,1837100,19.96
20100129,21.32,21.63,20.94,20.99,2581700,19.26
20100128,21.69,21.89,20.98,21.15,2489700,19.41
20100127,21.44,21.59,20.95,21.49,2754200,19.72
20100126,21.63,22.03,21.43,21.54,3003200,19.77
20100125,22.37,22.51,21.53,21.79,4477200,20.00
20100122,22.49,22.82,22.06,22.26,3377600,20.43
20100121,22.97,23.30,22.45,22.50,2980500,20.65
20100120,22.71,23.09,22.42,23.01,2712900,21.12
20100119,22.91,23.05,22.63,23.02,2006800,21.13
20100115,23.30,23.41,22.70,22.90,3121100,21.02
20100114,22.15,23.53,22.15,23.25,5912600,21.34
20100113,21.68,22.26,21.22,22.19,5303100,20.37
20100112,20.53,20.61,19.94,20.44,2327900,18.76
20100111,20.94,21.00,20.51,20.69,1699400,18.99
20100108,20.96,21.17,20.64,20.86,1382400,19.14
20100107,20.96,21.20,20.79,21.07,1387400,19.34
20100106,20.71,21.11,20.55,21.10,2674700,19.36
20100105,20.22,20.95,20.22,20.71,2748300,19.01
20100104,20.45,20.54,20.10,20.28,2071000,18.61
20091231,20.33,20.67,20.13,20.17,1007000,18.51
20091230,20.41,20.49,20.15,20.40,1234000,18.72
20091229,20.61,20.66,20.41,20.58,964000,18.89
20091228,20.91,20.94,20.33,20.48,1639300,18.80
20091224,21.03,21.03,20.71,20.83,292800,19.12
20091223,21.11,21.25,20.65,20.96,1346700,19.24
20091222,21.15,21.19,20.79,20.98,1315400,19.25
20091221,21.01,21.24,20.79,21.07,1397200,19.34
20091218,20.87,21.05,20.60,20.89,2993300,19.17
20091217,20.91,21.15,20.70,20.77,1835800,19.06
20091216,20.83,21.45,20.77,21.20,2921000,19.46
20091215,20.52,21.06,20.40,20.61,1904200,18.92
20091214,20.15,20.69,20.11,20.66,1381000,18.96
20091211,20.17,20.36,19.92,20.02,1629200,18.37
20091210,20.28,20.48,19.92,20.01,1964800,18.36
20091209,20.30,20.45,19.79,20.20,3057600,18.54
20091208,20.27,20.51,20.13,20.30,2884400,18.63
20091207,20.44,20.69,20.14,20.49,3466100,18.81
20091204,19.49,20.70,19.43,20.55,6085800,18.86
20091203,19.08,19.64,19.02,19.27,2473200,17.69
20091202,19.10,19.18,18.65,18.97,2539900,17.41
20091201,18.93,19.07,18.46,18.95,2409100,17.39
20091130,18.52,18.80,18.42,18.57,2478000,17.04
20091127,18.40,18.88,18.05,18.56,943700,17.03
20091125,18.79,19.15,18.73,19.00,1329300,17.44
20091124,19.02,19.06,18.61,18.83,1932900,17.28
20091123,19.25,19.53,18.96,19.06,1568900,17.49
20091120,18.87,19.23,18.62,18.99,1767300,17.43
20091119,19.44,19.46,18.80,19.09,2297000,17.48
20091118,19.55,19.79,19.43,19.56,2961500,17.91
20091117,19.43,19.76,19.18,19.70,2386100,18.04
20091116,19.18,19.98,19.14,19.53,3345600,17.89
20091113,18.84,19.21,18.77,18.94,2926400,17.35
20091112,19.22,19.35,18.68,18.81,2628600,17.23
20091111,18.88,19.35,18.79,19.25,3590100,17.63
20091110,18.59,18.79,18.11,18.66,3164800,17.09
20091109,18.10,18.74,18.06,18.61,3089400,17.04
20091106,17.72,18.06,17.58,17.94,3654400,16.43
20091105,17.33,17.82,17.20,17.79,2482700,16.29
20091104,17.53,17.87,17.00,17.07,3883800,15.63
20091103,16.59,17.48,16.40,17.39,4812900,15.93
20091102,17.11,17.50,16.40,16.91,3170400,15.49
20091030,17.85,17.93,16.88,17.05,4720000,15.62
20091029,17.11,17.95,17.11,17.85,4731100,16.35
20091028,17.28,17.62,16.39,16.59,6289700,15.19
20091027,17.20,17.27,16.47,16.69,4791600,15.29
20091026,17.22,17.64,16.95,17.17,5348200,15.73
20091023,17.90,17.91,17.19,17.20,2006300,15.75
20091022,17.32,17.79,16.86,17.69,1956000,16.20
20091021,17.66,18.16,17.26,17.30,2021200,15.84
20091020,18.10,18.25,17.47,17.69,4212900,16.20
20091019,17.99,18.24,17.67,18.13,2418400,16.60
20091016,18.01,18.07,17.64,17.86,2942900,16.36
20091015,18.14,18.27,17.77,18.25,2038400,16.71
20091014,18.14,18.43,18.02,18.28,3898500,16.74
20091013,18.03,18.09,17.71,17.84,1837000,16.34
20091012,17.99,18.34,17.92,18.05,1792700,16.53
20091009,18.08,18.08,17.64,17.92,2035100,16.41
20091008,17.55,18.13,17.41,17.94,5149100,16.43
20091007,17.26,17.95,17.10,17.47,7462000,16.00
20091006,16.00,16.53,15.88,16.26,3802100,14.89
20091005,15.66,16.00,15.51,15.96,3033900,14.62
20091002,15.41,15.75,15.06,15.45,4865400,14.15
20091001,16.18,16.28,15.50,15.57,5005800,14.26
20090930,16.27,16.64,15.83,16.32,4894000,14.95
20090929,15.24,16.26,15.24,16.21,5094200,14.85
20090928,14.70,15.25,14.66,15.24,1906600,13.96
20090925,15.14,15.25,14.71,14.79,2952800,13.55
20090924,15.82,15.97,15.03,15.13,3853000,13.86
20090923,16.09,16.38,15.75,15.77,2310000,14.44
20090922,15.85,16.14,15.76,16.06,2830200,14.71
20090921,15.68,15.87,15.45,15.65,1654700,14.33
20090918,15.87,16.05,15.62,15.87,2620100,14.53
20090917,15.98,16.25,15.51,15.75,3444700,14.42
20090916,16.03,16.42,15.77,16.01,2135800,14.66
20090915,15.95,16.25,15.68,16.19,2201000,14.83
20090914,15.37,15.98,15.24,15.94,2340600,14.60
20090911,15.91,16.11,15.20,15.60,2968300,14.29
20090910,15.72,16.05,15.25,16.01,2370300,14.66
20090909,15.22,15.81,15.07,15.70,2261900,14.38
20090908,14.89,15.28,14.89,15.22,2108000,13.94
20090904,14.51,14.81,14.25,14.75,1019600,13.51
20090903,14.47,14.54,14.12,14.51,1727000,13.29
20090902,14.38,14.52,14.22,14.34,2449800,13.13
20090901,15.24,15.42,14.42,14.45,3406900,13.23
20090831,15.62,15.67,15.09,15.15,2185400,13.88
20090828,15.96,16.21,15.75,15.82,1759700,14.49
20090827,15.74,16.00,15.34,15.85,1706500,14.52
20090826,16.04,16.14,15.77,15.81,1898900,14.48
20090825,15.97,16.44,15.97,16.14,2957100,14.78
20090824,16.33,16.50,15.71,15.82,3050800,14.45
20090821,15.92,16.44,15.87,16.31,2839200,14.90
20090820,15.24,15.96,15.23,15.86,3170400,14.49
20090819,15.02,15.32,14.80,15.28,2366900,13.96
20090818,14.70,15.29,14.70,15.24,2427900,13.92
20090817,15.00,15.10,14.50,14.55,2560700,13.29
20090814,15.78,15.87,15.14,15.46,2221600,14.12
20090813,15.55,15.98,15.25,15.78,3726100,14.42
20090812,15.04,15.65,15.04,15.40,3542200,14.07
20090811,15.03,15.25,14.71,15.11,2580200,13.80
20090810,15.47,15.59,14.86,15.21,6285300,13.89
20090807,14.59,15.63,14.53,15.56,4814900,14.21
20090806,14.85,14.87,14.27,14.39,4007100,13.15
20090805,14.65,14.88,14.32,14.74,3448500,13.47
20090804,14.14,14.83,13.97,14.63,5164300,13.36
20090803,14.24,14.29,13.97,14.24,3900400,13.01
20090731,13.73,14.01,13.69,13.95,3637300,12.74
20090730,13.25,14.00,13.25,13.75,7149100,12.56
20090729,12.80,13.76,12.61,13.01,7056600,11.89
20090728,12.70,12.89,12.39,12.67,3153800,11.57
20090727,12.82,12.87,12.51,12.84,4500200,11.73
20090724,11.91,12.81,11.81,12.70,4899200,11.60
20090723,11.85,12.42,11.68,12.01,5707100,10.97
20090722,11.94,12.20,11.72,11.79,5037000,10.77
20090721,12.17,12.29,11.80,12.10,3934900,11.05
20090720,11.85,12.21,11.80,12.17,3646700,11.12
20090717,11.87,11.99,11.57,11.69,2775700,10.68
20090716,11.41,12.05,11.19,11.94,4450800,10.91
20090715,11.66,11.94,11.50,11.78,4215600,10.76
20090714,11.23,11.60,11.06,11.46,4205900,10.47
20090713,10.65,11.22,10.36,11.21,4593500,10.24
20090710,10.68,11.09,10.37,10.64,3062000,9.72
20090709,10.74,11.19,10.63,10.84,6098000,9.90
20090708,10.69,10.76,10.29,10.51,6124100,9.60
20090707,11.02,11.09,10.61,10.65,5081800,9.73
20090706,11.49,11.49,10.66,11.02,5821900,10.07
20090702,11.83,12.00,11.48,11.68,4173600,10.67
20090701,12.07,12.50,11.91,12.21,3965600,11.15
20090630,12.48,12.48,11.81,12.12,4132200,11.07
20090629,12.19,12.55,11.92,12.41,3507200,11.34
20090626,12.09,12.09,11.79,11.93,5652000,10.90
20090625,11.49,12.17,11.40,12.09,2981700,11.04
20090624,11.74,12.25,11.54,11.65,3799800,10.64
20090623,11.54,11.88,11.19,11.58,3678900,10.58
20090622,12.13,12.25,11.43,11.44,4861100,10.45
20090619,11.53,12.63,11.24,12.30,7689100,11.24
20090618,11.60,11.72,11.06,11.20,5364100,10.23
20090617,11.48,11.75,10.92,11.60,4483300,10.60
20090616,11.40,11.83,11.29,11.49,6576900,10.50
20090615,11.63,11.79,11.10,11.34,5221500,10.36
20090612,11.99,12.01,11.66,11.99,2068400,10.95
20090611,12.40,12.61,12.05,12.10,3827600,11.05
20090610,12.51,12.61,12.01,12.39,3860000,11.32
20090609,12.25,12.49,11.98,12.39,1754500,11.32
20090608,12.18,12.42,11.79,12.23,3169800,11.17
20090605,12.76,12.85,12.15,12.45,3391600,11.37
20090604,12.68,12.69,11.69,12.55,3785700,11.46
20090603,12.30,12.42,11.77,11.96,4684600,10.93
20090602,12.35,12.70,11.95,12.53,5067700,11.45
20090601,12.04,12.59,11.70,12.44,4759500,11.36
20090529,11.35,11.79,11.24,11.79,3696600,10.77
20090528,11.26,11.35,10.71,11.28,3971000,10.30
20090527,11.78,11.86,11.01,11.06,4660500,10.10
20090526,10.63,11.73,10.47,11.73,5758500,10.72
20090522,10.90,10.96,10.50,10.79,3092100,9.82
20090521,10.91,11.15,10.61,10.90,3785800,9.92
20090520,11.58,11.97,11.03,11.13,6085600,10.13
20090519,11.33,11.76,11.15,11.43,5037900,10.40
20090518,10.71,11.37,10.60,11.19,7129600,10.18
20090515,10.59,11.03,10.31,10.54,4982000,9.59
20090514,10.47,10.88,9.94,10.60,8725000,9.65
20090513,11.26,11.26,10.51,10.61,9887400,9.66
20090512,12.42,12.62,11.33,11.82,4761000,10.76
20090511,12.61,12.73,12.15,12.20,5146800,11.10
20090508,12.55,12.93,12.28,12.90,5473700,11.74
20090507,12.86,13.04,12.03,12.31,6194000,11.20
20090506,13.00,13.07,12.18,12.57,5471700,11.44
20090505,12.70,13.31,12.44,12.89,5869300,11.73
20090504,11.88,12.83,11.80,12.76,5622800,11.61
20090501,11.51,12.19,11.47,12.12,5888200,11.03
20090430,11.85,12.57,11.56,11.68,11191900,10.63
20090429,9.50,12.25,9.50,11.86,15612100,10.79
20090428,8.75,9.53,8.59,8.76,5909200,7.97
20090427,9.51,9.63,8.63,8.96,6244200,8.15
20090424,9.29,10.34,8.84,10.11,5801500,9.20
20090423,8.59,9.67,8.59,9.56,7041600,8.70
20090422,7.88,8.76,7.85,8.49,5589000,7.73
20090421,7.67,8.34,7.50,8.28,4202700,7.54
20090420,8.56,8.59,7.54,7.69,5762800,7.00
20090417,8.27,9.05,8.19,8.92,5439300,8.12
20090416,7.83,8.50,7.73,8.39,6348100,7.64
20090415,7.42,7.89,7.20,7.84,4519000,7.14
20090414,7.30,7.65,7.04,7.47,4635100,6.80
20090413,7.00,7.51,7.00,7.42,3318100,6.75
20090409,6.60,7.20,6.40,7.20,5567400,6.55
20090408,5.83,6.37,5.75,6.33,4870000,5.76
20090407,5.89,5.99,5.50,5.72,3112200,5.21
20090406,5.98,6.18,5.78,6.08,4049600,5.53
20090403,5.68,6.15,5.58,6.10,6519100,5.55
20090402,4.67,5.79,4.67,5.68,6330600,5.17
20090401,4.11,4.81,4.04,4.75,3646500,4.32
20090331,4.32,4.32,4.08,4.20,2555600,3.82
20090330,4.21,4.28,4.07,4.15,2831700,3.78
20090327,4.24,4.53,4.22,4.42,3204600,4.02
20090326,4.30,4.57,4.16,4.42,4006800,4.02
20090325,4.54,4.68,3.96,4.22,4326200,3.84
20090324,4.48,4.71,4.43,4.47,2936900,4.07
20090323,4.16,4.68,4.15,4.68,3694600,4.26
20090320,4.23,4.26,3.60,4.03,4646700,3.67
20090319,4.47,4.60,4.15,4.22,2887100,3.84
20090318,4.13,4.46,4.03,4.37,4394500,3.98
20090317,4.05,4.19,3.93,4.19,2615800,3.81
20090316,4.23,4.71,3.98,4.04,3452800,3.68
20090313,4.27,4.39,4.00,4.18,2301800,3.80
20090312,3.89,4.25,3.76,4.22,3767700,3.84
20090311,3.73,4.22,3.69,3.91,3693200,3.56
20090310,3.21,3.80,3.15,3.67,4000400,3.34
20090309,2.95,3.71,2.85,3.10,3163600,2.82
20090306,3.07,3.22,2.77,2.92,4243400,2.66
20090305,3.34,3.36,2.97,3.02,2696900,2.75
20090304,3.23,3.47,3.16,3.37,2840000,3.07
20090303,3.22,3.33,2.96,3.09,5444000,2.81
20090302,3.58,3.68,3.16,3.20,3897800,2.91
20090227,3.41,3.87,3.39,3.69,3575100,3.36
20090226,3.45,3.75,3.41,3.57,4493400,3.25
20090225,3.49,3.57,3.29,3.42,3671900,3.11
20090224,3.40,3.59,3.25,3.51,4305100,3.19
20090223,3.66,3.83,3.23,3.36,5281000,3.02
20090220,3.76,3.91,3.38,3.59,4037400,3.23
20090219,4.00,4.13,3.85,3.86,3604600,3.47
20090218,4.60,4.64,3.69,3.94,7042700,3.54
20090217,4.50,4.68,4.16,4.46,8928700,4.01
20090213,6.30,6.30,4.01,4.18,15782500,3.76
20090212,5.38,6.04,5.03,5.94,3500000,5.34
20090211,5.79,6.09,5.62,5.79,2219000,5.21
20090210,6.06,6.21,5.72,5.76,4222500,5.18
20090209,6.24,6.25,5.98,6.17,1748400,5.55
20090206,5.89,6.42,5.78,6.23,2587900,5.60
20090205,5.64,6.07,5.48,5.85,2243700,5.26
20090204,5.94,6.04,5.58,5.66,2288800,5.09
20090203,5.87,5.99,5.44,5.90,2591700,5.31
20090202,5.92,6.06,5.48,5.84,3528900,5.25
20090130,6.46,6.63,5.86,6.13,3320400,5.51
20090129,6.96,6.96,6.45,6.49,2921000,5.84
20090128,6.90,7.32,6.86,7.10,2477800,6.39
20090127,6.96,7.09,6.55,6.68,1940300,6.01
20090126,6.66,7.10,6.59,6.88,2269300,6.19
20090123,6.00,7.00,5.66,6.54,4116500,5.88
20090122,6.54,7.17,6.35,6.74,2815300,6.06
20090121,6.11,7.04,6.11,6.86,3725300,6.17
20090120,7.05,7.09,5.88,6.08,4520000,5.47
20090116,6.98,7.27,6.67,7.10,4841600,6.39
20090115,6.22,7.03,6.00,6.85,6234400,6.16
20090114,6.68,6.84,6.20,6.31,2878900,5.67
20090113,6.69,7.07,6.56,6.87,2729800,6.18
20090112,7.44,7.44,6.55,6.70,2943200,6.03
20090109,7.86,8.00,7.27,7.45,2490300,6.70
20090108,7.57,7.88,7.23,7.82,2490200,7.03
20090107,8.50,8.50,7.45,7.60,3211000,6.83
20090106,8.23,8.76,8.05,8.71,3511500,7.83
20090105,7.50,8.27,7.13,8.10,4221900,7.28
20090102,6.58,7.68,6.58,7.56,2183900,6.80
20081231,6.28,6.67,6.10,6.55,2438300,5.89
20081230,6.12,6.45,5.94,6.43,2744800,5.78
20081229,6.47,6.47,5.96,6.07,1699200,5.46
20081226,6.37,6.49,6.16,6.47,690400,5.82
20081224,6.26,6.38,6.00,6.33,706000,5.69
20081223,6.39,6.71,6.15,6.29,1970600,5.66
20081222,6.89,6.90,6.13,6.43,2962500,5.78
20081219,6.59,7.00,6.45,6.93,3785000,6.23
20081218,6.80,6.82,6.17,6.50,4099300,5.85
20081217,5.75,6.96,5.56,6.78,5647400,6.10
20081216,5.60,6.27,5.47,6.23,3955800,5.60
20081215,5.70,5.85,5.21,5.38,2582200,4.84
20081212,5.42,5.83,5.37,5.63,2908600,5.06
20081211,6.19,6.46,5.56,5.66,4387400,5.09
20081210,5.63,6.42,5.47,6.27,3801700,5.64
20081209,5.60,6.88,5.50,5.53,5504200,4.97
20081208,4.73,5.85,4.73,5.68,3689300,5.11
20081205,4.25,4.57,4.02,4.57,4141400,4.11
20081204,4.52,4.75,4.20,4.35,3452400,3.91
20081203,4.50,4.68,4.19,4.64,4244000,4.17
20081202,4.40,4.69,4.00,4.67,2794400,4.20
20081201,4.83,4.83,4.33,4.33,2612400,3.89
20081128,4.87,4.89,4.54,4.78,1449900,4.30
20081126,4.02,4.98,3.70,4.83,4164200,4.34
20081125,4.00,4.16,3.61,4.15,7229200,3.73
20081124,3.11,3.85,3.07,3.81,3586600,3.43
20081121,3.13,3.96,2.55,3.02,7057200,2.68
20081120,4.41,4.41,2.95,2.98,5186500,2.64
20081119,5.27,5.27,4.22,4.29,3161100,3.81
20081118,5.08,5.19,4.77,5.15,2570000,4.57
20081117,5.54,5.82,5.10,5.12,1901000,4.54
20081114,6.08,6.29,5.61,5.63,3870600,5.00
20081113,5.28,6.30,5.06,6.26,3439100,5.56
20081112,6.32,6.47,5.28,5.41,3169200,4.80
20081111,6.83,6.91,6.29,6.56,2398700,5.82
20081110,7.15,7.53,6.72,6.87,1762300,6.10
20081107,7.65,7.69,6.84,7.09,2746000,6.29
20081106,8.00,8.32,7.42,7.61,2568400,6.75
20081105,8.73,9.21,8.14,8.19,2951600,7.27
20081104,8.63,9.14,8.37,8.87,2642600,7.87
20081103,8.02,8.55,8.01,8.41,2154200,7.46
20081031,7.40,8.71,7.16,8.19,3643700,7.27
20081030,7.60,9.25,7.15,7.45,5443300,6.61
20081029,5.64,7.27,5.52,7.14,6313200,6.34
20081028,5.30,5.69,4.85,5.69,5115000,5.05
20081027,5.54,5.66,5.18,5.18,2856800,4.60
20081024,5.64,5.91,5.42,5.63,3971600,5.00
20081023,6.12,6.40,5.68,6.14,4575900,5.45
20081022,7.25,7.32,6.08,6.12,4828400,5.43
20081021,7.86,8.17,7.46,7.53,3303500,6.68
20081020,8.66,8.76,7.73,8.05,3292300,7.14
20081017,7.96,8.84,7.95,8.60,2707300,7.63
20081016,8.61,8.78,7.92,8.64,3493300,7.67
20081015,9.73,9.73,8.54,8.54,3054300,7.58
20081014,10.80,10.87,9.48,9.63,3401100,8.55
20081013,10.25,10.49,9.68,10.29,3088900,9.13
20081010,8.21,9.90,7.50,9.90,6934700,8.79
20081009,10.11,10.53,8.45,8.63,6128100,7.66
20081008,10.09,10.80,9.48,9.98,5417800,8.86
20081007,12.02,12.17,10.24,10.31,4511400,9.15
20081006,12.33,12.63,11.05,11.83,4433100,10.50
20081003,14.43,14.48,12.45,12.70,5024500,11.27
20081002,14.70,14.70,14.11,14.17,5496400,12.57
20081001,15.36,15.40,15.06,15.29,3437100,13.57
20080930,15.00,15.84,14.70,15.71,3178600,13.94
20080929,15.05,15.35,14.38,14.88,3733600,13.20
20080926,14.97,15.80,14.95,15.77,2481800,13.99
20080925,15.26,15.60,15.00,15.32,2736400,13.59
20080924,15.57,15.74,15.05,15.15,1690200,13.44
20080923,15.96,16.16,15.41,15.51,2068000,13.76
20080922,16.78,17.00,15.60,15.83,2427500,14.05
20080919,18.99,20.00,16.80,17.14,4021900,15.21
20080918,17.02,17.63,15.39,16.63,3572800,14.76
20080917,18.04,18.05,16.66,16.88,3039800,14.98
20080916,17.72,18.62,17.72,18.32,3565200,16.26
20080915,18.74,19.24,18.38,18.40,3586800,16.33
20080912,19.41,19.68,18.47,19.25,2594700,17.08
20080911,19.51,19.98,19.05,19.82,1976900,17.59
20080910,19.98,20.14,19.18,19.88,1739100,17.64
20080909,20.85,20.96,19.71,19.71,2696200,17.49
20080908,20.88,20.88,19.95,20.55,1900100,18.24
20080905,18.50,20.04,18.50,19.89,2099000,17.65
20080904,19.57,19.57,18.88,18.95,1851000,16.82
20080903,20.35,20.60,19.20,19.72,2019100,17.50
20080902,19.95,20.39,19.48,19.51,2043700,17.31
20080829,19.17,19.57,19.09,19.28,1237000,17.11
20080828,18.79,19.44,18.71,19.33,1421700,17.15
20080827,18.01,18.95,17.92,18.63,1483700,16.53
20080826,18.24,18.41,17.90,18.04,1580300,16.01
20080825,18.57,18.68,17.98,18.27,1771500,16.18
20080822,17.81,18.72,17.81,18.65,1934800,16.51
20080821,17.57,17.98,17.40,17.83,2190300,15.79
20080820,18.16,18.47,17.57,17.85,1989300,15.81
20080819,18.37,18.56,17.98,18.04,1558700,15.97
20080818,19.61,19.64,18.54,18.70,1573500,16.56
20080815,19.34,19.80,19.09,19.65,1866400,17.40
20080814,18.21,19.39,18.21,19.23,3412400,17.03
20080813,19.25,19.35,18.38,18.61,1935800,16.48
20080812,20.34,20.34,19.27,19.37,2170600,17.15
20080811,19.29,20.64,19.09,20.12,2108000,17.82
20080808,18.42,19.86,18.42,19.75,1648400,17.49
20080807,18.63,19.08,18.24,18.44,2129100,16.33
20080806,19.27,19.53,18.13,19.16,1894000,16.97
20080805,18.29,19.55,18.29,19.34,2858400,17.12
20080804,18.04,18.40,17.63,18.19,1756200,16.11
20080801,17.70,18.32,17.44,18.03,2179700,15.96
20080731,18.96,19.07,17.28,17.94,4589100,15.89
20080730,18.04,18.35,16.98,17.48,2415600,15.48
20080729,17.00,18.14,17.00,18.03,2123000,15.96
20080728,17.24,18.04,17.02,17.09,2011000,15.13
20080725,16.93,18.15,16.23,17.48,1982400,15.48
20080724,19.42,19.50,17.66,17.79,2300400,15.75
20080723,18.10,19.57,18.00,19.45,3346800,17.22
20080722,17.14,18.74,16.89,18.10,4129600,16.03
20080721,16.88,17.27,15.65,16.99,1721700,15.04
20080718,17.37,17.39,16.47,16.85,1649300,14.92
20080717,16.22,17.46,15.95,17.38,2869900,15.39
20080716,15.29,16.22,14.91,16.16,2608400,14.31
20080715,15.12,15.60,14.62,15.23,2464800,13.49
20080714,16.01,16.16,15.20,15.28,1498700,13.53
20080711,15.63,16.11,15.04,15.75,2191000,13.95
20080710,16.44,16.47,15.61,15.84,2319800,14.03
20080709,17.77,17.94,16.61,16.66,1676900,14.75
20080708,17.34,17.77,16.70,17.71,2356700,15.68
20080707,17.78,18.00,17.09,17.43,1725400,15.43
20080703,17.55,17.86,17.39,17.64,872500,15.62
20080702,17.64,18.26,17.40,17.43,1984900,15.43
20080701,17.67,18.00,17.15,17.74,3161600,15.71
20080630,18.00,18.48,17.50,17.91,2212900,15.86
20080627,17.94,18.19,17.59,18.00,1874100,15.94
20080626,18.72,18.89,17.96,17.96,1692800,15.90
20080625,18.25,19.68,18.22,19.06,2119000,16.88
20080624,18.53,18.97,18.00,18.39,1989700,16.28
20080623,19.01,19.16,18.41,18.51,1796800,16.39
20080620,19.58,19.89,18.66,18.86,1824500,16.70
20080619,19.11,19.76,18.64,19.70,1927500,17.44
20080618,19.27,19.46,18.76,18.86,1654100,16.70
20080617,20.09,20.18,19.30,19.44,1571700,17.21
20080616,19.82,20.27,19.28,20.01,1618100,17.72
20080613,19.72,20.04,19.55,19.96,1201400,17.67
20080612,19.52,20.00,19.35,19.48,1003800,17.25
20080611,19.81,19.90,19.25,19.29,1185400,17.08
20080610,19.90,20.19,19.63,20.01,1531800,17.72
20080609,20.44,20.74,19.86,20.08,1525800,17.78
20080606,21.39,21.39,20.43,20.50,1566000,18.15
20080605,21.75,21.96,21.39,21.61,1215800,19.13
20080604,21.05,22.28,21.05,21.71,2439600,19.22
20080603,20.88,21.50,20.88,21.33,2701900,18.89
20080602,21.73,21.73,20.77,20.89,3867300,18.50
20080530,22.15,22.23,21.83,21.88,1665000,19.37
20080529,21.85,22.18,21.77,22.12,1454100,19.59
20080528,21.40,22.10,21.35,21.98,2092000,19.46
20080527,21.36,21.91,21.09,21.38,1850000,18.93
20080523,22.03,22.16,21.25,21.27,1808500,18.80
20080522,22.60,22.89,21.93,22.09,1679900,19.52
20080521,23.47,23.78,22.45,22.60,1134300,19.97
20080520,24.04,24.24,23.18,23.33,1276800,20.62
20080519,23.72,24.43,23.61,24.21,1328600,21.40
20080516,23.60,24.22,23.57,23.75,730400,20.99
20080515,23.59,24.24,23.53,24.19,903800,21.38
20080514,23.43,23.94,23.34,23.79,730600,21.03
20080513,23.45,23.71,23.00,23.34,783300,20.63
20080512,22.99,23.44,22.88,23.43,729500,20.71
20080509,22.85,23.03,22.26,22.88,1174700,20.22
20080508,23.80,23.80,22.87,22.91,2199900,20.25
20080507,23.54,24.23,23.19,23.61,1554500,20.87
20080506,23.48,23.83,22.92,23.76,1515500,21.00
20080505,23.90,23.92,23.23,23.45,1882800,20.72
20080502,22.98,23.89,22.98,23.82,2153700,21.05
20080501,21.71,22.98,21.24,22.98,2174900,20.31
20080430,21.50,22.12,21.14,21.48,1244800,18.98
20080429,21.51,21.59,21.10,21.53,978700,19.03
20080428,21.29,21.46,20.93,21.32,747100,18.84
20080425,21.09,21.43,20.70,21.41,741500,18.92
20080424,20.23,21.44,20.18,21.17,1511800,18.71
20080423,19.90,20.14,19.54,20.06,1476000,17.73
20080422,20.06,20.27,19.61,19.80,873400,17.50
20080421,20.35,20.69,20.11,20.19,497300,17.84
20080418,20.54,20.96,20.35,20.69,873900,18.29
20080417,19.89,20.21,19.69,20.11,956800,17.77
20080416,19.30,20.28,19.29,19.91,1160600,17.60
20080415,19.49,19.59,19.11,19.20,827200,16.97
20080414,19.55,19.76,19.33,19.39,998100,17.14
20080411,19.40,19.88,19.26,19.55,1355600,17.28
20080410,19.88,20.24,19.60,19.71,1586200,17.42
20080409,20.40,20.90,19.85,19.92,1022200,17.61
20080408,20.84,20.84,20.32,20.38,884200,18.01
20080407,21.18,21.31,20.82,20.91,1088700,18.48
20080404,21.19,21.26,20.87,21.13,1174300,18.67
20080403,21.60,21.62,20.68,21.20,1370900,18.74
20080402,21.72,22.22,21.36,21.75,1760300,19.22
20080401,20.76,21.64,20.54,21.61,1241900,19.10
20080331,20.28,20.88,20.03,20.68,1130000,18.28
20080328,20.79,20.86,20.30,20.36,1618000,17.99
20080327,21.67,21.85,20.52,20.54,1385200,18.15
20080326,21.77,21.88,21.29,21.67,1371700,19.15
20080325,21.86,22.02,21.23,21.90,1500600,19.36
20080324,20.73,21.85,20.73,21.83,1236900,19.29
20080320,19.40,20.60,19.40,20.58,2164600,18.19
20080319,19.96,20.21,19.35,19.38,1748200,17.13
20080318,19.43,19.95,19.39,19.90,1645200,17.59
20080317,20.21,20.46,18.89,19.25,2295200,17.01
20080314,20.60,20.93,20.16,20.67,2373000,18.27
20080313,20.12,20.72,19.97,20.60,1387200,18.21
20080312,20.79,20.80,20.39,20.44,787500,18.06
20080311,20.06,20.91,20.06,20.67,1433300,18.27
20080310,20.42,20.86,20.16,20.22,1089200,17.87
20080307,20.16,20.65,19.91,20.36,1461100,17.99
20080306,21.12,21.20,20.02,20.14,1995500,17.80
20080305,22.23,22.23,21.21,21.33,1655500,18.85
20080304,21.69,22.08,21.40,22.06,1811400,19.50
20080303,22.05,22.10,21.62,21.78,1297000,19.21
20080229,22.36,22.66,22.05,22.17,1201900,19.56
20080228,23.06,23.08,22.56,22.65,951600,19.98
20080227,23.50,23.63,22.95,23.19,730900,20.46
20080226,22.85,23.67,22.82,23.48,1446600,20.71
20080225,22.75,23.05,22.33,23.05,1714000,20.33
20080222,23.14,23.14,22.45,22.77,1569600,20.09
20080221,23.51,23.76,22.93,23.00,1427200,20.29
20080220,23.10,23.42,22.67,23.39,1384400,20.63
20080219,23.20,23.48,22.85,23.15,1738100,20.42
20080215,22.55,22.93,22.43,22.90,1190100,20.20
20080214,23.04,23.11,22.64,22.75,1898700,20.07
20080213,23.49,23.97,22.74,22.99,2781700,20.28
20080212,23.35,24.10,23.06,23.45,3406200,20.69
20080211,22.55,23.24,22.35,22.64,1489700,19.97
20080208,22.73,23.04,22.26,22.61,1406800,19.95
20080207,22.31,23.06,22.19,22.92,1273600,20.22
20080206,22.96,23.26,22.19,22.37,2007400,19.73
20080205,23.64,23.80,22.80,22.95,1906300,20.25
20080204,24.52,24.96,23.99,24.02,1915100,21.19
20080201,23.69,25.00,23.41,24.94,1433200,22.00
20080131,22.70,23.90,22.06,23.56,1631700,20.78
20080130,23.00,23.59,22.86,22.90,928300,20.20
20080129,22.72,23.17,22.35,23.01,1451500,20.30
20080128,21.86,22.66,21.36,22.62,1879300,19.95
20080125,21.25,22.66,21.25,21.79,2140200,19.22
20080124,22.00,22.20,21.15,22.15,3262900,19.54
20080123,19.97,21.99,19.91,21.96,2673400,19.37
20080122,19.70,20.77,19.53,20.60,3087000,18.17
20080118,21.38,21.61,20.36,20.45,2757000,18.04
20080117,22.48,22.48,21.23,21.28,2822600,18.77
20080116,21.10,22.88,21.10,22.45,2806400,19.80
20080115,22.21,22.39,21.08,21.12,2895300,18.63
20080114,22.71,22.71,22.05,22.44,1798300,19.80
20080111,22.85,22.90,22.16,22.26,1308100,19.64
20080110,22.51,23.45,22.45,23.11,1580800,20.39
20080109,22.38,22.99,22.10,22.88,1397500,20.18
20080108,23.04,23.04,22.26,22.29,2722700,19.66
20080107,22.02,23.32,21.81,22.96,1993600,20.25
20080104,22.83,22.96,21.85,21.93,1973300,19.35
20080103,23.39,23.72,22.99,23.00,1386800,20.29
20080102,23.59,23.89,23.20,23.36,2030000,20.61
20071231,23.81,23.89,23.28,23.56,1086900,20.78
20071228,24.07,24.09,23.57,23.93,1073700,21.11
20071227,24.22,24.45,23.69,23.69,872000,20.90
20071226,24.51,24.79,24.27,24.43,786200,21.55
20071224,23.99,24.88,23.99,24.80,579700,21.88
20071221,24.35,24.91,23.88,24.35,2508700,21.48
20071220,25.01,25.01,23.98,24.11,1800600,21.27
20071219,24.81,25.12,24.02,24.88,2584200,21.95
20071218,25.42,25.51,24.24,24.76,2506600,21.84
20071217,25.14,26.06,24.38,25.29,2908600,22.31
20071214,26.22,26.49,25.12,25.20,1819700,22.23
20071213,27.33,27.39,26.20,26.45,1840200,23.33
20071212,28.13,28.47,27.11,27.41,3783600,24.18
20071211,30.58,30.58,27.31,27.46,5251900,24.22
20071210,29.95,30.85,29.90,30.59,1530400,26.99
20071207,29.78,30.10,29.70,29.93,1204500,26.40
20071206,29.75,30.07,29.69,29.78,1437900,26.27
20071205,29.50,29.93,29.36,29.86,2200900,26.34
20071204,28.69,29.57,28.57,29.12,1903800,25.69
20071203,28.98,29.34,28.76,28.92,1056000,25.51
20071130,28.87,29.35,28.70,29.17,1749200,25.73
20071129,28.37,28.80,27.90,28.59,1413800,25.22
20071128,27.63,28.53,27.42,28.52,1913800,25.16
20071127,27.71,27.79,27.08,27.48,1761300,24.24
20071126,28.22,28.27,27.55,27.62,1405600,24.37
20071123,28.06,28.39,27.70,28.28,847900,24.95
20071121,27.25,28.23,27.25,27.93,2371000,24.64
20071120,27.11,27.37,26.73,27.22,1777100,24.01
20071119,27.72,27.93,26.84,26.87,1353400,23.70
20071116,27.71,28.14,27.37,27.95,1902800,24.66
20071115,28.09,28.29,27.40,27.58,1940600,24.33
20071114,29.21,29.25,28.26,28.26,1564900,24.93
20071113,29.38,29.61,28.89,29.09,2448100,25.66
20071112,28.91,29.44,28.87,29.19,1884300,25.75
20071109,29.10,29.50,28.67,29.10,2151400,25.67
20071108,29.54,30.41,29.10,29.44,2938000,25.97
20071107,29.95,30.40,29.51,29.51,2213800,26.00
20071106,31.24,31.24,30.10,30.52,3196800,26.89
20071105,30.97,31.42,30.66,31.06,2124100,27.36
20071102,32.45,32.49,31.23,31.78,1794800,28.00
20071101,32.55,32.83,32.01,32.35,1305400,28.50
20071031,32.50,33.35,32.06,32.83,1708800,28.92
20071030,31.44,32.76,31.12,32.62,1756300,28.74
20071029,31.74,32.03,31.31,31.58,1010500,27.82
20071026,31.62,31.74,30.84,31.58,1315900,27.82
20071025,30.99,31.79,30.53,31.36,2290000,27.63
20071024,31.90,32.30,31.22,32.25,1492000,28.41
20071023,31.66,32.20,31.50,32.06,935700,28.24
20071022,30.00,31.48,29.85,31.45,1278500,27.71
20071019,31.87,31.96,30.19,30.29,1542800,26.68
20071018,32.20,32.30,31.96,32.08,609400,28.26
20071017,32.68,32.88,32.09,32.49,498900,28.62
20071016,32.23,32.80,32.00,32.48,875400,28.61
20071015,32.62,32.71,32.15,32.21,525900,28.38
20071012,32.63,32.81,32.37,32.63,667400,28.75
20071011,33.60,33.60,32.31,32.55,871800,28.68
20071010,33.20,33.57,33.04,33.21,948000,29.26
20071009,33.45,33.80,33.24,33.46,781800,29.48
20071008,33.18,33.60,33.01,33.40,703300,29.42
20071005,33.00,33.42,32.94,33.18,912200,29.23
20071004,32.33,32.65,31.84,32.62,1732400,28.74
20071003,32.37,32.94,32.13,32.60,1429700,28.72
20071002,32.63,32.64,32.00,32.10,1259000,28.28
20071001,32.96,33.00,32.46,32.78,820700,28.88
20070928,32.25,32.77,32.15,32.76,1175300,28.86
20070927,32.19,32.19,31.64,31.74,579000,27.96
20070926,30.95,32.22,30.83,31.90,2283800,28.10
20070925,30.94,31.17,30.36,30.63,1545500,26.98
20070924,31.95,32.27,31.24,31.32,1014500,27.59
20070921,31.85,32.12,31.50,32.10,1173900,28.28
20070920,31.96,32.00,31.40,31.50,760400,27.75
20070919,31.13,32.38,31.12,31.95,1374100,28.15
20070918,29.64,30.92,29.23,30.84,1485200,27.17
20070917,29.98,30.04,29.53,29.64,1314800,26.11
20070914,29.84,30.37,29.66,30.20,667700,26.61
20070913,30.11,30.30,29.87,30.05,824600,26.47
20070912,30.19,30.43,29.69,29.91,1652000,26.35
20070911,30.17,30.38,29.70,30.33,1007400,26.72
20070910,30.38,30.43,29.90,30.07,570000,26.49
20070907,31.20,31.26,30.09,30.19,1024700,26.60
20070906,31.69,31.88,31.32,31.64,530500,27.87
20070905,31.45,31.90,31.29,31.69,691900,27.92
20070904,31.77,32.00,31.18,31.76,666200,27.98
20070831,31.49,32.04,31.10,31.90,1296900,28.10
20070830,31.07,31.55,30.79,31.43,697000,27.69
20070829,30.50,31.29,29.77,31.24,1023300,27.52
20070828,30.93,31.27,30.25,30.34,878800,26.73
20070827,32.05,32.05,31.00,31.04,831500,27.35
20070824,31.01,32.05,30.80,32.05,990700,28.24
20070823,30.99,31.23,30.57,30.73,654200,27.07
20070822,30.50,30.82,30.00,30.72,1271200,27.06
20070821,29.21,30.37,29.01,30.20,1804000,26.61
20070820,28.71,29.18,28.50,29.00,885800,25.55
20070817,28.75,29.09,27.52,28.65,4176800,25.24
20070816,28.93,29.20,28.01,28.32,3913400,24.95
20070815,31.26,31.26,29.21,29.24,2506100,25.76
20070814,31.74,32.04,31.25,31.36,1903900,27.63
20070813,31.56,31.74,31.24,31.45,1304500,27.71
20070810,30.66,31.15,29.69,30.98,2692400,27.29
20070809,31.67,31.81,30.57,30.66,3554200,27.01
20070808,31.23,32.10,31.15,31.99,1586700,28.15
20070807,30.82,31.39,30.69,31.11,2096000,27.37
20070806,30.80,31.08,30.20,30.96,3618600,27.24
20070803,32.26,32.42,30.63,30.63,2033200,26.95
20070802,33.59,33.77,31.73,32.16,2492000,28.30
20070801,33.00,36.00,30.91,33.59,5161900,29.55
20070731,33.11,34.65,33.11,33.65,1597300,29.61
20070730,33.48,33.93,33.25,33.82,1185400,29.76
20070727,34.80,35.00,33.48,33.76,1539800,29.70
20070726,35.80,35.90,33.99,34.95,2427200,30.75
20070725,36.71,36.96,36.04,36.25,1108900,31.90
20070724,38.03,38.19,36.28,36.39,1077600,32.02
20070723,36.20,38.73,36.20,38.43,1617400,33.81
20070720,38.00,38.00,36.94,37.09,1260100,32.63
20070719,36.80,37.87,36.69,37.42,1436900,32.92
20070718,36.85,37.01,35.93,36.53,1033100,32.14
20070717,37.25,37.50,37.02,37.05,562600,32.60
20070716,37.60,37.60,37.11,37.30,614800,32.82
20070713,37.94,37.94,37.56,37.80,553500,33.26
20070712,37.85,37.94,37.70,37.94,630800,33.38
20070711,37.69,38.00,37.57,37.88,605100,33.33
20070710,38.35,38.38,37.67,37.69,826700,33.16
20070709,38.68,38.74,38.29,38.68,675700,34.03
20070706,38.90,38.92,38.06,38.53,707100,33.90
20070705,39.40,39.40,38.67,38.69,2348300,34.04
20070703,37.76,37.80,37.10,37.43,835600,32.93
20070702,36.25,37.83,36.04,37.75,1324700,33.22
20070629,36.50,37.09,35.97,36.26,693000,31.90
20070628,36.35,36.75,36.25,36.47,420100,32.09
20070627,36.20,36.54,36.05,36.44,829900,32.06
20070626,36.83,37.37,36.56,36.73,787500,32.32
20070625,37.01,37.13,36.55,36.75,772200,32.34
20070622,36.80,37.20,36.62,36.98,1665500,32.54
20070621,36.47,36.94,36.22,36.84,823700,32.41
20070620,37.28,37.40,36.60,36.60,850100,32.20
20070619,37.18,37.40,36.85,37.24,778500,32.77
20070618,37.50,37.90,37.36,37.45,713400,32.95
20070615,37.39,37.74,37.20,37.45,1210500,32.95
20070614,36.28,37.22,36.27,37.21,1289600,32.74
20070613,36.26,36.34,35.94,36.19,1026600,31.84
20070612,36.46,36.71,36.13,36.17,1119700,31.82
20070611,37.00,37.40,36.35,36.47,1678400,32.09
20070608,35.62,36.37,35.46,35.66,1445300,31.38
20070607,36.70,36.79,35.66,35.66,986200,31.38
20070606,37.50,37.50,36.64,36.79,1480500,32.37
20070605,37.80,37.94,37.49,37.59,626100,33.07
20070604,37.85,38.14,37.56,37.80,882600,33.26
20070601,37.30,38.73,37.20,38.04,2525900,33.47
20070531,37.31,37.41,37.10,37.20,1125500,32.73
20070530,36.77,37.49,36.75,37.28,1020300,32.80
20070529,36.89,37.28,36.71,36.89,1071800,32.46
20070525,37.00,37.03,36.75,36.93,1170400,32.49
20070524,36.90,37.01,36.71,36.95,1157500,32.51
20070523,36.90,37.00,36.83,36.95,804500,32.51
20070522,36.58,36.99,36.54,36.87,780300,32.44
20070521,36.27,36.46,36.13,36.37,601900,32.00
20070518,36.13,36.48,36.11,36.40,682800,32.03
20070517,36.25,36.42,36.05,36.08,000,31.75
20070516,36.25,36.47,35.86,36.41,962800,32.04
20070515,36.29,36.69,36.14,36.20,964300,31.85
20070514,36.55,36.86,35.99,36.16,1036600,31.82
20070511,36.30,36.77,36.24,36.70,784200,32.29
20070510,36.77,36.85,35.76,35.94,1503000,31.62
20070509,36.50,37.00,36.46,36.97,420700,32.53
20070508,36.65,36.79,36.13,36.59,600600,32.19
20070507,36.75,36.90,36.40,36.84,443000,32.41
20070504,37.40,37.60,36.61,36.80,652000,32.38
20070503,36.90,37.62,36.90,37.30,1135900,32.82
20070502,36.08,37.40,35.97,36.70,2597200,32.29
20070501,35.56,36.21,35.34,36.08,2796100,31.75
20070430,35.70,35.73,34.53,34.60,868700,30.44
20070427,35.33,35.79,35.09,35.70,753000,31.41
20070426,34.84,35.98,34.84,35.49,843400,31.23
20070425,35.31,35.89,35.25,35.73,844200,31.44
20070424,35.47,35.59,35.07,35.20,650000,30.97
20070423,35.10,35.65,35.10,35.53,538800,31.26
20070420,35.31,35.36,34.63,35.18,1324400,30.95
20070419,36.73,36.73,34.90,34.95,870000,30.75
20070418,35.00,35.91,34.95,35.83,855500,31.53
20070417,35.15,35.37,34.97,35.09,755800,30.87
20070416,34.95,35.40,34.89,35.21,633700,30.98
20070413,34.41,35.04,34.37,34.91,518900,30.72
20070412,34.70,34.71,34.33,34.40,581700,30.27
20070411,35.02,35.10,34.66,34.69,1128200,30.52
20070410,34.70,35.00,34.49,34.68,569000,30.51
20070409,34.66,34.87,34.50,34.70,474400,30.53
20070405,34.76,34.93,34.60,34.71,459600,30.54
20070404,34.79,35.00,34.70,34.83,571900,30.65
20070403,34.93,35.01,34.78,34.86,875000,30.67
20070402,34.35,34.99,34.35,34.85,882400,30.66
20070330,33.91,34.47,33.83,34.15,961200,30.05
20070329,34.39,34.39,33.57,34.00,834200,29.92
20070328,33.60,33.90,33.06,33.62,740600,29.58
20070327,34.45,34.50,33.74,33.78,887000,29.72
20070326,34.32,34.65,33.73,34.60,870800,30.44
20070323,34.41,34.69,34.25,34.38,647700,30.25
20070322,34.71,34.71,34.21,34.40,1040800,30.27
20070321,34.03,34.63,33.72,34.57,871900,30.42
20070320,33.69,34.21,33.58,34.03,907900,29.94
20070319,32.90,33.95,32.86,33.79,952700,29.73
20070316,33.13,33.20,32.75,32.92,1930500,28.97
20070315,32.69,33.30,32.54,33.12,1941000,29.14
20070314,33.32,33.50,32.24,32.60,1627100,28.68
20070313,33.88,34.24,33.24,33.27,884400,29.27
20070312,34.30,35.00,33.95,34.11,1158600,30.01
20070309,34.80,34.95,34.17,34.41,1242000,30.28
20070308,34.81,34.88,34.40,34.69,829300,30.52
20070307,34.25,34.78,34.25,34.57,830100,30.42
20070306,34.07,34.59,33.96,34.38,993100,30.25
20070305,34.45,34.50,33.82,33.86,1178400,29.79
20070302,34.90,35.26,34.75,34.77,662200,30.59
20070301,35.00,35.24,34.66,35.15,1660900,30.93
20070228,34.24,35.24,34.21,35.20,2014400,30.97
20070227,35.25,35.58,34.20,34.24,1574100,30.13
20070226,35.48,35.62,35.30,35.39,1188400,31.14
20070223,35.21,35.55,35.21,35.48,1424600,31.22
20070222,35.05,35.35,35.04,35.29,1325100,31.05
20070221,35.15,35.35,34.91,35.00,1050300,30.80
20070220,34.70,35.33,34.50,35.33,725300,31.09
20070216,34.48,34.80,34.44,34.67,900200,30.51
20070215,34.78,34.79,34.44,34.69,1105000,30.52
20070214,34.81,35.05,34.61,34.85,877300,30.66
20070213,34.50,35.10,34.40,34.82,1696500,30.64
20070212,33.75,33.92,33.63,33.86,1363000,29.79
20070209,33.94,33.97,33.75,33.91,1844500,29.84
20070208,33.00,33.87,32.90,33.87,1389100,29.80
20070207,32.89,33.05,32.66,33.04,829400,29.07
20070206,32.80,32.89,32.72,32.89,853300,28.94
20070205,32.42,32.82,32.35,32.78,763500,28.84
20070202,32.16,32.65,32.09,32.55,2050800,28.64
20070201,31.18,32.27,31.09,32.15,1278700,28.29
20070131,30.64,31.40,30.45,31.20,1017500,27.45
20070130,30.05,30.70,29.99,30.63,1082300,26.95
20070129,30.37,30.47,29.72,30.00,1218800,26.40
20070126,30.20,30.63,30.20,30.39,1344700,26.74
20070125,30.95,31.29,29.95,29.95,944500,26.35
20070124,31.08,31.34,30.98,31.09,973200,27.36
20070123,30.93,31.41,30.90,30.99,773100,27.27
20070122,31.35,31.36,30.84,30.87,737900,27.16
20070119,31.67,31.95,31.28,31.29,621200,27.53
20070118,32.07,32.11,31.59,31.63,631300,27.83
20070117,32.30,32.50,31.92,31.99,665300,28.15
20070116,32.50,32.65,32.22,32.41,608100,28.52
20070112,32.66,32.75,32.35,32.51,543500,28.60
20070111,32.43,32.89,32.42,32.72,849600,28.79
20070110,32.30,32.53,32.20,32.45,980000,28.55
20070109,32.40,32.51,32.07,32.30,1077300,28.42
20070108,32.03,32.44,31.95,32.27,781900,28.39
20070105,32.30,32.55,32.15,32.24,732700,28.37
20070104,32.31,32.47,32.23,32.26,1742900,28.38
20070103,32.03,32.90,31.90,32.59,1407700,28.68
20061229,32.35,32.44,32.00,32.02,659500,28.17
20061228,32.73,32.87,32.37,32.38,889900,28.49
20061227,32.82,33.04,32.66,33.01,863300,29.04
20061226,32.65,32.87,32.41,32.82,604500,28.88
20061222,32.09,32.68,32.08,32.65,793600,28.73
20061221,32.68,32.69,32.12,32.15,901800,28.29
20061220,32.45,32.89,32.41,32.69,827700,28.76
20061219,32.40,32.50,32.14,32.49,1007400,28.59
20061218,31.55,32.80,31.55,32.40,2161700,28.51
20061215,32.10,32.17,31.20,31.34,1178400,27.58
20061214,32.35,32.70,31.92,32.00,558900,28.16
20061213,32.40,32.55,32.16,32.39,851700,28.50
20061212,33.10,33.18,32.06,32.31,1880100,28.43
20061211,32.57,33.39,32.50,33.25,1478900,29.26
20061208,32.41,32.70,32.40,32.56,1650100,28.65
20061207,32.38,32.49,32.15,32.40,828900,28.51
20061206,31.83,32.50,31.77,32.29,2031200,28.41
20061205,31.70,31.86,31.40,31.76,1338300,27.94
20061204,31.27,31.67,31.10,31.65,1927600,27.85
20061201,31.55,31.62,30.75,31.16,851400,27.42
20061130,31.70,31.85,31.36,31.74,1457600,27.93
20061129,31.44,31.76,30.81,31.70,1094700,27.89
20061128,31.30,31.45,30.93,31.44,1210000,27.66
20061127,31.52,31.53,31.23,31.35,1453300,27.58
20061124,31.50,31.67,31.22,31.64,323600,27.84
20061122,31.73,31.87,31.36,31.68,761600,27.87
20061121,31.00,31.75,30.95,31.60,2240400,27.80
20061120,30.55,31.00,30.44,30.94,1434900,27.22
20061117,30.55,30.77,30.27,30.74,921300,27.05
20061116,30.14,30.74,30.10,30.71,898000,27.02
20061115,30.25,30.34,29.86,30.07,1201400,26.46
20061114,29.95,30.25,29.82,30.05,1265800,26.44
20061113,29.95,30.07,29.94,29.99,821800,26.39
20061110,29.80,30.05,29.75,29.94,1234800,26.34
20061109,29.85,30.07,29.77,29.91,2385300,26.32
20061108,29.95,30.04,29.80,29.95,1319600,26.35
20061107,30.35,30.37,29.94,30.00,1046000,26.40
20061106,30.55,30.65,30.20,30.35,1458900,26.70
20061103,30.09,30.34,29.83,30.02,2053500,26.41
20061102,30.00,30.65,30.00,30.06,2128900,26.45
20061101,29.43,29.59,29.08,29.43,1662200,25.89
20061031,29.02,29.77,29.01,29.50,1519800,25.96
20061030,29.20,29.30,28.89,29.01,1154400,25.53
20061027,29.10,29.54,29.05,29.27,981700,25.75
20061026,29.62,29.70,28.87,29.20,1599200,25.69
20061025,29.51,30.05,29.50,29.60,948700,26.04
20061024,29.72,29.78,29.40,29.56,670500,26.01
20061023,29.75,30.03,29.61,29.90,818800,26.31
20061020,29.89,30.05,29.73,29.90,1272900,26.31
20061019,29.88,29.97,29.70,29.88,1217700,26.29
20061018,29.95,30.26,29.51,29.82,854900,26.24
20061017,29.70,29.95,29.38,29.76,687500,26.18
20061016,29.41,30.05,29.22,29.87,1426200,26.28
20061013,28.90,29.50,28.90,29.49,1041700,25.95
20061012,28.59,29.43,28.50,29.10,1150700,25.60
20061011,29.00,29.04,28.20,28.59,1742000,25.16
20061010,28.80,29.30,28.63,29.24,1206700,25.73
20061009,28.27,29.05,28.10,29.00,782100,25.52
20061006,28.15,28.60,28.14,28.44,1086600,25.02
20061005,27.80,28.73,27.75,28.26,1809700,24.87
20061004,27.75,28.06,27.71,28.00,1165500,24.64
20061003,27.58,28.05,27.50,27.90,1077300,24.55
20061002,27.75,28.16,27.62,27.68,1024000,24.35
20060929,27.60,28.13,27.60,27.97,957600,24.61
20060928,27.88,28.08,27.63,27.72,785000,24.39
20060927,27.60,28.30,27.35,27.98,1075600,24.62
20060926,27.66,28.35,27.54,27.66,1120600,24.34
20060925,27.10,27.90,26.95,27.62,1091300,24.30
20060922,27.65,27.70,26.89,26.99,1252500,23.75
20060921,28.28,28.33,27.60,27.64,1241200,24.32
20060920,28.33,28.40,28.18,28.28,1268900,24.88
20060919,28.55,28.55,28.15,28.33,1194400,24.93
20060918,28.80,29.08,28.48,28.60,1243700,25.16
20060915,29.23,29.23,28.68,28.93,1411000,25.45
20060914,28.80,29.48,28.80,29.23,1131100,25.72
20060913,28.95,29.34,28.89,29.05,1091800,25.56
20060912,28.89,29.15,28.53,29.04,2140300,25.55
20060911,28.50,29.15,28.41,28.89,830800,25.42
20060908,28.40,28.70,28.07,28.54,1641900,25.11
20060907,28.75,28.85,28.45,28.60,897100,25.16
20060906,29.20,29.60,28.68,28.69,1354100,25.24
20060905,29.20,29.51,29.08,29.44,915200,25.90
20060901,29.35,29.56,29.20,29.45,1082100,25.91
20060831,29.05,29.37,29.01,29.26,833900,25.75
20060830,29.00,29.25,28.92,28.98,814000,25.50
20060829,28.65,29.14,28.65,28.82,914800,25.36
20060828,28.87,29.50,28.42,28.50,2152800,25.08
20060825,27.88,28.91,27.84,28.87,1702100,25.40
20060824,27.90,28.50,27.63,27.88,2342800,24.53
20060823,26.20,26.70,26.20,26.39,726200,23.22
20060822,26.40,26.70,26.35,26.45,1019600,23.27
20060821,27.10,27.40,27.03,27.04,711000,23.79
20060818,28.00,28.37,27.76,27.77,1160400,24.43
20060817,28.00,28.20,27.54,27.63,1096400,24.31
20060816,28.50,28.63,28.05,28.11,1192100,24.73
20060815,28.20,28.56,28.10,28.50,1081700,25.08
20060814,28.45,28.54,27.47,27.54,1329000,24.23
20060811,28.10,29.37,28.10,28.74,1714300,25.29
20060810,25.50,28.31,25.50,28.15,3774500,24.77
20060809,27.05,27.20,25.70,26.07,3400700,22.94
20060808,27.15,27.40,26.75,26.85,3244200,23.62
20060807,28.05,28.07,25.48,27.01,4562300,23.77
20060804,29.55,29.98,28.12,28.24,2460600,24.85
20060803,30.00,30.35,29.45,29.49,2120300,25.95
20060802,31.60,31.60,29.93,30.01,3424900,26.40
20060801,33.45,33.45,31.11,31.85,3637200,28.02
20060731,33.00,34.00,32.60,33.45,2573300,29.43
20060728,31.50,33.05,31.15,33.00,441200,29.04
20060727,32.20,32.40,31.20,31.52,615000,27.73
20060726,33.75,33.75,31.74,32.24,252200,28.37
20060725,32.30,34.87,31.85,34.41,651000,30.28
20060724,32.90,32.98,31.95,32.40,247000,28.51
20060721,32.82,33.10,32.74,32.90,490800,28.95
20060720,32.55,32.90,32.55,32.77,729700,28.83
20060719,32.50,33.83,32.45,32.50,601100,28.60
